0 0.9953376185447818 0.5265847305652945 0.008495895096175446 0.010498992313972905
0 0.9939907083466075 0.52285482540112 0.007459810328349192 0.008012388871189983
0 0.9783458283524307 0.525341428843903 0.006009291653392381 0.009670124499711932
0 0.9757556164328649 0.5245125610296419 0.004144339071305296 0.008012388871189912
0 0.9708860180240815 0.5111125313657554 0.00642372556052294 0.008288678142610237
0 0.9625973398814713 0.5281043215581065 0.005594857746261823 0.00967012449971179
0 0.9588674347172966 0.5261702966581641 0.003522688210609459 0.009117545956871212
0 0.9545158786924262 0.5242362717582216 0.003937122117739733 0.007459810328349192
0 0.9504751480979039 0.526861019836715 0.006630942514088076 0.009393835228291536
0 0.9387673902214668 0.5265847305652945 0.005594857746261823 0.009393835228291608
0 0.9341050087662487 0.5261702966581641 0.007045376421218492 0.010222703042552581
0 0.9271632408218125 0.5281043215581065 0.004765989932000849 0.00801238887118977
0 0.9146266151311145 0.5282424661938165 0.006216508606957518 0.009393835228291536
0 0.9086173234777221 0.5275517430152658 0.004558772978435713 0.009117545956871283
0 0.9049910267903302 0.5263084412938742 0.0039371221177398755 0.009393835228291608
0 0.9006394707654597 0.5264465859295844 0.005594857746261823 0.009670124499711932
0 0.8964951316941547 0.5275517430152658 0.004351556024870433 0.009670124499711932
0 0.9594890855779924 0.5120795438157266 0.004351556024870433 0.0058020746998271025
0 0.9557591804138178 0.5120795438157266 0.003522688210609175 0.0058020746998271025
0 0.9469524598872945 0.5116651099085961 0.002486603442783064 0.007183521056928868
0 0.9443622479677287 0.5112506760014657 0.004765989932000991 0.006907231785508614
0 0.9314111883699002 0.5124939777228572 0.005387640792696686 0.007183521056928797
0 0.8194394428738039 0.5127702669942775 0.004765989932000849 0.005525785428406777
0 0.8159167546631945 0.5130465562656978 0.001036084767826253 0.004973206885566128
0 0.814362627511455 0.5129084116299877 0.0016577356285222321 0.004696917614145804
0 0.8131193257900634 0.5131847009014081 0.0024866034427832064 0.005249496156986595
0 0.8122904579758026 0.5195393541440758 0.006630942514088076 0.008564967414030561
0 0.8003754831458002 0.5166383167941623 0.005594857746261965 0.006630942514088218
0 0.8219260463165868 0.5211970897725979 0.005180423839131265 0.007459810328349192
0 0.821615220886239 0.5274135983795556 0.00580207469982696 0.007183521056928868
0 0.8156059292328465 0.5316960820865708 0.00953197986400184 0.007459810328349192
0 0.8024476526814529 0.5216115236797285 0.0039371221177398755 0.008288678142610308
0 0.8061775578456275 0.5210589451368878 0.0039371221177398755 0.007183521056928868
0 0.8100110714865846 0.5256177181153233 0.002901037349913764 0.004696917614145804
0 0.8181961411524122 0.5209208005011776 0.003108254303478901 0.005802074699827174
0 0.8149842783721507 0.525341428843903 0.007459810328349335 0.007459810328349192
0 0.8036909544028444 0.5272754537438454 0.0051804238391314076 0.0063546532426678225
0 0.8083533358580627 0.5304527803651793 0.0062165086069578025 0.007736099599769517
0 0.7992357899011913 0.5261702966581641 0.004558772978435713 0.0074598103283492635
0 0.7887713337461457 0.512355833087147 0.002693820396348343 0.004696917614145804
0 0.7915687626192769 0.5135991348085385 0.0029010373499136224 0.004973206885566057
0 0.7845233861980583 0.5133228455371182 0.00621650860695766 0.006630942514088147
0 0.7632836484576195 0.511526965272886 0.005594857746261823 0.005249496156986453
0 0.7958167101673647 0.5694095676354475 0.010568064631827951 0.02652377005635266
0 0.786284730303363 0.5605683109499965 0.006423725560523081 0.018787670456583284
0 0.7815187403713619 0.5658178071069829 0.0060092916533922396 0.02320829879930862
0 0.7740589300430127 0.566646674921244 0.013469101981741574 0.019340248999423933
0 0.7705362418324034 0.5615353233999677 0.009324762910436562 0.01740622409948159
0 0.7627656060737064 0.5707910139925492 0.009117545956871283 0.02210314171362725
0 0.7511614566740521 0.5645745053855914 0.012018583306784762 0.020721695356525557
0 0.7460846413117034 0.5687188444568965 0.010982498538958652 0.021274273899366137
0 0.7335480156210054 0.5625023358499389 0.011189715492523788 0.02210314171362725
0 0.7224619086052642 0.5714817371711 0.010153630724697677 0.0229320095278883
0 0.7126191033109144 0.5608446002214168 0.009531979864001556 0.013261885028176223
0 0.7101324998681315 0.5702384354497084 0.011604149399654347 0.022655720256467903
0 0.7048484675522174 0.5687188444568966 0.011396932446089067 0.02016911681368484
0 0.6847484230563876 0.5659559517426931 0.008910329003306003 0.01906395972800368
0 0.6735587075638637 0.5625023358499388 0.010568064631828094 0.020445406085105235
0 0.6653736378980362 0.5583579967786336 0.008288678142610308 0.014919620656698385
0 0.6642339446534272 0.5696858569068677 0.011396932446089067 0.012709306485335645
0 0.6560488749875997 0.5568384057858218 0.008288678142610166 0.01574848847095943
0 0.6475529798914244 0.5655415178355625 0.008703112049740724 0.018787670456583142
0 0.6395751271791619 0.5689951337283169 0.010153630724697677 0.019616538270844044
0 0.6404039949934228 0.5727250388924915 0.007252593374783984 0.022103141713627393
0 0.5840409836236734 0.5174671846084231 0.005594857746261894 0.008288678142610308
0 0.6477601968449895 0.5323868052651216 0.005802074699827246 0.008288678142610166
0 0.6124297062621133 0.5660940963784032 0.010568064631828165 0.021550563170786602
0 0.5985461703732412 0.5633312036641999 0.008081461189044958 0.020445406085105092
0 0.5931585295805446 0.5680281212783457 0.007667027281914472 0.013261885028176223
0 0.5915007939520224 0.5757642208781152 0.014712403703133106 0.02431345588499006
0 0.5805182954130639 0.5730013281639118 0.012225800260349971 0.02431345588499006
0 0.5827976819022817 0.5633312036641999 0.009739196817566978 0.016577356285220404
0 0.6759417025298642 0.5362548550650065 0.004144339071305012 0.008288678142610308
0 0.6707612786907328 0.5376363014221082 0.005387640792696544 0.009393835228291536
0 0.5272635383467932 0.5720343157139406 0.013054668074611087 0.01961653827084433
0 0.5158666059007041 0.5782508243208982 0.011811366353219555 0.01934024899942379
0 0.6491071070431635 0.5416424958577032 0.009324762910436562 0.010222703042552723
0 0.6151235266584617 0.5289331893723674 0.004351556024870362 0.00856496741403049
0 0.625277157383159 0.564988939292722 0.008910329003306074 0.018787670456583215
0 0.5678780612455833 0.5706528693568389 0.008495895096175517 0.01961653827084426
0 0.5454986302605357 0.5580817075072134 0.006838159467653426 0.019340248999423933
0 0.5120330922597468 0.5642982161141711 0.007045376421218777 0.014643331385278202
0 0.5182496008667046 0.5562858272429811 0.006630942514088147 0.01464333138527806
0 0.5747162207132367 0.5421950744005438 0.006009291653392452 0.014090752842437482
0 0.6052807213641119 0.535840421157876 0.004144339071305083 0.011327860128233952
0 0.5926404871966313 0.5368074336078472 0.005802074699827246 0.00718352105692901
0 0.5916044024288051 0.5196774987797861 0.003729905164174596 0.007736099599769588
0 0.6003075144785458 0.5187104863298148 0.0049732068855662705 0.00856496741403049
0 0.6045554620266336 0.5199537880512064 0.00310825430347883 0.007183521056928868
0 0.6083889756675908 0.5199537880512064 0.0049732068855662705 0.007183521056928868
0 0.6140874418906354 0.5192630648726555 0.004351556024870362 0.008012388871189841
0 0.6179209555315925 0.5187104863298149 0.004144339071305225 0.006907231785508472
0 0.6213400352654194 0.5189867756012352 0.0039371221177398755 0.003591760528464434
0 0.6249663319528114 0.5198156434154961 0.0029010373499135512 0.0063546532426678225
0 0.626727676058116 0.5159475936156114 0.0035226882106093173 0.006907231785508543
0 0.5349305656287077 0.5573909843286625 0.008910329003306003 0.014090752842437269
0 0.5880817142181958 0.5514507649931252 0.0062165086069578025 0.013261885028176294
0 0.667412174697364 0.5277409792572006 0.007535161947827618 0.006781645753044785
0 0.6713681347199735 0.5306294580038677 0.004521097168696428 0.005023441298551603
0 0.663927162296494 0.5354017272374919 0.0077235409965231835 0.010549226726958452
0 0.6599712022738844 0.5315085602311143 0.005086234314783553 0.01080039879188611
0 0.6595002546521452 0.5294991837116938 0.002260548584348214 0.007786334012755063
0 0.6570513270191012 0.5288712535493747 0.0033908228765223212 0.007535161947827404
0 0.6534721250938831 0.529248011646766 0.003014064779131047 0.00627930162318961
0 0.653660504142579 0.5333923507180711 0.004521097168696428 0.010046882597103348
0 0.64226357169649 0.5294991837116938 0.006970024801740422 0.007786334012755063
0 0.6372715269060542 0.5300015278415487 0.004897855266087845 0.006279301623189539
0 0.6372715269060542 0.5326388345232885 0.004897855266087845 0.004018753038841254
0 0.63133758687214 0.5352761412050281 0.0024489276330439225 0.008288678142610166
0 0.6322794821156184 0.5381646199516953 0.006593266704349006 0.00904219433739307
0 0.6398146440634459 0.5360296573998109 0.00697002480174028 0.010800398791885968
0 0.6385901802469239 0.5435648193476382 0.008665436240001654 0.007283989882899959
0 0.643958983134751 0.5401739964711161 0.005462992412174827 0.008539850207537754
0 0.6244617515947474 0.5389181361464781 0.004897855266087916 0.008539850207537896
0 0.6221070134860512 0.5456997818995228 0.006970024801740422 0.013060947376234325
0 0.6185278115608333 0.5428113031528556 0.008100299093914529 0.013814463571016945
0 0.6167382105982242 0.533517936750535 0.003767580973913738 0.004772269233624087
0 0.6330329983104012 0.5499697070032917 0.0077235409965231835 0.007535161947827548
0 0.6325620506886619 0.5600165896003949 0.0052746133634792615 0.015070323895655022
0 0.6016678867025693 0.5337691088154627 0.001883790486956869 0.004269925103768913
0 0.6019504552756128 0.5396716523412608 0.0035792019252179584 0.006530473688117127
0 0.6123113029538756 0.547960330483871 0.005462992412174969 0.007535161947827548
0 0.6137241458190933 0.5547419762369157 0.0033908228765223924 0.006028129558261952
0 0.6111810286617014 0.5542396321070606 0.005086234314783624 0.01255860324637915
0 0.604870330530396 0.5495929489059003 0.007158403850436201 0.011302742921741285
0 0.6040226248112655 0.5473324003215521 0.003955960022609446 0.007786334012755063
0 0.5945094828521331 0.5487138466786537 0.00527461336347919 0.010549226726958452
0 0.5849021513686531 0.538918136146478 0.0037675809739137374 0.009042194337392928
0 0.577743747518217 0.5389181410476711 0.0037675809739136663 0.00703281781797223
0 0.5882929742451755 0.5377878618543039 0.0033908228765223924 0.007786334012755063
0 0.5881987847208276 0.5431880612502469 0.0058397505095661726 0.010046882597103348
0 0.5815113284921307 0.5454486098345952 0.007158403850436059 0.010046882597103348
0 0.5799101065782175 0.5502208790682193 0.004709476217392137 0.0115539149866688
0 0.5752948198851731 0.5554954924316985 0.005651371460870607 0.01255860324637915
0 0.5985596323990905 0.5416810288606814 0.0035792019252180295 0.006530473688117198
0 0.5995957171669167 0.5470812282566244 0.00527461336347919 0.00879102227246527
0 0.6057180362495266 0.555118734334307 0.00621650860695766 0.007283989882899959
0 0.5709621017651724 0.5522302555876399 0.004144339071305012 0.013060947376234325
0 0.561543149330388 0.5402995825035798 0.0033908228765223212 0.007283989882899888
0 0.5595651693190833 0.5375366897893764 0.0028256857304352683 0.008288678142610237
0 0.5502404064086467 0.5380390339192316 0.0033908228765223924 0.008288678142610237
0 0.5537254188095169 0.5395460663087971 0.002825685730435268 0.006781645753044785
0 0.5567394835886479 0.5448206796722763 0.006216508606957661 0.011302742921741143
0 0.5518416283225601 0.5472068142890885 0.005839750509566315 0.011051570856813625
0 0.5491101321164726 0.5445695076073487 0.0045210971686965706 0.007283989882899888
0 0.5648397826825624 0.5469556422241608 0.006216508606957661 0.00703281781797223
0 0.5646514036338668 0.5526070136850314 0.0050862343147834825 0.009293366402320515
0 0.5643688350608232 0.5568769387888003 0.006781645753044785 0.011302742921741143
0 0.5600361169408223 0.5543652181395246 0.0052746133634792615 0.010298054662030936
0 0.5557975883451696 0.5536117019447417 0.00885381528869722 0.011805087051596459
0 0.5544789350042997 0.5587607292757572 0.00621650860695766 0.015070323895654951
0 0.5541963664312561 0.5691843699702519 0.008288678142610166 0.017330872480003166
0 0.5609780121843008 0.5659191331261932 0.00527461336347919 0.010800398791885968
0 0.561543149330388 0.5755892576259052 0.0060281295582620235 0.011051570856813625
0 0.5465670149590808 0.5386669640815505 0.002072169535652577 0.007032817817972372
0 0.5438355187529933 0.5381646199516954 0.003767580973913809 0.00803750607768265
0 0.535641030134731 0.5376622758218403 0.005462992412174969 0.008037506077682721
0 0.5227370652990764 0.5553699063992349 0.003767580973913738 0.012809775311306665
0 0.5264104567486423 0.5472068142890884 0.004709476217392278 0.010046882597103348
0 0.5246208557860332 0.5387925501140143 0.0045210971686965706 0.00979571053217569
0 0.5333804815503826 0.5446950936398126 0.006593266704349005 0.010046882597103277
0 0.5326269653556 0.5533605298798142 0.004332718120000792 0.013312119441161983
0 0.5297070901008167 0.55223025558764 0.002260548584348214 0.0035164089089862217
0 0.5261278881755989 0.5572536968861918 0.009042194337392999 0.008539850207537896
0 0.5256569405538596 0.5605189337302502 0.004709476217392137 0.010046882597103277
0 0.5257511300782074 0.5652912029638744 0.006028129558262094 0.011051570856813625
0 0.5218893595799459 0.5644121007366277 0.005086234314783624 0.010298054662030936
0 0.5189694843251627 0.5431880612502471 0.005274613363479333 0.008539850207537896
0 0.5149193347782054 0.5449462657047401 0.0024489276330439225 0.0035164089089860795
0 0.5112459433286395 0.5470812282566245 0.004897855266087845 0.011302742921741285
0 0.5141658185834227 0.5507232231980745 0.006593266704349006 0.010046882597103419
0 0.511528511901683 0.5382902059841592 0.004332718120000792 0.006781645753044785
0 0.5081376890251607 0.5400484104386523 0.003955960022609304 0.008288678142610166
0 0.5107749957069003 0.5395460663087971 0.003202443827826755 0.006781645753044785
0 0.5070074147329865 0.5436904053801023 0.004332718120000792 0.008037506077682579
0 0.5043701080512469 0.5513511533603935 0.008100299093914458 0.012307431181451563
0 0.5385609053895142 0.5490906047760451 0.0037675809739136667 0.012307431181451634
0 0.542893623509515 0.5490906047760451 0.004521097168696428 0.011805087051596316
0 0.5752006303608254 0.5620259661198156 0.009607331483480053 0.014065635635944674
0 0.4995664423095069 0.5490906047760451 0.005274613363479119 0.009795710532175761
0 0.4990013051634199 0.5629050683470622 0.006781645753044785 0.016326184220292816
0 0.4969291356277673 0.5814918011517033 0.013563291506089427 0.019340248999423864
0 0.49090100606950543 0.5733287090415569 0.008288678142610237 0.017079700415075578
0 0.49203128036167953 0.564788858834019 0.005651371460870607 0.014065635635944674
0 0.48619152985211317 0.5676773375806863 0.008288678142610237 0.01632618422029289
0 0.49391507084863634 0.5573792829186553 0.00904219433739307 0.013814463571017087
0 0.4945743975190713 0.5480859165163348 0.005462992412174898 0.011302742921741285
0 0.49193709083733167 0.5460765399969141 0.006216508606957731 0.009795710532175619
0 0.48675666699820025 0.5495929489059003 0.004144339071305083 0.01080039879188611
0 0.4842135498408085 0.5468300561916969 0.002825685730435339 0.008791022272465412
0 0.4833658441216779 0.5554954924316985 0.0052746133634792615 0.010046882597103348
0 0.47940988409906843 0.5605189337302501 0.006781645753044785 0.015070323895655022
0 0.47762028313645943 0.5411786847308263 0.004332718120000792 0.009544538467248174
0 0.4732875650164587 0.5433136472827108 0.005839750509566315 0.012307431181451563
0 0.46933160499384924 0.5625283102496708 0.008477057191305946 0.01758204454493075
0 0.4656582135442832 0.5544908041719881 0.0033908228765223924 0.014567979765799776
0 0.46660010878776176 0.5478347444514072 0.007535161947827547 0.01331211944116184
0 0.4649046973495005 0.5416810288606814 0.005651371460870678 0.011051570856813625
0 0.45813784642791083 0.5464532980943057 0.007535161947827476 0.01255860324637915
0 0.45898555214704145 0.551602325425321 0.005086234314783553 0.01080039879188611
0 0.456254055940954 0.5601421756328588 0.005651371460870607 0.011302742921741214
0 0.454464454978345 0.5428113031528556 0.0035792019252180295 0.006781645753044714
0 0.45079106352877907 0.543815991412566 0.0033908228765223212 0.006279301623189539
0 0.44429198634877787 0.5449462657047401 0.005086234314783553 0.010549226726958452
0 0.4425965749105167 0.5527325997174951 0.008853815288697291 0.011051570856813625
0 0.44674091398182186 0.5548675622693797 0.007723540996523112 0.011805087051596316
0 0.4523922854426924 0.5509743952630022 0.0035792019252181007 0.009042194337392999
0 0.4509794425774748 0.5541140460745969 0.004144339071305154 0.005776957493334365
0 0.44768280922530024 0.5616492080224244 0.010360847678262744 0.010800398791886039
0 0.4392999415583422 0.5659191331261932 0.008665436240001583 0.012307431181451634
0 0.436945203449646 0.5721984347493828 0.012998154360002375 0.017330872480003166
0 0.4533341806861709 0.5680540956780777 0.009607331483480124 0.013060947376234183
0 0.45032011590703985 0.5743333973012673 0.015258702944350588 0.020596109324061872
0 0.43562655010877627 0.5814918011517034 0.012998154360002446 0.02386134616812029
0 0.43449627581660216 0.5441927446087642 0.00244892763304392 0.010046902201875828
0 0.43214153770790603 0.5451974377696677 0.0033908228765223212 0.007032817817972301
0 0.4288449043557316 0.5475835723864796 0.005462992412174969 0.011302742921741285
0 0.4311054529400798 0.5523558416201036 0.003202443827826684 0.009293366402320586
0 0.43327181200008014 0.554616390204452 0.003014064779130976 0.009293366402320515
0 0.42008527859138206 0.5458253679319865 0.007158403850436059 0.010298054662030794
0 0.415940939520077 0.5504720511331469 0.007158403850436201 0.012056259116523976
0 0.4156583709470334 0.5565001806914088 0.005086234314783553 0.01255860324637915
0 0.4201794681157299 0.5542396321070606 0.0032024438278266134 0.009544538467248174
0 0.42281677479746954 0.5635329985093811 0.005462992412174969 0.015572668025510055
0 0.4116082214000761 0.5681796817105415 0.010172468629567034 0.02034493725913421
0 0.40868834614529304 0.5619003800873519 0.006216508606957731 0.012809775311306807
0 0.40708712423137966 0.5514767393928572 0.0033908228765223924 0.011051570856813625
0 0.40492076517137926 0.5453230238021314 0.004709476217392137 0.01080039879188611
0 0.39992872038094357 0.5487138466786537 0.007535161947827475 0.008539850207537754
0 0.39917520418616076 0.5521046695551761 0.00715840385043613 0.012307431181451492
0 0.39465410701746434 0.5463277120618417 0.004897855266087845 0.010298054662030794
0 0.40181251086790043 0.5559978365615537 0.0060281295582620235 0.013060947376234325
0 0.4100069994861628 0.5822453173464861 0.012621396262611028 0.01883790486956876
0 0.40266021658703105 0.5644121007366277 0.005839750509566244 0.014819151830727365
0 0.39653789750442114 0.5695611280676431 0.00527461336347919 0.01255860324637915
0 0.39465410701746434 0.5797335966972103 0.013186533408698083 0.019842593129279038
0 0.38655380792354976 0.5787289084374999 0.008288678142610237 0.020847281388989246
0 0.3880608403131153 0.5694355420351793 0.009042194337392999 0.01331211944116184
0 0.39314707462789883 0.5610212778601054 0.005651371460870536 0.013563291506089498
0 0.3905097679461592 0.5582583851459019 0.006781645753044714 0.01255860324637915
0 0.3841048802905058 0.5577560410160467 0.006404887655653297 0.010549226726958452
0 0.38815502983746314 0.5512255673279296 0.0035792019252180295 0.00904219433739307
0 0.3766639078670262 0.585887312287936 0.014881944846959243 0.022605485843482428
0 0.3744975488070258 0.5719472626844552 0.006781645753044785 0.017833216609858482
0 0.3712009154548513 0.5620259661198158 0.00621650860695766 0.01255860324637915
0 0.3663972497131113 0.5581327991134382 0.004521097168696428 0.012809775311306665
0 0.3787360774026788 0.5512255673279296 0.004332718120000863 0.010046882597103419
0 0.37826512978093957 0.5453230238021314 0.001883790486956869 0.007283989882899888
0 0.3760987707209391 0.5483370885812624 0.003202443827826684 0.010298054662030794
0 0.37233118974702534 0.5469556422241607 0.005839750509566315 0.011051570856813625
0 0.3627152955795136 0.5464532980943054 0.002911312570751505 0.008905191392886919
0 0.35937584880718104 0.5486225113823164 0.006507639864032839 0.01187358852384932
0 0.36228716137793254 0.5551301512463493 0.006507639864032839 0.01301527972806575
0 0.3556082678332673 0.5535317835604465 0.006850147225297646 0.010275220837946648
0 0.35706392411864313 0.5587835630998415 0.003938834654546142 0.010731897319633176
0 0.35252570158188334 0.5591260704611064 0.0023975515288541514 0.010046882597103277
0 0.34790185220480735 0.5599252543040577 0.0037675809739136667 0.010275220837946648
0 0.35047065741429406 0.5656337125529542 0.005137610418973324 0.017582044544930894
0 0.3564645362364295 0.5744247325976045 0.006850147225297646 0.01826705926746051
0 0.35355322366567804 0.5877825196869351 0.006507639864032768 0.018495397508303882
0 0.34284986862615036 0.5894950564932595 0.01626909966008199 0.02146379463926621
0 0.34362051018899636 0.5681454309744148 0.005137610418973324 0.013471956209752207
0 0.3434492565083639 0.5635786661575498 0.008562684031622183 0.010731897319633105
0 0.3464461959194316 0.5471383128168352 0.0029113125707514336 0.010731897319633176
0 0.3434492565083639 0.5491933569844246 0.004452595696443424 0.01255860324637915
0 0.3388254071312879 0.5465674672147273 0.0058226251415030815 0.0077635001886707765
0 0.3371128703249635 0.5496500334661111 0.0061651325027679595 0.011645250283006163
0 0.3324033941075713 0.5523900923562303 0.004966356738340849 0.014385309173125336
0 0.3279507984111278 0.5486225113823164 0.004966356738340849 0.01187358852384932
0 0.33642785560243366 0.5565001806914088 0.007877669309092354 0.01301527972806575
0 0.32666639580638446 0.5551301512463493 0.008220176670357304 0.009818544356260119
0 0.3259813810838547 0.5634644970371282 0.006850147225297718 0.015527000377341551
0 0.33873978029097174 0.5719130119483286 0.003938834654546142 0.01507032389565488
0 0.3324890209478875 0.5755664238018208 0.013357787089330487 0.02146379463926621
0 0.32007312910203545 0.5493075261048462 0.002911312570751505 0.00913352963373029
0 0.31716181653128395 0.5513625702724355 0.005308864099605728 0.010046882597103348
0 0.31459301132179734 0.5467958054555705 0.004966356738340885 0.007306823706984318
0 0.3075716104158671 0.5496500334661111 0.004281342015811056 0.01210192676469262
0 0.303290268400056 0.5588977322202631 0.009418952434784345 0.015527000377341553
0 0.3030333878791074 0.5526184305970735 0.005822625141503046 0.011188573801319492
0 0.2998651947874072 0.5503350481886409 0.004623849377075935 0.008448514911200461
0 0.29721076273760433 0.5515909085132789 0.00308256625138398 0.009590206115416819
0 0.3106541766672511 0.5623228058329119 0.005651371460870571 0.01233026500553592
0 0.3155349065652757 0.5588977322202632 0.0054801177802381315 0.012330265005535778
0 0.3151067723636946 0.5675745853723069 0.010103967157314138 0.016897029822401065
0 0.30097834371151805 0.5624369749533336 0.006850147225297682 0.007078485466141018
0 0.30568781992891025 0.5777356370898318 0.010788981879843895 0.017582044544930682
0 0.3030333878791074 0.570885489864534 0.005480117780238238 0.015755338618184636
0 0.29729638957792054 0.5760231002835073 0.009076445073519466 0.02146379463926607
0 0.30645846149175626 0.586869166723562 0.012672772366800764 0.02443219177022847
0 0.320672516984249 0.5844716151947078 0.017125368063244294 0.021920471120952457
0 0.30603032729017515 0.5594685778223712 0.004623849377076006 0.011188573801319563
0 0.2818835583210007 0.5487366805027382 0.007021400905930228 0.01255860324637915
0 0.2800853946743601 0.5520475849949653 0.0044525956964434595 0.008220176670357232
0 0.2793147531115141 0.5586693939794198 0.0063363861834004 0.009590206115416748
0 0.28676428821902533 0.5527325997174952 0.005822625141503046 0.011416912042162863
0 0.2906174960332553 0.5534176144400249 0.004623849377075935 0.006850147225297789
0 0.29044624235262284 0.5575277027752036 0.004623849377075935 0.0073068237069841046
0 0.2860792734964956 0.5636928352779715 0.008562684031622147 0.013700294450595365
0 0.287021168739974 0.5704288133828476 0.012844026047433166 0.014841985654811651
0 0.28642178085776043 0.5820740636658537 0.013700294450595436 0.021235456398422912
0 0.2805135288759411 0.5922351153833786 0.017981636466406492 0.026030559456131287
0 0.271522710642738 0.5904084094566325 0.01781038278577402 0.020550441675893153
0 0.2758896794988652 0.5811607107024807 0.009076445073519466 0.01849539750830381
0 0.2725502327265326 0.5797906812574211 0.01096023556047637 0.018495397508303882
0 0.2643300560561753 0.5781923135715183 0.01233026500553585 0.019865426953363467
0 0.26535757813997 0.5557009968484574 0.005822625141503046 0.014156970932282107
0 0.2636450413336455 0.5527325997174951 0.004110088335178616 0.010503559078789805
0 0.2561098793858181 0.5504492173090626 0.007192654586562597 0.01141691204216272
0 0.2600487140403642 0.5612952837491173 0.006165132502767889 0.014841985654811651
0 0.25294168629411784 0.5705429825032692 0.008733937712254551 0.017810382785774053
0 0.23710072083561695 0.5789914974144698 0.013015279728065678 0.015983676859028007
0 0.23898451132257384 0.584129107833443 0.013357787089330522 0.02123545639842284
0 0.2471190611526149 0.5793340047757346 0.007021400905930159 0.024432191770228612
0 0.24797532955577709 0.5909792550587407 0.008391430350989673 0.022605485843482428
0 0.2493453590008366 0.5512484011520139 0.006678893544665279 0.010731897319632963
0 0.243693987539966 0.5623228058329119 0.004966356738340814 0.01233026500553592
0 0.23915576500320626 0.5670037397701988 0.006507639864032804 0.017125368063244294
0 0.23452483902775711 0.5614075657766393 0.007359662308171124 0.010379010947420823
0 0.23785084026318057 0.55536886849814 0.0035382991866207193 0.005095150828733779
0 0.23834620214930743 0.5511229076330256 0.0016983836095779382 0.0030193486392497706
0 0.236223222637335 0.5513116187641482 0.003962895089015284 0.009435464497655276
0 0.23303875336937638 0.5515946826990779 0.0015568516421130948 0.006604825148358699
0 0.22935892221529086 0.5535761302435854 0.006368938535917259 0.00830320875793653
0 0.23027888000381225 0.5623511122264049 0.004529022958874513 0.014908033906295231
0 0.22426377138655704 0.5656535248005842 0.008067322145495232 0.016228998935966812
0 0.2163379812085266 0.5762212450379581 0.008350386080424847 0.016606417515873204
0 0.2167625771109211 0.5694277105996463 0.008067322145495198 0.012454813136904974
0 0.20876602094915825 0.5814107505116685 0.007642726243100775 0.01641770822592015
0 0.2031047422505651 0.5892421860447223 0.007642726243100775 0.021890277634560106
0 0.21272891603817345 0.5976397494476354 0.010756429527327001 0.02358866124413815
0 0.2188147906391611 0.5565954788828352 0.006227406568452451 0.01283223171681108
0 0.21492266153387832 0.5551801592081869 0.005802810666057958 0.011888685267045531
0 0.2077752971769045 0.5585769264273428 0.008491918047889726 0.013020941006764132
0 0.2020432524945789 0.556406769592882 0.00976570575507317 0.012832231716811152
0 0.2009817627385927 0.5700881931144822 0.008774981982819412 0.015662871066107656
0 0.19595737789359127 0.5833921980561761 0.00919957788521387 0.020003184735029152
0 0.18972997132513883 0.5969792669327997 0.01203021723451041 0.020380603314935398
0 0.1896592053414064 0.567823681635045 0.005095150828733779 0.015285452486201478
0 0.193692866414154 0.561690629711569 0.005802810666057958 0.013587068876623505
0 0.1881731196830257 0.5622567575814283 0.008350386080424918 0.013209650296717399
0 0.18364409672415122 0.5556519324330698 0.006935066405776631 0.015474161776154603
0 0.18215801106577045 0.5529156477287497 0.0036798311540855266 0.005472569408639955
0 0.16977396391259794 0.578580111162372 0.013162472974229083 0.01943705686516985
0 0.1664479626771745 0.5618793390015222 0.011888685267045602 0.012454813136904974
0 0.15809120765821366 0.5550858045632104 0.006793534438311753 0.01019030165746777
0 0.15561439822757916 0.566691433260004 0.006652002470846964 0.014908033906295231
0 0.15327912076440947 0.5615962750665925 0.004245959023944863 0.008491918047889655
0 0.14818396993567565 0.5605583739718505 0.006793534438311788 0.011322557397186302
0 0.1420273293509556 0.5597091821670613 0.006935066405776613 0.012643522426857956
0 0.1513684392036343 0.5752776985881927 0.006085874600987662 0.013964487456529753
0 0.14775937403328115 0.5685785187948573 0.008774981982819395 0.008869336627795973
0 0.1453533305863791 0.5834865527011526 0.006510470503382102 0.01754996396563875
0 0.13870132811553212 0.5896196046246286 0.013587068876623557 0.019248347575216655
0 0.13926745598539142 0.5782970472274422 0.010190301657467647 0.019625766155122903
0 0.1236989395642603 0.5649930422857484 0.009624173787608346 0.013020941006764203
0 0.12157936708057467 0.5825900467485968 0.01139693244608905 0.019616538270844187
0 0.11432677370579071 0.5684992939061594 0.011396932446089067 0.01630106701380022
0 0.11929998059135687 0.5586910247707373 0.004351556024870362 0.012156727942494996
0 0.1104932600648335 0.5599343264921288 0.007045376421218706 0.01353817429959669
0 0.0964025072223961 0.5643549548348542 0.008703112049740759 0.015195909928118851
0 0.09205095119752574 0.5609013389421 0.006630942514088165 0.012156727942495138
0 0.09060043252256893 0.5709858973489425 0.011189715492523806 0.0168536455566408
0 0.08023958484430616 0.582728191384307 0.01160414939965431 0.018787670456583215
0 0.07008595411960862 0.5802415879415238 0.009946413771132274 0.017682513370901917
0 0.07132925584100015 0.5769261166844798 0.012847451121045851 0.016024777742379898
0 0.07899628312291462 0.5639405209277238 0.010775281585393301 0.016024777742379755
0 0.0558915928003886 0.5912931587983375 0.014297969796002645 0.021550563170786602
0 0.10811026509883305 0.5857673733699308 0.006838159467653444 0.020445406085105235
0 0.1001324123865707 0.5901880017126562 0.013261885028176365 0.02210314171362725
0 0.08769939517265536 0.5983385352195562 0.017406224099481483 0.023484588070728948
0 0.0715364727945654 0.5958519317767731 0.013261885028176365 0.02348458807072909
0 0.03164720923325368 0.5882539768127137 0.015541271517394182 0.018787670456583284
0 0.04625600445960421 0.5737487900631458 0.012433017213915338 0.01574848847095943
0 0.04739569770421312 0.5631116531134627 0.005594857746261903 0.012709306485335645
0 0.054026640218301294 0.5621446406634915 0.008910329003305986 0.01464333138527806
0 0.027502870161948564 0.561730206756361 0.011396932446089067 0.014367042113857593
0 0.921482427487705 0.5267936255864669 0.006383091732663786 0.006850147225297647
0 0.9269314082351009 0.5128857509169229 0.004203499433705531 0.005189505473710483
0 0.9218716403982333 0.5124705904790262 0.0037364439410714568 0.004774345035813639
0 0.7938418226295494 0.5290864434593969 0.0031137032842264035 0.005283860118686974
0 0.7934879927108873 0.532860629258459 0.004670554926339321 0.006038697278499328
0 0.789878927540534 0.5292751527493501 0.005095150828733921 0.007170953018218001
0 0.7949033123855355 0.5218211357962024 0.003255235251690891 0.005472569408640026
0 0.7937710566458172 0.5189904964469059 0.0024060434469019756 0.006982243728264734
0 0.7894543316381396 0.5209719439914134 0.004245959023945005 0.007925790178030497
0 0.7911527152477177 0.5238969379856866 0.0062274065684525225 0.005849987988546132
0 0.7849124421367684 0.5210234101614006 0.004374624448912953 0.006347494298422731
0 0.7845907785743483 0.5285717851071056 0.0032166356242005634 0.0070337098982520985
0 0.7821461354999559 0.5314881980588002 0.004503289873880902 0.007719925498081608
0 0.7740402137269703 0.5306304285590133 0.008105921772985738 0.007719925498081679
0 0.7809881466752435 0.5214522949112941 0.004760620723817084 0.004460401398891562
0 0.7762918586639106 0.5202514176115924 0.005146616998720929 0.004803509198806281
0 0.7782218400384311 0.5273709044598233 0.0036026318991048355 0.008063033297996326
0 0.7674782770536008 0.5259126963101857 0.005017951573753124 0.006519048198380019
0 0.7703089164028973 0.5223958413610597 0.0034739664741366026 0.005661278698593151
0 0.7721102323524498 0.5174207782622959 0.006047274973497281 0.005318170898678218
0 0.772689226764806 0.5149332467129141 0.0036026318991046937 0.006519048198379878
0 0.7693439257156371 0.5149332467129141 0.00488928614878489 0.005489724798635578
0 0.7667706172162767 0.5129603768634045 0.003345301049168654 0.0053181708986783606
0 0.763360983454624 0.5173350013123172 0.005017951573752981 0.005146616998720859
0 0.7548690654067343 0.5153621314628074 0.004245959023944863 0.004975063098763641
0 0.7580213683184509 0.5145901389129993 0.0030879701992324727 0.006862155998294667
0 0.7601443478304233 0.5142470311130847 0.0027019739243286265 0.004460401398891633
0 0.7627819890422677 0.520937633211422 0.0048892861487850325 0.005489724798635862
0 0.763360983454624 0.5241971573106119 0.003988628174008824 0.006519048198380019
0 0.7641973087169163 0.5311450902588853 0.004374624448912953 0.008063033297996397
0 0.7593723552806151 0.5324317445085657 0.00553261327362506 0.007548371598124177
0 0.758793360868259 0.5308019824589707 0.002830639349296433 0.006347494298422589
0 0.7555123925315744 0.5199083098116778 0.004760620723816941 0.0051466169987210006
0 0.7572493757686428 0.5225673952610169 0.0054039478486569694 0.00703370989825217
0 0.7550620635441863 0.529086443459397 0.003602631899104694 0.007376817698166889
0 0.7517810952075017 0.5211091871113793 0.0037312973240727844 0.007205263798209529
0 0.7515880970700496 0.5301157668591412 0.004631955298848851 0.007719925498081537
0 0.7472134726211368 0.5332895140083524 0.0048892861487850325 0.007891479398038968
0 0.7472778053336208 0.5175923321622533 0.0019299813745203664 0.006004386498507728
0 0.7430961790221599 0.5147616928129568 0.0015439850996162364 0.005146616998720929
0 0.7409088667977034 0.517935439962168 0.005146616998721072 0.004288847498934061
0 0.7433535098720958 0.520937633211422 0.0030879701992326146 0.006519048198380162
0 0.7434821752970638 0.5281428970096315 0.003345301049168654 0.007205263798209458
0 0.7408445340852193 0.5326032984085229 0.0034739664741366026 0.0075483715981240354
0 0.7401368742478951 0.5258269243815781 0.002058646799488457 0.0070337098982520985
0 0.7369202386236947 0.5327748523084803 0.004374624448912953 0.009950126197527283
0 0.7331246085871379 0.5332895140083526 0.003216635624200421 0.009263910597697845
0 0.7371775694736306 0.5264273580100578 0.0028306393492965754 0.007205263798209529
0 0.728428320575805 0.5315739750087787 0.003859962749040733 0.009607018397612563
0 0.7237320325644719 0.5338041757082246 0.003988628174008824 0.007548371598124107
0 0.7362125787863705 0.5196509789617417 0.0032166356242007057 0.006347494298422518
0 0.7160764397788744 0.5301157668591412 0.0036026318991048355 0.009435464497655276
0 0.7131171350046098 0.5332037370583739 0.0036026318991048355 0.010121680097484714
0 0.708420846993277 0.530716205508992 0.003473966474136745 0.00583283259855051
0 0.7207727277902074 0.5284002278595675 0.00553261327362506 0.006690602098337379
0 0.7212873894900795 0.5223958413610597 0.003731297324072642 0.005661278698593151
0 0.7273989971760608 0.5164772318125305 0.002573308499360536 0.00583283259855051
0 0.7261766756388645 0.5181927708121041 0.003473966474136745 0.006519048198379878
0 0.7180707538658788 0.5129603768634043 0.0032166356242007057 0.004631955298848993
0 0.7085495124182449 0.5184501016620401 0.002959304774264666 0.00497506309876357
0 0.704367886106784 0.516305677912573 0.0036026318991046937 0.007205263798209387
0 0.7016015794699715 0.5178496630121894 0.002444643074392445 0.005832832598550369
0 0.6956186372089583 0.5126172690634897 0.0018013159495524178 0.00566127869859308
0 0.6978059494334147 0.5345761682580327 0.00591860954852919 0.008406141097910904
0 0.7049468805191401 0.5250549268103988 0.003473966474136745 0.008577694997868406
0 0.6897643603729131 0.5373210306573506 0.0070765983732414385 0.008749248897825695
0 0.6912440127600453 0.5302015438091198 0.00591860954852919 0.005832832598550581
0 0.6873840500110046 0.5271135736098871 0.0036026318991048355 0.008234587197953828
0 0.6806291152001832 0.5109875070138945 0.005532613273625202 0.007205263798209529
0 0.6640312753793078 0.5199940867616563 0.004760620723816941 0.004975063098763641
0 0.6698212195028691 0.5233393878108249 0.00553261327362506 0.005489724798635862
0 0.675225167351526 0.5212807410113366 0.005017951573752981 0.00583283259855051
0 0.6781201394133066 0.5148474697629354 0.005403947848657112 0.004631955298848993
0 0.6910510146225934 0.524454488160548 0.004503289873880902 0.00634749429842266
0 0.6907936837726573 0.5153621314628074 0.006047274973497281 0.007376817698166889
0 0.6810151114750872 0.533375290958331 0.0032166356242005634 0.007719925498081679
0 0.6799214553628591 0.5315739750087788 0.005661278698593151 0.007548371598124319
0 0.6717512008773895 0.5109875070138945 0.001672650524584327 0.0048035091988063525
0 0.6488487552330808 0.5203371945615711 0.002959304774264524 0.006690602098337237
0 0.6437664709468437 0.5158767931626795 0.005661278698593151 0.006347494298422589
0 0.635017222049018 0.5150190236628928 0.003859962749040804 0.0053181708986783606
0 0.6308999284500412 0.51519057756285 0.0010293233997441574 0.00497506309876357
0 0.629806272337813 0.5151048006128714 0.002959304774264524 0.005489724798635791
