0 0.2187769932482776 0.588055318475824 0.020715083745236847 0.022599324063581464
0 0.26298150231177403 0.5814229081528165 0.029223064569173368 0.02014287579580099
0 0.23005931564523693 0.4947102843001616 0.00702833198499107 0.015721268913795824
0 0.20583006590750455 0.4983949567018325 0.009617717453145644 0.011299662031790803
0 0.27537356133794244 0.5433479600022173 0.019235434906291288 0.013756110299571347
0 0.30959044073855685 0.5399089324273245 0.013686751760245705 0.012773530992459143
0 0.3480613105511393 0.5266441117813092 0.014426576179718369 0.011790951685346869
0 0.4065074396894863 0.5192747669779675 0.01886552269655503 0.013756110299571347
0 0.40280831759212254 0.5227137945528603 0.018125698277082165 0.014738689606683479
0 0.4477526510750917 0.5379437738131 0.020715083745236812 0.00982579307112239
0 0.4631040077791512 0.5411371565612147 0.016646049438136787 0.010317082724678598
0 0.46735799819111945 0.5443305393093296 0.019235434906291288 0.008843213764010045
0 0.462919051674283 0.5185378324976333 0.01923543490629136 0.010317082724678598
0 0.4616243589402056 0.5104315532139573 0.016646049438136787 0.010808372378234524
0 0.48677838920227884 0.5158357394030746 0.01738587385760937 0.01179095168534694
0 0.5000952287527883 0.5197660566315235 0.021084995954973137 0.008843213764010116
0 0.4936217650824018 0.5096946187336231 0.011097366292091166 0.01326482064601521
0 0.5307979421609071 0.5271354014348654 0.015166400599191263 0.015721268913795754
0 0.5452245183406257 0.5067468808122864 0.018125698277082092 0.013264820646015139
0 0.5428200889773394 0.4868496498432636 0.016276137228400246 0.00982579307112232
0 0.5546572796889032 0.5283636255687556 0.019235434906291288 0.01326482064601521
0 0.569453768078358 0.5254158876474189 0.01627613722840039 0.010317082724678456
0 0.5855449492018902 0.5040447877177278 0.019605347116027686 0.015721268913795754
0 0.6045954280033135 0.5037991428909497 0.014796488389454793 0.011299662031790732
0 0.5946077983404313 0.48832351880393204 0.01627613722840039 0.008843213764010116
0 0.6277470827923806 0.4941643018337786 0.013321809963744116 0.008541462207357426
0 0.6332595558808265 0.48913094017587144 0.012403064449003125 0.008236409985666241
0 0.6542758595305261 0.494926932388007 0.010795259798206445 0.008846514429048753
0 0.7290387757925731 0.4920289362819392 0.018374910294819385 0.010371775537505599
0 0.7334028169875927 0.48394505240711866 0.014240555478485248 0.01006672331581413
0 0.7313356395794256 0.4888258879541801 0.014699928235855565 0.007626305542283518
0 0.7649846940568136 0.483334947963736 0.015388987371911326 0.010676827759196855
0 0.753615218311894 0.48165716074443365 0.007349964117927783 0.009761671094122874
0 0.7825557020262347 0.5037734468170556 0.016078046507967087 0.009456618872431407
0 0.7970259438834052 0.5034683945953644 0.013321809963743903 0.009456618872431478
