0 0.03620371117397596 0.6736985502442426 0.05666667835926671 0.054567912494107904
0 0.05509260396039821 0.6936368259632418 0.04617284903347673 0.05106996938551375
0 0.15399694535597014 0.7604475393374398 0.0708333479490836 0.05037038076379145
0 0.18705250773220963 0.6999331235587191 0.07922841140971575 0.08604940047147824
0 0.2581482014144385 0.8171142176967098 0.040925934370581646 0.06436215319817973
0 0.27179017953796447 0.7114763358170865 0.07975310287600441 0.07135803941537214
0 0.26628091914192564 0.6743981388659631 0.050895072230082314 0.06576133044161797
0 0.32452167190006004 0.7121759244388062 0.06768519915134648 0.08534981184975647
0 0.4486112036775294 0.7237191366971725 0.05981482715700446 0.06506174181989711
0 0.5829322190476438 0.740159469307579 0.03567901970768614 0.058765444224422654
0 0.7206637289486408 0.758348773472285 0.07083334794908368 0.04617284903347667
0 0.7531945998585886 0.7793364321238643 0.08657409193776905 0.044773671790036766
