0 0.045665435049711905 0.8178783941550857 0.0762235846702821 0.10476217376567634
0 0.21905563872255493 0.8083832335329342 0.06258732534930139 0.09580838323353291
0 0.0836296157684631 0.4600798403193611 0.08093188622754495 0.121756487025948
0 0.36689121756487025 0.7644710578842315 0.07769461077844313 0.10379241516966076
0 0.43811127744510986 0.7405189620758483 0.09496007984031941 0.10379241516966062
0 0.5487181886227545 0.5698602794411178 0.08524825349301401 0.11377245508982035
0 0.4645490269461078 0.5489021956087824 0.10035553892215575 0.11177644710578846
0 0.4526790169660678 0.470059880239521 0.08740643712574844 0.1057884231536927
0 0.37444486027944096 0.44610778443113774 0.08632734530938095 0.11377245508982023
0 0.23901883732534931 0.44510978043912175 0.07014096806387222 0.13572854291417172
0 0.1897126108414276 0.45637439007648267 0.08918114184853435 0.1424648824064868
0 0.18484818492241664 0.41588437086621793 0.025943604901391807 0.037490758528022854
0 0.5488693911950705 0.47511976934049416 0.06972343817249062 0.0869785597850131
0 0.5342761134380375 0.41588437086621804 0.030808030820402763 0.06748336535044118
0 0.5517069729811602 0.4301308591068667 0.034861719086245274 0.09297708114949657
0 0.59751365038518 0.450375868711999 0.07296638878516454 0.08847819012613399
0 0.649806229014548 0.4301308591068667 0.0786415523573438 0.08697855978501302
0 0.6980451193780735 0.5463522105437374 0.09404556776754518 0.10047523285510117
0 0.8322222009774591 0.5261072009386051 0.08512745358269186 0.10797338456070577
0 0.7698443108567126 0.495662226286014 0.07973370308020719 0.08427674644315879
0 0.7735294820074783 0.44298925975903986 0.08174379643517032 0.08303738252487708
0 0.7855900421372578 0.3215315957674287 0.09112423209166551 0.14748430627552786
0 0.8254568936773614 0.33330555299110515 0.06231289400385947 0.10410656913566665
0 0.8425426871945487 0.39837215870089693 0.05494255170232762 0.08303738252487697
0 0.879729414261368 0.3729651983761211 0.047572209400795915 0.09419165778941277
0 0.9279716547804848 0.37668329013096624 0.050252333874080186 0.07931929077003173
