0 0.0026201547693558767 0.6582870755509285 0.0052403095387117534 0.026540558946611555
0 0.008963687368849053 0.6591748253576512 0.013514482494572419 0.029051540600577398
0 0.03075234281928214 0.6573361202563487 0.014617705555353848 0.02390316631693068
0 0.0365442638883846 0.667632868823642 0.018478986268088818 0.015077381830679429
0 0.0365442638883846 0.659174825357651 0.019030597798479532 0.0216967201953679
0 0.057091793395438586 0.6589909548475208 0.013238676729377064 0.02500638937771214
0 0.05943614239959911 0.6641393291311674 0.012411259433790995 0.024270907337191262
0 0.07888044884587167 0.657519990766479 0.0198580150940656 0.02574187141823316
0 0.08122479785003218 0.6516361344423113 0.014617705555353834 0.021328979175107465
0 0.10149652159189083 0.6722296315768979 0.011583842138204936 0.02721283549927506
0 0.10411667636124669 0.6564167677056975 0.011308036373009589 0.024270907337191262
0 0.11225294643450968 0.6510845229119206 0.012135453668595631 0.020961238154847166
0 0.11597632426464699 0.643545831996581 0.007446755660274587 0.020593497134586584
0 0.12094082803816338 0.6665296457628606 0.013514482494572384 0.02463864835745184
0 0.13266257305896598 0.6661619047426001 0.011032230607814188 0.02831605856005666
0 0.14796979302730823 0.6668973867831209 0.009653201781837435 0.0261096124384936
0 0.15334800544861765 0.6602780484184325 0.0071709498950792575 0.023167684276409944
0 0.13997142583664293 0.6525554869929624 0.010204813312228146 0.02463864835745184
0 0.14769398726211289 0.642074867915539 0.012411259433790995 0.024270907337191262
0 0.1594157322829155 0.646671630668795 0.010480619077423512 0.022432202235889136
0 0.17623988395983214 0.6450167960776229 0.010480619077423512 0.021328979175107534
0 0.18327293097231376 0.6431780909763204 0.00744675566027464 0.016916086931981836
0 0.18327293097231373 0.6556812856651766 0.020685432389651693 0.022799943256149504
0 0.19789063652766756 0.6455684076080135 0.007446755660274604 0.020225756114326216
0 0.1995454711188397 0.6501651703612694 0.013514482494572419 0.02206446121562841
0 0.21816236026952615 0.646671630668795 0.009377396016642088 0.020961238154847024
0 0.24836309155841765 0.6525554869929625 0.011859647903400302 0.023167684276409944
0 0.26699757711692373 0.6428702181941582 0.01365238537717012 0.025888967826337393
0 0.27549239468494063 0.6440837635610179 0.00819143122630205 0.02103478635889907
0 0.2726102244386492 0.6590508230856194 0.01031513561830632 0.021843816603472278
0 0.28975155274554054 0.6723998221210743 0.012438840010310558 0.030743149293775644
0 0.29369557518783407 0.6653208074810604 0.009404976593161578 0.025484452704050822
0 0.2974879044592702 0.6477243996615967 0.009101590251446759 0.021843816603472205
0 0.2879312346952512 0.6426679606330151 0.011225294643450958 0.021439301481185568
0 0.313415687399302 0.6430724757553016 0.014865930744029683 0.02386639221490469
0 0.32418590253018065 0.6416566728272989 0.01152868098516592 0.020225756114326005
0 0.3363213561987763 0.640240869899296 0.013955771718884975 0.020630271236612572
0 0.3206969596004594 0.6620846865027681 0.011832067326880668 0.02386639221490469
0 0.33753490156563587 0.666736610409063 0.012135453668595631 0.023461877092618266
0 0.35088390060109104 0.6465108542947371 0.012742226352025553 0.017798665380606878
0 0.3589236386565357 0.641858930388442 0.006977885859442523 0.01739415025832038
0 0.3636261269531165 0.6404431274604392 0.007281272201157449 0.016180604891460816
0 0.36817692207883984 0.6382182942878633 0.005460954150868105 0.016585120013747314
0 0.3771268191594291 0.6382182942878634 0.011225294643450994 0.01415802928002833
0 0.3652947518325484 0.6501514903953156 0.01001174927659136 0.023461877092618266
0 0.38152592111429506 0.6459040816113073 0.009101590251446794 0.018203180502893376
0 0.3891105796571674 0.638825066971293 0.007888044884587159 0.01537157464688775
0 0.3710590923251313 0.6719953069987877 0.01789979416117852 0.029125088804629513
0 0.3816776142851525 0.6548034143016107 0.008798203909731867 0.018203180502893445
0 0.3836496255062993 0.6669388679702064 0.010921908301736139 0.02629348294862382
0 0.39654354502918215 0.6641072621142007 0.008798203909731938 0.013348999035455193
0 0.400942646984048 0.6647140347976306 0.00849481756801687 0.02103478635889928
0 0.40109434015490547 0.6477243996615966 0.008798203909731867 0.01537157464688775
0 0.39593677234575236 0.6438815059998747 0.013652385377170048 0.018203180502893376
0 0.41368487333607346 0.6717930494376446 0.010315135618306286 0.03195669466063521
0 0.42642709968809894 0.6792765791999451 0.010315135618306286 0.027507028315483382
0 0.4196009069995139 0.6517695508844616 0.0075846585428722335 0.02103478635889914
0 0.42263477041666275 0.6351844308707144 0.013045612693740338 0.014562544402314827
0 0.426123713346384 0.6440837635610179 0.007281272201157307 0.01618060489146089
0 0.4323431333515393 0.6554101869850406 0.01365238537717012 0.021843816603472135
0 0.4382591670149797 0.6679501557759226 0.010921908301736068 0.026697998070910386
0 0.44074141890173807 0.6452237499600705 0.010480619077423441 0.021328979175107465
0 0.4483260774446102 0.634743141646402 0.006895144129883874 0.01360641774963753
0 0.44239625349291 0.6329044365450995 0.01268706519898636 0.015812863871200306
0 0.4538421927485173 0.6292270263424949 0.007998367190665333 0.019490274073805124
0 0.46832199542127356 0.6349270121565322 0.01213545366859556 0.017651568972502644
0 0.4800437404420761 0.642465703071872 0.004137086477930296 0.016548345911721326
0 0.4770098770249272 0.6444882786833045 0.005240309538711756 0.013974158769898111
0 0.4710800530732271 0.6536818041898164 0.009929007547032853 0.019122533053544687
0 0.4594962109350222 0.6555205092911188 0.011583842138204901 0.016916086931981766
0 0.45591073598748255 0.6836526973410451 0.009377396016642123 0.029787022641098417
0 0.48831791339793684 0.6479818183757792 0.010204813312228183 0.020225756114326147
0 0.4941098344670392 0.6601172720443748 0.007998367190665333 0.021696720195368044
0 0.4983848238275672 0.640259256950309 0.006067726834297816 0.01581286387120045
0 0.5019702987751069 0.645591501744086 0.006067726834297816 0.018387051013023736
0 0.5037630362488766 0.6360302352173136 0.004688698008321097 0.018387051013023594
0 0.511761403439542 0.6406269979705695 0.011308036373009572 0.016548345911721326
0 0.5172775187434491 0.6435689261326533 0.008549978721055992 0.01581286387120045
0 0.5091412486701862 0.6584624374532027 0.010480619077423441 0.022064461215628484
0 0.5265170118774936 0.6461431132744767 0.00827417295586052 0.018754792033284104
0 0.5186565475694259 0.6661849988786724 0.007446755660274604 0.03162572774240076
0 0.5090033457875884 0.6722527257129705 0.019030597798479505 0.02537413039797272
0 0.504452550661865 0.6832849563207846 0.018203180502893445 0.02684509447901462
0 0.54023862757881 0.6503903700993859 0.004558772978435499 0.01610766452380588
0 0.5326026828399303 0.6555569794749462 0.006610220818731634 0.018539010112304907
0 0.5362497012226788 0.6619392616447561 0.010713116499323832 0.02157819209792862
0 0.5396687809565056 0.6756155805800631 0.014360134882072231 0.02522521048067702
0 0.551635560024899 0.6687774211124097 0.01413219623315058 0.02796047426773839
0 0.5490142655622986 0.6651304027296611 0.010257239201480174 0.02127427389936628
0 0.5522054066472035 0.6437041697310135 0.01071311649932369 0.020970355700803935
0 0.5624626458486837 0.6359542556676732 0.007066098116575219 0.019450764707992077
0 0.5609810446306921 0.6462874744187936 0.006382282169809841 0.02066643750224145
0 0.5669074495026584 0.6575324477656017 0.010485177850401968 0.024313455884990134
0 0.5755691181616862 0.6544932657799779 0.005014650276279227 0.018235091913742566
0 0.5719220997789375 0.6626990571411622 0.006838159467653426 0.020058601105116765
0 0.5797859831667391 0.6661941164246293 0.01253662569069796 0.019146846509429737
0 0.5654258482846669 0.6854929220333403 0.017551275966977257 0.03039181985623756
0 0.5810396457358088 0.675615580580063 0.013220441637463339 0.02765655606917619
0 0.5887895597991495 0.6812380672534669 0.016411582722368364 0.029176147061987904
0 0.6167120442920677 0.6874683903239958 0.0202865397540387 0.02948006526055039
0 0.6082783142819618 0.6750077441829383 0.012992502988541616 0.02765655606917619
0 0.5812675843847306 0.6423365378374829 0.005014650276279227 0.01701941911949291
0 0.5840028481717919 0.6380816830576097 0.0027352637870614416 0.012764564339619753
0 0.5885616211502277 0.6400571513482651 0.008661668659027627 0.01671550092093064
0 0.6030357253567609 0.6628510162404433 0.007521975414418804 0.02279386489217799
0 0.599730614947395 0.6579883250634453 0.009117545956871354 0.01975468290655442
0 0.5950578726444985 0.6508462473972294 0.0061543435208880485 0.016411582722368222
0 0.5964255045380292 0.6400571513482651 0.004786711627357363 0.010637136949682997
0 0.5990467990006296 0.6420326196389206 0.0050146502762790845 0.015803746325243537
0 0.6071386210373528 0.6440080879295761 0.004786711627357363 0.017931173715180222
0 0.603833510627987 0.6403610695468277 0.005470527574122741 0.01610766452380588
0 0.6154583817229978 0.6423365378374831 0.006382282169809841 0.017627255516617736
0 0.6203590626748161 0.6468953108159187 0.00888960730794949 0.021274273899366137
0 0.6262854675467825 0.6409689059439523 0.007066098116575077 0.015499828126681194
0 0.6311861484986008 0.6476551063123245 0.010485177850401968 0.01975468290655428
0 0.6383662159396369 0.6373218875612038 0.007521975414418663 0.015499828126680982
0 0.6343772895835058 0.6368660102633602 0.00820579136118404 0.016411582722368295
0 0.6408735410777766 0.6435522106317325 0.011168993797167346 0.009725382353996039
0 0.6461252475489345 0.659355956956976 0.008433730010105904 0.021882110296490963
0 0.6502281432295267 0.6643706072332553 0.007977852712262177 0.02340170128930282
0 0.6673235418986604 0.6362581738662355 0.007066098116575148 0.01701941911949312
0 0.660485382431007 0.6417287014403583 0.007521975414418733 0.015195909928118851
0 0.6591177505374762 0.6769832124735938 0.008889607307949632 0.03099965625336225
0 0.6600295051331634 0.6540373884821346 0.007977852712262461 0.020970355700803793
0 0.6698308670367998 0.6622431798433187 0.00980136190363666 0.02340170128930282
0 0.6734778854195484 0.6423365378374831 0.0056984662230445335 0.011548891545370239
0 0.6767829958289142 0.6437041697310137 0.008205791361183969 0.011852809743932581
0 0.6657279713562079 0.6850370447354968 0.016639521371290017 0.03373492004042362
0 0.6762131492066098 0.6678656665167224 0.009801361903636518 0.024313455884990134
0 0.6817976461051936 0.6774390897714375 0.011396932446088925 0.02948006526055039
0 0.6936504558491262 0.673032275892283 0.015499828126681194 0.029176147061988046
0 0.6857865724613245 0.6418806605396395 0.008433730010105904 0.018539010112304907
0 0.6923967932800562 0.6426404560360455 0.0066102208187315626 0.015195909928118851
0 0.6986651061254052 0.6478070654116058 0.007749914063340668 0.021882110296491106
0 0.7023121245081537 0.6394493149511404 0.010485177850401897 0.014284155332431539
0 0.7070988361355112 0.6453757198231068 0.0077499140633405265 0.016411582722368222
0 0.7169001980391478 0.6385375603554533 0.008205791361184253 0.01610766452380581
0 0.718723707230522 0.6535815111842909 0.00729403676549694 0.02066643750224159
0 0.7248780507514101 0.6646745254318176 0.007294036765497083 0.021578192097928762
0 0.7264736212938626 0.6707528894030651 0.01139693244608921 0.026440883274926677
0 0.7354771979262729 0.6651304027296612 0.01071311649932369 0.024921292282114677
0 0.7327419341392115 0.6503903700993859 0.005698466223044676 0.016715500920930708
0 0.7288669771075413 0.6464394335180751 0.010713116499323548 0.014891991729556296
0 0.7265875906183235 0.6409689059439523 0.004786711627357505 0.012460646141057338
0 0.7328559034636725 0.6394493149511404 0.005926404871966326 0.010029300552558311
0 0.7392381856334823 0.6380816830576098 0.00911754595687114 0.016411582722368295
0 0.7431131426651527 0.6558608976735087 0.005470527574122741 0.012460646141057338
0 0.7476719156435884 0.6605716238207819 0.011396932446089067 0.018842928310867108
0 0.7368448298198035 0.6857968402319027 0.017551275966977045 0.030999656253362387
0 0.7572453388983031 0.6932428360966809 0.015955705424524638 0.028264392466300876
0 0.7565615229515376 0.6794145580620927 0.022337987594334693 0.02674480147348902
0 0.7570174002493811 0.6476551063123246 0.00638228216980977 0.014891991729556367
0 0.7565615229515378 0.6440080879295761 0.011396932446089067 0.014284155332431681
0 0.7663628848551745 0.6405130286461087 0.006838159467653355 0.012156727942494854
0 0.7651092222861045 0.6479590245108869 0.007977852712262319 0.013068482538182024
0 0.7610063266055124 0.6582922432620077 0.007977852712262177 0.011852809743932794
0 0.7706937191846882 0.6519099610921978 0.010029300552558311 0.016715500920930566
0 0.7716054737803754 0.6592039978576949 0.006838159467653497 0.018539010112304907
0 0.7924618601567184 0.675463621480782 0.012536625690697889 0.024313455884990134
0 0.7982742957042237 0.6765273351757503 0.005926404871966326 0.01610766452380588
0 0.7819766823063165 0.6695372166088157 0.00888960730794949 0.030695738054800047
0 0.7883589644761263 0.6547971839785405 0.00615434352088812 0.02248994669361565
0 0.7826604982530817 0.6440080879295761 0.01071311649932369 0.017931173715180222
0 0.7906383509653441 0.6392973558518592 0.006610220818731847 0.012764564339619824
0 0.7921199521833355 0.6467433517166374 0.007294036765497083 0.013676318935306924
0 0.8020352834114332 0.6426404560360455 0.008433730010106047 0.016411582722368222
0 0.7996419275977544 0.6409689059439523 0.010941055148245482 0.015499828126681194
0 0.8093293201769302 0.6646745254318176 0.008433730010105904 0.02218602849505345
0 0.816737326266888 0.6598118342548196 0.007294036765496798 0.02036251930367911
0 0.8171932035647316 0.6458315971209504 0.006838159467653355 0.015499828126681124
0 0.817877019511497 0.6411208650432336 0.008661668659027698 0.01337240073674451
0 0.8290460133086642 0.6455276789223879 0.013676318935306853 0.020362519303678966
0 0.840556915079214 0.6415767423410772 0.013904257584228504 0.015499828126681053
0 0.8372405019269263 0.6822728961609684 0.012433017213915463 0.031145336051020253
0 0.8438337686312752 0.6665746421029946 0.006781645753044785 0.01733087248000331
0 0.8476955391295367 0.6467320489737154 0.0081002990939146 0.01682852835014799
0 0.8539120477364947 0.6415830216427 0.008477057191305733 0.016577356285220547
0 0.8592808506243216 0.6385689397093934 0.004897855266087987 0.011553914986668872
0 0.8486374343730154 0.6752400783429962 0.008853815288697433 0.03064299192116522
0 0.8589982820512782 0.6667002281354583 0.009607331483479982 0.025619550622613473
0 0.8613530201599744 0.6934500530502459 0.006781645753044785 0.02788009920696169
0 0.8602227458678001 0.6957106016345941 0.015070323895654951 0.02335900203826526
0 0.8728441421304112 0.6842822726803891 0.00979571053217569 0.03114533605102011
0 0.8686056135347582 0.659039480155167 0.009607331483480124 0.018837904869568548
0 0.8747279326173679 0.6525090064670499 0.004521097168696428 0.014819151830727293
0 0.8784955135912819 0.646983221038643 0.007158403850436059 0.01682852835014813
0 0.8869725707825876 0.6471088070711069 0.009418952434784416 0.009544538467248174
0 0.89036339365911 0.6478623232658896 0.009418952434784274 0.017582044544930824
0 0.8813211993217172 0.6570301036357463 0.006781645753044785 0.013814463571017087
0 0.880190925029543 0.6650676097134288 0.010925984824349939 0.022856657908410086
0 0.8911169098538929 0.6610488566745878 0.007158403850436201 0.020847281388989388
0 0.8977101765582418 0.6459785327789327 0.007535161947827476 0.015321495960582467
0 0.9049627699330258 0.6517554902722671 0.008477057191306016 0.018335560739713513
0 0.9027964108730253 0.662681475096617 0.00640488765565351 0.022605485843482428
0 0.8989346403747639 0.677751798992272 0.01525870294435066 0.030642991921165076
0 0.9129688795025926 0.6468576350061792 0.008288678142610308 0.016577356285220474
0 0.9151352385625929 0.6535136947267602 0.012621396262610886 0.02134962551884442
0 0.9244600014730295 0.6498716997853102 0.008665436240001725 0.019591421064351522
0 0.9274740662521603 0.6635605773238634 0.008288678142610166 0.019340248999424006
0 0.9221052633643333 0.6746121481806772 0.010360847678262957 0.028884787466672036
0 0.9239890538512902 0.6847846168102443 0.0167657353339159 0.026624238882323823
0 0.9290752881660738 0.6904359882711149 0.01412842865217641 0.028382443336816863
0 0.932560300566944 0.6641885074861824 0.009042194337392857 0.020596109324061872
0 0.9505504997173821 0.6977199781540148 0.01902628391826454 0.02587072268754099
0 0.9432037168182503 0.6628070611290808 0.011114363873045506 0.021851969648699593
0 0.9519633425825998 0.6606720985771963 0.009418952434784416 0.021600797583772077
0 0.94584102349999 0.649369355655455 0.0077235409965231835 0.016075012155365158
0 0.940283841563467 0.6420853657725551 0.011302742921741214 0.019089076934496275
0 0.9545064597399915 0.6478623232658896 0.010737605775654089 0.014065635635944602
0 0.9660917712347762 0.6433412260971931 0.010172468629567106 0.013563291506089427
0 0.9690116464895595 0.6438435702270482 0.009230573386088707 0.017582044544930824
0 0.977771272253909 0.6360572239613107 0.006028129558261952 0.014567979765799847
0 0.9731559855608646 0.6477367372334257 0.012998154360002588 0.015823840090437642
0 0.9822923694226056 0.6444714979387706 0.007535161947827475 0.021349625518844492
0 0.9739095017556473 0.6557742433111085 0.012621396262611028 0.01682852835014799
0 0.9662801502834719 0.6684584325899513 0.008665436240001583 0.023107829973337744
0 0.9723082798417341 0.6808914498038667 0.010172468629567106 0.028884787466672036
0 0.9750397760478213 0.6675793303627049 0.008477057191305875 0.01883790486956869
0 0.981915611325214 0.6756168364403875 0.010172468629567106 0.028884787466672036
0 0.9889798256513024 0.6997293546734354 0.014505186749567968 0.03641994941449966
0 0.9949137656852165 0.6839270996823273 0.010172468629567106 0.028339273138157494
0 0.9941602494904336 0.6697358780139189 0.01167950101913263 0.01100840065815433
0 0.9954789028313036 0.6446186715211607 0.009042194337392999 0.011008400658154258
0 0.9953847133069555 0.652279419501452 0.009230573386088849 0.018794734670909464
