0 0.1288373872345569 0.6011604059755413 0.025557671341241574 0.0756704691967933
0 0.07708409440283683 0.5744911343443627 0.0445247163959578 0.04980301202512255
0 0.8440013511508113 0.5269583748026931 0.02236238367417279 0.04425945609824889
0 0.3120766882802926 0.622099334118413 0.035512438007429536 0.07571873883016748
0 0.38124105416092213 0.6253695419411255 0.0385531556372549 0.08538223964716093
0 0.9866467644186581 0.491177308325674 0.01827392578125 0.051812065972222224
0 0.9464636110791973 0.5293550977519914 0.030915383731617646 0.06271378261591094
0 0.9674454333735447 0.49952945085911965 0.02545638738893995 0.053992536956188726
0 0.8129509720147826 0.5007645550896139 0.01798724006204044 0.046669834112030226
0 0.25455264671176087 0.6188562530318117 0.04900436401367188 0.08655547098396649
0 0.5530477785596656 0.5855765797965851 0.035356648763020825 0.07833709712149495
0 0.5825500488281249 0.5313981598498774 0.03221579159007353 0.058594228707107836
0 0.7738253724341299 0.5318765677657782 0.04101574467677696 0.06551693187040442
0 0.3332681469237378 0.5913769471504561 0.043089862898284315 0.03358449499591503
0 0.8052572676645009 0.5304800465043804 0.026596548043045332 0.05960097962762188
0 0.724542984307981 0.5208865496068219 0.03566720999923407 0.052576880361519605
0 0.605286830096749 0.5634733980604973 0.04792757965791041 0.05544148959693693
0 0.5057184705547259 0.6097825792100695 0.027104007496553305 0.06318510965584151
0 0.7397309546377138 0.541067208715321 0.031751685049019616 0.0398920135844718
0 0.918788117053462 0.5164446462992749 0.03289399988511029 0.06611068825316585
0 0.41726828182444853 0.5452619964001225 0.04054122625612745 0.04233909058415033
0 0.6353641883999694 0.5241604275173611 0.026491771024816178 0.044271950316584964
0 0.2285911186068666 0.6037970648871528 0.014727498970779717 0.06284474890216503
0 0.4258699753705193 0.5886347153607536 0.03300844080307904 0.060975198184742646
0 0.9166632558785233 0.49568762685738355 0.017182473575367646 0.048018431819342317
0 0.5396330590341606 0.5720741222107332 0.02456377814797794 0.06358447106055964
0 0.5118408651912913 0.5417168710746016 0.04118380079082415 0.06835031945720997
0 0.07057585622750077 0.6015303667853861 0.030102494183708643 0.05637897167330474
0 0.4829563514859068 0.5999783185572407 0.029787071078431374 0.06014583812040441
0 0.6575131584616268 0.513732830371732 0.030197861615349268 0.05049721711601308
0 0.25273934123064945 0.5983711705442417 0.02280031503867985 0.0493289834799112
0 0.3787863658784458 0.5630952114277936 0.05377432792141477 0.052196947635719936
0 0.38244302017710197 0.5461742229085218 0.04387985158387444 0.04818179781758772
0 0.4381532239036876 0.5791558107003228 0.03570615373981944 0.048755390648749494
0 0.47837642118890583 0.5427326659215512 0.03699673760993342 0.027532455895764373
0 0.5020371254743284 0.5556385046226907 0.03441556986970554 0.06137443293430806
0 0.5530151883438297 0.5444534444150365 0.02882303976587835 0.03785712685667598
0 0.5289242894350358 0.5510497619733965 0.016777590311481433 0.055638504622690446
0 0.6713187097709422 0.5163473956881104 0.02882303976587835 0.04588742649294062
0 0.6491636866673193 0.5283928451425072 0.02323050966205102 0.03097401288273481
0 0.6616393307450875 0.5160605992725295 0.021509731168565905 0.03384197703854369
0 0.6674469581606002 0.5473214085708452 0.031404207506106306 0.04588742649294062
0 0.6476580054855197 0.5570724867005951 0.018498368804966532 0.05277054046688164
0 0.6356125560311228 0.5456006300773599 0.021939925791937185 0.03556275553202901
