0 0.3652665680530025 0.5697780235140931 0.0317846560010723 0.0626635582618464
0 0.6799747841030944 0.6443702448427289 0.07479116402420344 0.04231499565972222
0 0.48194104362936585 0.5617640077678207 0.027266737994025732 0.06156169417636846
0 0.5543795118144914 0.5962516036688112 0.06478845932904412 0.04049527037377451
0 0.4553064383712469 0.5629181307125715 0.020767750459558823 0.0324941996655433
0 0.8639707677504596 0.6299839593226614 0.08869102328431372 0.03869784486060049
0 0.24098418279379005 0.5540409539450879 0.04919112474488767 0.06466438933600266
0 0.30507121151072114 0.5836018176415462 0.05404095394508783 0.036951079620572855
0 0.3615370800559091 0.5563503964213737 0.04364846280180188 0.03417974864903009
0 0.17089433875683022 0.5703557666924239 0.03359820008529997 0.022714276114005685
0 0.2007068261564626 0.5731950512066746 0.038330340942384425 0.03848807897095412
0 0.25843894461289346 0.5618379131496718 0.04022319728521822 0.04605950434228923
0 0.13705953162867604 0.5703557666924239 0.04069641137092674 0.022714276114005685
0 0.519653119923958 0.5634152934353667 0.0468481944851365 0.04164283954234357
0 0.48605491983865806 0.5552129159497535 0.04211605362805216 0.040380935313787704
0 0.5373986481380248 0.5520581553783639 0.056785690285014144 0.040380935313787704
0 0.5776218454232431 0.5665700540067564 0.05205354942792951 0.035333318399564176
0 0.6445816385509887 0.5788736202351761 0.0468481944851365 0.032178557828174664
0 0.6528628850508866 0.5914926625207346 0.04826783674226185 0.03848807897095398
0 0.6937959034646676 0.5637307694925056 0.025080346542547715 0.0334404620567306
0 0.7302333880642183 0.5466950624070015 0.05347319168505479 0.054892833942180135
0 0.7089387542073379 0.5927545667492906 0.03643748459955077 0.03344046205673045
0 0.7411173120355127 0.5804510005208708 0.04684819448513664 0.027761893028229068
0 0.8111529967203631 0.5719331469781188 0.05725890437072252 0.06120235508495952
0 0.7498717726211188 0.6214628879489366 0.07666068188476871 0.03911903108523191
0 0.7572065909495999 0.6009569442349036 0.05631247619930548 0.024607132456839338
