0 0.4177755683736977 0.5672446976491909 0.02289181196568208 0.023845637464252008
0 0.45569013194185864 0.5691523672586033 0.014307382478551319 0.014307382478551177
0 0.46760531925592075 0.5690695506677494 0.015748481612078324 0.01399865032184735
0 0.4843633189200554 0.566915912156696 0.017767517716190825 0.022613204366061197
0 0.50435177635077 0.5720308193796617 0.023017011586883598 0.015613879205137453
0 0.5231288121190173 0.5757996710147915 0.019382746599480853 0.01884433697171758
0 0.5348392215228703 0.565300683273406 0.01857513215783591 0.012921831066320593
0 0.5455401128746671 0.5766072854564365 0.02301701158688374 0.019382746599480926
0 0.5600771728242777 0.5537248762764937 0.023824626028528754 0.00915296367197712
0 0.5629038233700355 0.5741844421315014 0.018171324937013365 0.02315161399382447
0 0.5802675338654041 0.5782225248458691 0.02463224047017377 0.01830592734395438
0 0.6071207140501015 0.573646032503738 0.024228433249351155 0.025305252504877983
0 0.594715643615043 0.5636666350966756 0.02366413465376162 0.01537157464688775
0 0.5939571777607557 0.5531492419172259 0.015472703427459465 0.011326423424022564
0 0.6126154377762216 0.5527447267949394 0.0230573619703317 0.012135453668595702
0 0.651172807944767 0.5557988159682027 0.008076144416450432 0.02349423830240127
0 0.6814583495064561 0.5890823202299377 0.029734895351476495 0.02936779787800148
0 0.7108261473844576 0.5841876872502706 0.012848411571625746 0.015662825534934015
0 0.7321178008460086 0.5795377859195872 0.012848411571625605 0.0259415547922346
0 0.7212884253784958 0.5780693721480905 0.016886483779850893 0.023983701600367766
0 0.7207377791682831 0.5511489146375191 0.026063920616726365 0.01615228883290072
0 0.7627704398811727 0.5521278460089719 0.022025848408501077 0.015173362236967379
0 0.7539601005177721 0.5800272492175539 0.01982326356765114 0.02104692181256759
0 0.7695617431404606 0.5805167125155205 0.012848411571625605 0.0190890686207009
0 0.699446125706732 0.5641196920336364 0.01578519135942571 0.017620678726800846
0 0.6375902014261914 0.5817403707604372 0.009544534310350343 0.01664175213086743
0 0.7904862991285364 0.5807614441645037 0.026063920616726223 0.013704972343067326
0 0.8130627937472501 0.5856560771441708 0.01762067872680092 0.01957853191866768
0 0.8396773605741891 0.5863902720911208 0.023861335775876142 0.013215509045100618
0 0.8596841728785773 0.5859008087931542 0.02129165346155091 0.022025848408501077
0 0.8712477432930404 0.5761115428338203 0.025329725669776194 0.022025848408500935
0 0.838208970680289 0.5692590232336514 0.025329725669776194 0.013215509045100618
0 0.65686281878363 0.5807614441645039 0.012848411571625605 0.017620678726800846
0 0.6465840895263294 0.577335201078737 0.02019036104112594 0.017620678726800704
0 0.670261876565468 0.5731747630460202 0.02936779787800148 0.01615228883290072
0 0.6621857321490177 0.5533515185804464 0.018354873673751087 0.011747119151200493
0 0.6241911436443531 0.5614276009151458 0.02459553072282624 0.013215509045100618
0 0.8495889923580144 0.5494357930946356 0.024595530722826175 0.01272604574713384
0 0.7767201438732235 0.5597145223519362 0.019823263567650854 0.020557458514601095
0 0.8507748770324051 0.5606934489478695 0.02459553072282631 0.0156628255349343
0 0.9054951545558114 0.584816417014538 0.034282656613782624 0.01941672586975308
0 0.9367439477524456 0.5548823098054656 0.016079476110889317 0.012135453668595702
0 0.9575259121599153 0.5874457653094003 0.02305736197033184 0.01739415025832031
0 0.9896848643816938 0.5844119018922513 0.01698963513603388 0.022652846848045128
0 0.9813417399845343 0.5789509477413833 0.01486593074402947 0.02063027123661264
0 0.973757081441662 0.5696470999287934 0.02214720294518713 0.017394150258320522
0 0.9871060804771173 0.5548822979653353 0.023967520995476405 0.011326423424022423
0 0.9705715248536556 0.5310159057504305 0.015169317085744467 0.021843816603472135
0 0.9484243219084685 0.5366791174624419 0.01577608976917446 0.008899332690303439
0 0.9547954350844813 0.544567162347029 0.016989635136034024 0.012539968790882127
0 0.9598013097227771 0.5660064638282146 0.02214720294518713 0.014967059524601325
0 0.9834654443765386 0.5105878762881205 0.011225294643451207 0.00849481756801694
0 0.8745497477008928 0.5170601300848354 0.014865930744029612 0.008494817568017012
0 0.8619592145197246 0.5107901496361044 0.013348999035455193 0.009708362934876504
0 0.8472449769465524 0.5109924071972477 0.012438840010310627 0.010112878057163073
0 0.8351095232779567 0.5115991798806775 0.014865930744029754 0.009708362934876504
0 0.7676060622463937 0.5126104676863938 0.013955771718885046 0.018203180502893518
0 0.7788313568898445 0.5132172403698236 0.010315135618306215 0.011326423424022706
0 0.7991582417847423 0.510385634513818 0.009101590251446651 0.006472241956584313
0 0.7886914129955784 0.5091720654666975 0.011832067326880776 0.004854181467438323
0 0.8172097291167781 0.5107901496361045 0.00576434049258296 0.010517393179449499
0 0.8087149115487614 0.5103856345138179 0.009404976593161649 0.0056632117120113176
0 0.8091699910613336 0.5156443311035427 0.010315135618306215 0.008090302445730444
0 0.7536502905275085 0.5192849672041214 0.010921908301736068 0.009708362934876646
0 0.720126099768013 0.5154420735423995 0.013045612693740336 0.019821240992039506
0 0.943115060928458 0.5637816306556388 0.010011749276591217 0.021034786358898997
0 0.9199060057872689 0.5293978452612845 0.009101590251446794 0.016989635136033954
0 0.7363572690497598 0.5601409945550602 0.014562544402314756 0.024270907337191262
0 0.8179681949710654 0.571669675540226 0.022450589286901846 0.011730938546309062
0 0.6968784269191047 0.5152398159812563 0.011528680985165778 0.008899332690303297
0 0.06783961309818336 0.5115758069969121 0.008883758858095447 0.010229782927503877
0 0.1332563828714316 0.522613204366061 0.016152288832900794 0.010768192555267292
0 0.16588268796233366 0.5238078846185811 0.008825784486251358 0.011032230607814171
0 0.20063421437694842 0.521417567986888 0.009929007547032747 0.01287093570911658
0 0.4855415698237507 0.52288853206793 0.014893511320549066 0.010664489587553732
0 0.48774801594531353 0.5102014668689436 0.01379028825976782 0.009561266526772343
0 0.7055137629657157 0.4868271182175113 0.008205791361184111 0.011244973346807826
0 0.9507652518328955 0.5126601650953132 0.007294036765496798 0.013676318935306853
