0 0.005938108415915899 0.40377219182413254 0.011876216831831798 0.02030122535355865
0 0.05115908789096775 0.4338180053473992 0.015834955775775726 0.02842171549498211
0 0.04598227542581031 0.4238704049241555 0.009135551409101383 0.024767494931341574
0 0.08008833401978879 0.44335958126357183 0.017053029296989274 0.03370003408690728
0 0.031801694111322124 0.41362629374142784 0.016472819971332323 0.018913237744862955
0 0.03569110993788671 0.40416967486899635 0.012354614978499217 0.014642506641184237
0 0.041410839094599305 0.4012716787629286 0.006863674988055127 0.015557663306258362
0 0.06417536113831551 0.4012716787629286 0.014413717474915782 0.02043849885331973
0 0.08316486193860141 0.40203430931715695 0.016701609137600798 0.018913237744863098
0 0.09643463358217468 0.41637176373664997 0.008007620819397706 0.024404177735307106
0 0.10284073023769283 0.421862703727094 0.011668247479693644 0.028064804395603153
0 0.11942794479215933 0.4085929320835207 0.015557663306258327 0.02104860329670238
0 0.14802659057572246 0.4000514698761632 0.00915156665074035 0.01860818552317161
0 0.14047654808886173 0.4433688853563334 0.016015241638795297 0.024709229956998514
0 0.15694936806019405 0.42125259928371134 0.006863674988055113 0.020743551075011055
0 0.15271676848422672 0.4272011176066924 0.014413717474915782 0.0100667233158142
0 0.15569102764571727 0.43925068036350057 0.013498560809841617 0.01891323774486289
0 0.1361295539297602 0.41759197262341524 0.007321253320592055 0.01708292441471492
0 0.13086740310558462 0.42399806927893374 0.008693988318203146 0.018913237744863046
0 0.1848616463449516 0.40189564921638804 0.01393534012726345 0.018857773704555568
0 0.19359723269338538 0.4122951567740473 0.007695635592667891 0.020799015115318512
0 0.19390921792011517 0.4221400239286315 0.016223231789948507 0.02717737975068296
0 0.21564418871562321 0.4372539749124289 0.010607497708812676 0.03078254237067151
0 0.20472470578008084 0.42241734413016824 0.00873558634843365 0.022740256526081724
0 0.2100284546344871 0.4109085557663593 0.012687399220344349 0.019135093906092988
0 0.21710011977369548 0.4178415608047987 0.015183281034182525 0.01858045350301793
0 0.2433068788189968 0.42491322594400666 0.008111615894974233 0.022740256526081734
0 0.24829864244667316 0.40605545223945066 0.010191517406506072 0.019967054510705885
0 0.2352992579995992 0.4007863684102377 0.012479409069191157 0.01663921209225485
0 0.22292384400598458 0.4028662699217696 0.012271418918038002 0.018580453503018006
0 0.2697216280154514 0.44488028045471223 0.01268739922034435 0.02995058176605871
0 0.27564934732331725 0.4231106446340132 0.010399507557659343 0.025236138339919938
0 0.2790811848173448 0.40910597445636526 0.00478377347652323 0.018303133301480444
0 0.2827210124625255 0.41354309768096653 0.0070716651392082495 0.018857773704555568
0 0.2866728253344361 0.41895084161094936 0.008735586348433806 0.02301757672761923
0 0.2954084116828699 0.4131271173786601 0.009567546953046567 0.020799015115318512
0 0.3026880669732314 0.4168709400994179 0.009567546953046487 0.02052169491378102
0 0.31059169271705245 0.4182575411071054 0.01039950755765929 0.018303133301480302
0 0.31298357945531413 0.4129884572778914 0.010191517406506066 0.017748492898405247
0 0.33305462904159655 0.4429390390439502 0.012479409069191115 0.029950581766058713
0 0.33170269305910083 0.412572476975585 0.007279655290361476 0.023572217130694354
0 0.33877435819830914 0.4127111370763546 0.007695635592667704 0.020521694913781096
0 0.3428301661457962 0.41007659516174677 0.00623970453459556 0.02301757672761923
0 0.34813391500020247 0.41160185627020346 0.006863674988055095 0.01663921209225478
0 0.34990183128500457 0.40647143254175816 0.00582372423228918 0.01913509390609299
0 0.36165327482515947 0.4116018562702039 0.011439458313425226 0.016084571689179723
0 0.3595733733136277 0.40910597445636526 0.013935340127263487 0.021076335316856216
0 0.38713206834142505 0.44072047743165044 0.01455931058072289 0.030505222169133876
0 0.3917078516667947 0.41160185627020296 0.009151566650740448 0.0188577737045555
0 0.39170785166679495 0.40383689062715106 0.004159803023063731 0.014420650479954205
0 0.39815554635254363 0.41063123556482184 0.0054077439299828715 0.01580725148764209
0 0.4039792705848329 0.41881218151018046 0.00873558634843384 0.019967054510705892
0 0.4068911327009775 0.41382041788250407 0.00873558634843384 0.02218561612300654
0 0.4152107387471046 0.40577813203791324 0.008319606046127402 0.02052169491378102
0 0.4216584334328536 0.414513718386348 0.009151566650740222 0.019135093906093133
0 0.4287300985720619 0.4088286542548276 0.008319606046127461 0.0188577737045555
0 0.4345538228043512 0.4378086153155048 0.009983527255352911 0.031891823176821814
0 0.4518170053500656 0.41395907798327286 0.01206342876688474 0.021908295921468975
0 0.4512970299721826 0.405916792138683 0.005199753778829645 0.01580725148764216
0 0.4465132564956592 0.41160185627020296 0.006031714383442294 0.01885777370455549
0 0.4400655618099105 0.4116018562702034 0.006447694685748715 0.015529931286104528
0 0.44495333036201046 0.40328225022407593 0.00499176362767642 0.01663921209225478
0 0.43673771939145956 0.41395907798327286 0.007695635592667855 0.013588689875341516
0 0.46481638979713963 0.4189508416109493 0.008943576499586997 0.02135365551839378
0 0.47615185303498836 0.42380394513785696 0.00748764544151463 0.022185616123006468
0 0.5042305234406683 0.4354513936024354 0.009983527255352911 0.027732020153758155
0 0.4880072916507199 0.40633277244098864 0.007903625743820886 0.014975290883029388
0 0.5209737306084999 0.43406479259474734 0.009775537104199756 0.02717737975068296
0 0.54447661768881 0.43517407340089775 0.016847202243407935 0.03272378378143451
0 0.5297093169569337 0.4189508416109493 0.017679162848020694 0.025790778742995145
0 0.47292800569211374 0.4128497971771223 0.011855438615731927 0.015252611084566901
0 0.49421863389197623 0.42298458999694977 0.012271418918038322 0.024681497936844668
0 0.511908969764646 0.4163552620387071 0.014267093012987288 0.015126556447504456
0 0.540529102134072 0.40329141783404426 0.006531922102331436 0.015126556447504385
0 0.5609843318755836 0.4343466966012691 0.017189268690345826 0.03048230314421339
0 0.5779157615355748 0.4295337013679724 0.010141668527304864 0.030023922645804155
0 0.5677740930082703 0.41234443267762644 0.00842274165826936 0.03139906414103187
0 0.5553118732077702 0.4115422668054102 0.007907063597558243 0.020168741930005875
0 0.5474048096102103 0.4043227739554649 0.007219492849945297 0.01673088819193673
0 0.5861666105069404 0.42082447189819705 0.007047600163041778 0.02314821516966582
0 0.5919250155182063 0.40226006171262346 0.008938419718979915 0.018564410185573622
0 0.609544015925811 0.4344612917258715 0.01082923927491791 0.029794732396599598
0 0.5959644936604377 0.4246061110100732 0.011860595396338738 0.02383578591727975
0 0.629311674919709 0.43022127211558664 0.013235736891565854 0.025440117661712013
0 0.6189981137055011 0.406958461821318 0.004984887920200265 0.013751414952276804
0 0.5985428839639896 0.3964157103579059 0.005328673294007373 0.01283465395545825
0 0.6053326450966761 0.39687409085631514 0.00859463434517295 0.011001131961821287
0 0.6125521379466214 0.398707612849952 0.007219492849945297 0.01191789295863984
0 0.5804941518391263 0.3967594957317128 0.0060162440416210924 0.01214708320784446
0 0.5952769229128237 0.4089065789395572 0.012204380770145563 0.01214708320784446
0 0.6094580695823596 0.4157822864156959 0.006875707476138851 0.015814127195118245
0 0.6477901387618306 0.4091357691887619 0.00618813672852454 0.014438985699890666
0 0.6747772906056738 0.429189915994166 0.010313561214207942 0.027502829904553536
0 0.6599085731885245 0.4252936817576871 0.0084227416582695 0.019710361431596723
0 0.6618853390879142 0.40157249096500963 0.0058443513547177875 0.018564410185573622
0 0.6840594956984606 0.42494989638388014 0.006531922102331436 0.019481171182392103
0 0.6396252361339162 0.41715742791092325 0.012204380770145634 0.01810602968716445
0 0.647962031448734 0.43365912585365535 0.014095200326083942 0.02314821516966587
0 0.6379922556083334 0.39847842260074734 0.005844351354717432 0.016501697942732107
0 0.6973811789334786 0.4390450967099638 0.013923307639180394 0.019710361431596653
0 0.6987563204287062 0.4220850182688224 0.010829239274918053 0.011001131961821429
0 0.6997017302066751 0.43320074535524616 0.01547034182131128 0.016730888191936657
0 0.7195553355440247 0.4289607257449608 0.009454097779690262 0.024294166415688913
0 0.7186099257660559 0.4189909499045602 0.009625990466593634 0.01214708320784446
0 0.7113904329161105 0.418188784032344 0.0058443513547177875 0.015584936945913626
0 0.7098433987339794 0.4293045111187678 0.007907063597559374 0.023148215169665826
0 0.7083823108952998 0.40535413007688575 0.0073913855368486735 0.015584936945913626
0 0.6904195251138884 0.41005253018558024 0.009282205092786882 0.01718926869034597
0 0.6898179007097264 0.40237465683722573 0.009797883153497224 0.015126556447504385
0 0.6820827297990707 0.4047811544538742 0.007735170910655711 0.020856312677619754
0 0.6754648613532875 0.40065572996819115 0.005844351354717503 0.015814127195118245
0 0.6757227003836428 0.38999838338017667 0.006360029415427988 0.01283465395545825
0 0.6999595692370303 0.3891962175079605 0.006360029415427988 0.008938419718979844
0 0.7039990473792617 0.39229028587222287 0.008938419718979844 0.01283465395545825
0 0.7308143065362013 0.41074010093319413 0.010313561214207425 0.013980605201481353
0 0.7455970776098989 0.4188763547799579 0.006875707476138473 0.020627122428415134
0 0.7476597898527403 0.39343623711824594 0.006875707476138473 0.014209795450685974
0 0.7605517413704997 0.38908162238335825 0.00859463434517295 0.012834653955458322
0 0.7630441853306 0.40661467644751115 0.006016244041621235 0.013522224703072112
0 0.7242823844338698 0.39160271512460904 0.004812995233296817 0.011001131961821358
0 0.7328770187790429 0.39217569074762054 0.005844351354717645 0.009855180715798327
0 0.738291638416502 0.38885243213415366 0.004984887920200407 0.010542751463412188
0 0.7385494774468572 0.3995097787221681 0.009625990466593777 0.010313561214207567
0 0.7736155855751627 0.39561354448568975 0.0058443513547177875 0.013063844204662872
0 0.7734436928882593 0.4045519642046696 0.007907063597559301 0.013980605201481353
0 0.7709512489281594 0.3906859541277906 0.005328673294007302 0.009625990466593706
0 0.7764518149090699 0.4233455646394478 0.009454097779690187 0.03185744463944111
0 0.7792020978995252 0.41440714492046793 0.007735170910655711 0.014438985699890524
0 0.769404214746028 0.4348050770996785 0.011516810022531559 0.028648781150576567
0 0.7650209512299898 0.41761580840933255 0.010313561214207567 0.01810602968716438
0 0.7621847218960827 0.42437692076086864 0.011173024648724805 0.02291902492046127
0 0.7554809071068479 0.42185582801961785 0.008078956284462464 0.018335219936369
0 0.7578874047234961 0.4059271056998973 0.005672458667814197 0.014897366198299764
0 0.7924378347910915 0.4254082768822894 0.018392517498670033 0.025898498160121193
0 0.4275096604950474 0.42437692076086864 0.017361161377249416 0.020627122428415134
0 0.5224803700092086 0.4037497983324535 0.012720058830856047 0.016043317444322795
0 0.5323641995061572 0.4098233399363754 0.010485453901111086 0.014897366198300151
0 0.2337052971139433 0.41070110512905267 0.01096675342444067 0.02470670886425723
0 0.4880205273876115 0.42091153073111826 0.007185114312564522 0.02243772539713156
0 0.4807408720972499 0.3996082970675497 0.009265015824096489 0.01109280806150312
0 0.5084413785917424 0.40981872266961505 0.013992064713941588 0.016387102818129832
0 0.5610061622468203 0.4013730619864251 0.006428786490189325 0.01764764918875521
0 0.5649768833142902 0.39822169605986163 0.0060506225790017965 0.013866010076879078
0 0.5542937528232402 0.39923013315636197 0.005861540623407962 0.010840698787378145
0 0.5328329508633434 0.3958266579556735 0.006806950401376923 0.015630774995754635
0 0.6283193384382147 0.3955745486815485 0.006806950401376713 0.011092808061503232
0 0.6251049451931202 0.3948182208591732 0.000756327822375269 0.0005042185482501793
0 0.6546017302657539 0.40767579383955194 0.007941442134939792 0.018656086285255426
0 0.6691610408464769 0.40780184847661444 0.011723081246815923 0.015882884269879653
0 0.6683101720463046 0.4248192244800569 0.005483376712220098 0.022185616123006534
0 0.7275873651249626 0.4045244279129885 0.01247940906919112 0.015378665721629475
0 0.7173769395228973 0.4038941547276758 0.009832261690877857 0.01663921209225478
0 0.7152970380113653 0.39544849404448584 0.011723081246815923 0.010840698787378145
0 0.7454556099285773 0.40729762992836427 0.011533999291222018 0.013866010076879078
0 0.7548151667304707 0.3988519692451743 0.010588589513253055 0.00857171532025255
0 0.8251536542113662 0.4381810160086858 0.023446162493631847 0.03075733144325895
0 0.8065290815853764 0.4294832460513707 0.015693802314285958 0.01890819555938059
0 0.8473707839936384 0.4055328650094887 0.01039950755765929 0.011344917335628323
0 0.7974531477168739 0.4050286464612386 0.005105212801032763 0.014370228625129187
0 0.7925370168714349 0.41700383698217963 0.009643179735284092 0.01764764918875521
0 0.8058672947407982 0.4180122740786799 0.016639212092255065 0.015630774995754562
0 0.8207102282549118 0.4137264164185537 0.012668491024784885 0.012101245158003522
0 0.8554067671063756 0.4354078139933099 0.009832261690878596 0.026219364509007696
0 0.870060618664895 0.44208870975762443 0.00926501582409628 0.027479910879632995
0 0.8326223914573216 0.3975914228745489 0.005483376712220291 0.01310968225450381
0 0.8254372771447569 0.40187728053467525 0.006239704534595348 0.008067496772002372
0 0.8143759827425194 0.4050286464612386 0.005672458667814197 0.010336480239128037
0 0.8341350471020721 0.4147348535150539 0.008130524090533697 0.015126556447504456
0 0.8431164399927777 0.4120877061367406 0.005672458667814197 0.00831960604612739
0 0.7907407382932936 0.39923013315636185 0.0075632782237521215 0.01789975846288023
0 0.8050164259406261 0.4028857176311755 0.008886851912909038 0.011597026609753343
0 0.7824211322471664 0.40376810009061326 0.009832261690877857 0.00932804314262782
0 0.8543668163506092 0.42267629564999376 0.011533999291222159 0.023446162493631847
0 0.8656171927084406 0.42607977085068227 0.010588589513253198 0.023698271767756934
0 0.906931600005687 0.44082816338699904 0.022122588804475214 0.035547407651635436
0 0.9422899257017286 0.4389373438310611 0.02892953920585228 0.03529529837751035
0 0.8842417653344304 0.4026336083570504 0.0069960323569706875 0.014118119351004097
0 0.9213018286308161 0.4129700885961784 0.017962785781411555 0.01815186773700532
0 0.873936798754568 0.4042723186388633 0.007941442134939934 0.010336480239128037
0 0.883769060445446 0.4245671152059318 0.011344917335628495 0.028236238702008268
0 0.896248469514637 0.4238107873835566 0.011344917335628252 0.02621936450900762
0 0.894452190936496 0.4214157492793684 0.00813052409053384 0.014874447173379294
0 0.8762057822216935 0.4206594214569932 0.008697769957315131 0.01739553991463012
0 0.8927504533361517 0.4040202093647383 0.011912163202409686 0.01739553991463005
0 0.866468061508613 0.39859985997104913 0.0069960323569705826 0.011092808061503234
0 0.9079170876258168 0.40780184847661444 0.01210124515800345 0.019412414107630626
0 0.9116041857598961 0.4238107873835566 0.008508688001721084 0.017647649188755138
0 0.9186947590946636 0.42759242649543266 0.006428786490189396 0.019160304833505535
0 0.9422354625660924 0.3987259146081118 0.005483376712220291 0.015378665721629475
0 0.9473406753671253 0.42343262347236904 0.011912163202409686 0.02193350684888138
0 0.957172937058003 0.4306177377849336 0.013802982758347753 0.024202490316007116
0 0.9829826239965576 0.4399457809275613 0.010210425602065386 0.027732020153758086
0 0.9938548364432012 0.4426181388485989 0.0122903271135975 0.03458939164058364
0 0.9767429194619618 0.4028857176311755 0.010588589513252913 0.01310968225450381
0 0.9758920506617897 0.42721426258424505 0.013046654935972412 0.022941943945381668
0 0.9880878367975902 0.4128440339591159 0.012857572980378791 0.02142928830063127
0 0.9726776574166951 0.3987259146081118 0.008886851912908753 0.010840698787378145
0 0.9410064298547326 0.4175080555304298 0.007941442134939934 0.018151867737005247
0 0.9350503482535278 0.40338993617942565 0.005861540623407962 0.01310968225450388
0 0.9308905452304643 0.4054068103724262 0.007374196268158499 0.0171434306405051
0 0.9177493493166946 0.39935618779342447 0.006050622579001868 0.014622337899254276
0 0.9223818572287428 0.39771747751161146 0.005105212801032763 0.008823824594377569
0 0.9247453816736655 0.39469216622211056 0.0037816391118761315 0.011849135883878432
0 0.908578874470395 0.3960787672297985 0.0043488849786575655 0.011092808061503163
0 0.9003538094020646 0.3935576744885477 0.005294294756626528 0.011092808061503234
0 0.8912778755335619 0.39431400231092295 0.004537966934251471 0.012101245158003593
0 0.8966667112679855 0.39633087650392357 0.004727048889845236 0.010588589513253055
0 0.961994526925645 0.40704552065423916 0.00794144213493965 0.013866010076879149
0 0.9653980021263335 0.3965829857780486 0.006050622579001868 0.009580152416752839
0 0.9544312487018928 0.4011209527122999 0.009832261690877857 0.010588589513253126
0 0.9522568062125641 0.41448274424092885 0.01077767146884696 0.009580152416752767
0 0.4967476587284109 0.419030306328099 0.011912163202409757 0.01310968225450381
0 0.5774038190965848 0.4075453675016216 0.010318391398709608 0.012415625422837522
0 0.6054648103394169 0.41157205682794734 0.010066723315814272 0.011744510535116603
0 0.6305057845875042 0.4093909334428543 0.00981505523291893 0.010737838203535011
0 0.74237224743449 0.4144242951007614 0.006543370155279149 0.017448987080744657
0 0.810322629816236 0.38925748681122585 0.005536697823697665 0.01073783820353519
0 0.8197601829248116 0.3914386101963189 0.005285029740802543 0.008388936096511798
0 0.8023950852050322 0.3931163974156213 0.004278357409220917 0.010402280759674625
0 0.7942158725109332 0.39160638891824917 0.005033361657907278 0.008053378652651304
0 0.8442978210071088 0.39160638891824917 0.007046706321069962 0.008724493540372294
0 0.8585170676906962 0.39227750380597015 0.006291702072383884 0.0073822637649303855
0 0.8590204038564871 0.4058675802823193 0.00830504673554671 0.007717821208790809
