0 0.17786086624641567 0.6958103345880327 0.019282383744245946 0.017659287469477647
0 0.21934720702949026 0.6760734838868516 0.04732948737223999 0.040512483018213745
0 0.24505705202181813 0.6812673919661099 0.016945125108579758 0.02389197716458767
0 0.3403003414252147 0.6589335872252998 0.03914908214740841 0.04362882786576876
0 0.4819966462124765 0.6677632309600386 0.05375694862032205 0.046745172713323485
0 0.479367230247352 0.6334834376369346 0.039149082147408476 0.03427979332310393
0 0.5690595303910414 0.6599723688411513 0.06310598316298681 0.0560942072559881
0 0.5243594589839259 0.6402355181399702 0.055509892597071654 0.039473701402362026
0 0.5930164314066196 0.6194598858229377 0.046745172713323485 0.03531857493895558
0 0.6400537614494014 0.6215374490546409 0.021619642379911923 0.05193908079258172
0 0.7905147861204104 0.5934903454266467 0.026878474310160917 0.04362882786576874
0 0.9268724696356273 0.5850202429149798 0.05921052631578958 0.03643724696356273
