0 0.17614058134669833 0.5914774508083757 0.01912028684929165 0.046488540574748355
0 0.07379081056519599 0.595226526661178 0.014621395825928883 0.04798817091586926
0 0.04567274166917886 0.5809800384205295 0.01687084133761028 0.046488540574748285
0 0.10978193875209791 0.5689829956915621 0.01912028684929165 0.04049001921026459
0 0.08616276087944351 0.5532368771097924 0.0146213958259289 0.023994085457934702
0 0.027606831279725897 0.5531687120942869 0.016359603721319053 0.0313559071325281
0 0.038854058838132734 0.5429439597684624 0.012269702790989281 0.01908620434153896
0 0.06237098918752888 0.5422623096134075 0.018404554186483936 0.034082507752748084
0 0.02300569273310491 0.5334008575976931 0.013292178023571723 0.013633003101099278
0 0.0480563359313747 0.5293109566673633 0.008179801860659532 0.016359603721319046
0 0.07668564244368305 0.5272660062021984 0.014314653256154166 0.012269702790989143
0 0.11093856273519478 0.5415806594583527 0.015337128488736607 0.019086204341538817
0 0.1216745526773104 0.5402173591482423 0.010224752325824413 0.016359603721319036
0 0.14468024541041533 0.5279476563572534 0.013292178023571726 0.013633003101099135
0 0.15286004727107488 0.5395357089931878 0.017382078953901505 0.02044950465164874
0 0.17975898153590608 0.5414828418929014 0.009218409309533654 0.022533889423304528
0 0.19488664978080558 0.5619062473416343 0.013274694097124569 0.023855972000629947
0 0.22634190318486155 0.5911490517295028 0.01846913961339073 0.039246921678455206
0 0.23095918808820926 0.579221065729188 0.009234569806695347 0.023086424516738403
0 0.20065825590999012 0.5476696188896455 0.005194445516266164 0.018469139613390695
0 0.2159530121523293 0.5368959541151676 0.004617284903347638 0.013851854710043056
0 0.21566443184587009 0.5457457501799173 0.012120372871287692 0.019238687097282037
0 0.22085887736213614 0.5411284652765697 0.0063487667421030505 0.01923868709728189
0 0.2324020896205054 0.5538259987607757 0.013274694097124567 0.023086424516738403
0 0.23846227605614928 0.5592128311480156 0.015006175935879978 0.0230864245167385
0 0.2399051775884454 0.5322786692118199 0.007503087967939983 0.018469139613390695
0 0.2759777158958491 0.5711408171483305 0.011543212258369222 0.028473256903977406
0 0.3036814253159353 0.5953815628909048 0.015006175935879914 0.04617284903347694
0 0.28319222355732987 0.5438218814701891 0.012120372871287729 0.018469139613390695
0 0.2947354358156991 0.5392045965668414 0.007503087967939983 0.018469139613390695
0 0.29992988133196524 0.5303548005020917 0.008657409193776893 0.016160497161716875
0 0.3256135286068366 0.5361264066312764 0.011543212258369163 0.01385185471004272
0 0.3296536528972659 0.5769124232775141 0.012697533484206148 0.021547329548955857
0 0.33542525902645054 0.5622910210835798 0.009234569806695347 0.023086424516738403
0 0.3388882227039614 0.5469000714057544 0.009234569806695351 0.01846913961339079
0 0.3564916213979744 0.5846078981164269 0.012120372871287586 0.030781899355651277
0 0.3564916213979743 0.5403589177926783 0.006348766742103038 0.017699592129499352
0 0.3804437868340904 0.574988554567786 0.013851854710043056 0.023855972000629676
0 0.39314132031829657 0.594227241665068 0.026549388194249134 0.037707826710672736
0 0.3980471855281035 0.5803753869550249 0.015583336548798456 0.030012351871760073
0 0.40410737196374735 0.5472848451477 0.006925927355021468 0.022316877032847068
0 0.4173820660608719 0.5411284652765695 0.006925927355021528 0.019238687097281895
0 0.003148148797737055 0.531551445772055 0.00629629759547411 0.010633744915159013
0 0.0023611115983027914 0.5458930125173016 0.004722223196605583 0.018329219754071743
0 0.10729940485620464 0.5272839562470546 0.0047222231966055975 0.011893006569228958
0 0.17839509853843313 0.5262345733144755 0.006296297595474129 0.009794240704070844
0 0.18626547053277576 0.5262345733144755 0.006296297595474094 0.009794240704070844
0 0.20016979438944774 0.5258847790036159 0.011018520792079727 0.009094652082351544
0 0.2132870810466855 0.5269341619361949 0.005771606129184619 0.005596708973754687
0 0.22430560183876516 0.5272839562470546 0.012067903724658713 0.009094652082351544
0 0.25473770688355674 0.5265843676253352 0.009969137859500633 0.006296297595474058
0 0.2597222758133071 0.5276337505579143 0.010493829325790252 0.009794240704070844
0 0.26418215327676786 0.530082310733932 0.009969137859500704 0.016090538299544904
0 0.2591975843470175 0.5398765514380028 0.006296297595474129 0.009094652082351615
0 0.3074691992456524 0.5255349846927562 0.010493829325790181 0.005596708973754687
0 0.3284568578972328 0.5265843676253352 0.009444446393211195 0.006296297595474058
0 0.36597229773693274 0.5255349846927562 0.009969137859500776 0.005596708973754687
0 0.3756790898632886 0.5356790197076866 0.007345680528053151 0.014691361056106302
0 0.38302477039134175 0.5290329278013529 0.00734568052805308 0.012592595190948188
0 0.4032253918434878 0.5283333391796335 0.006820989061763641 0.011193417947509445
0 0.40925934370581724 0.5335802538425287 0.005246914662895108 0.01469136105610623
0 0.4215895931636206 0.5367284026402658 0.005771606129184548 0.01399177243438693
0 0.43234576822255555 0.5339300481533883 0.005246914662895108 0.01399177243438686
0 0.43785502861859543 0.5276337505579143 0.0068209890617635695 0.008395063460632173
0 0.43418218835456884 0.5580658556027057 0.008919754926921755 0.017489715542983647
0 0.4320834224894108 0.5703086564827943 0.014166669589816721 0.020987658651580362
0 0.2775617856671504 0.4993004113782808 0.0031481487977370647 0.0048971203520353866
0 0.25169527762858 0.5001799979740467 0.0021502279883458186 0.004300455976691495
0 0.31960664492716745 0.5001799979740467 0.006092312633646379 0.0052561128604007475
0 0.34935146543261736 0.49755194154384624 0.0032253419825186568 0.007645255069673951
0 0.3624320190283875 0.49731302732291893 0.005733941302255446 0.0071674266278193245
0 0.38429267024323616 0.4970741131019912 0.005017198639473357 0.008600911953383129
0 0.41755900738524704 0.49671080552636704 0.004424849331389415 0.009327527104633644
0 0.41949154700287183 0.49711952654894503 0.0032579211944632645 0.007503091235733663
0 0.46125217322281054 0.49692207677958355 0.0032579211944633356 0.008687789851902182
0 0.49264668655127514 0.49790932562639073 0.005034969118716077 0.008292890313179343
0 0.5047898473670019 0.4977118758570292 0.005034969118715864 0.006318392619565216
0 0.520190929377192 0.49711952654894503 0.00562731842680023 0.008292890313179343
0 0.5443291636816247 0.49909402424255916 0.0029617465404211175 0.005923493080842448
0 0.5552876258811831 0.5000812730893661 0.007108191697010966 0.003948995387228394
0 0.45725381539324206 0.5749147356773416 0.011846986161684695 0.022509273707201207
0 0.4508860603313364 0.5474692177361057 0.006812017042968859 0.020534776013586886
0 0.45829042668238934 0.5304885375710237 0.006812017042968676 0.008687789851902111
0 0.46421391976323173 0.5265395421837954 0.005034969118716077 0.00868778985190204
0 0.46465818174429485 0.5360171311131431 0.005923493080842448 0.010267388006793467
0 0.4753204692898111 0.5478641172748279 0.008885239621263565 0.015795981548913006
0 0.47828221583023234 0.5626728499769338 0.011846986161684683 0.01856027831997274
0 0.5080477685614652 0.5265395421837954 0.009773763583389937 0.006318392619565145
0 0.4834652722759694 0.5275267910306024 0.0032579211944633356 0.009082689390624949
0 0.4960526950727594 0.5366094804212274 0.004146445156589636 0.01382148385529888
0 0.48938876535681197 0.540953375347179 0.008589064967221312 0.014611282932744546
0 0.49812591765105424 0.5433227725795153 0.006515842388926742 0.0130316847778532
0 0.4905734639729802 0.5516156628926957 0.01155081150764266 0.018560278319972763
0 0.4919062499161699 0.5907107172262543 0.01895517785869565 0.03988485341100521
0 0.5095286418316759 0.5796535301420153 0.013920208739979572 0.026458269094429027
0 0.527595295728245 0.5733351375224506 0.006219667734884271 0.017770479242527212
0 0.5354439240603612 0.5628702997462952 0.008885239621263565 0.022114374168478293
0 0.5283357323633504 0.5332528343420835 0.007108191697010824 0.015006182471467469
0 0.5674369177714863 0.5764943338322327 0.01036611289147416 0.02566847001698342
0 0.5428544214859906 0.5261446426450725 0.0074043663510530424 0.007897990774456503
0 0.5477413032776856 0.5291063891854937 0.008885239621263495 0.014611282932744558
0 0.554109058339591 0.5279216905693253 0.0032579211944633356 0.009872488468070557
0 0.5790446177420668 0.5732958021338364 0.00906679468419135 0.01892200629744302
0 0.5597284029800939 0.5446499870446522 0.005124710038890825 0.017345172439322668
0 0.55386414483006 0.5411879027886694 0.006515842388926529 0.012162905792662998
0 0.5620089478162182 0.5285906075034111 0.007819010866712049 0.010425347822282518
0 0.5869320449538624 0.529676581234899 0.005538466030587585 0.012597295285258098
0 0.5823709552816139 0.5298937759811966 0.0022805448361243206 0.009556568837092456
0 0.5784614498482579 0.5353236446386354 0.004886881791694862 0.014334853255638436
0 0.5836741237593992 0.5435770449979423 0.0061900502694803095 0.016072411226018987
0 0.6027329627470095 0.529676581234899 0.007819010866711978 0.012597295285258098
0 0.6113664539123372 0.5320657234441721 0.008796387225050993 0.011294126807472722
0 0.6305881889596707 0.529676581234899 0.0061900502694803095 0.009122179344497211
0 0.6235836583915746 0.5526992243424397 0.005864258150033948 0.014334853255638578
0 0.6252126189888063 0.5455317977146203 0.006515842388926671 0.016506800718614018
0 0.6159275435845841 0.5739843094795999 0.012705892658406834 0.024760201077921238
0 0.6450859382750325 0.5672512723443757 0.014334853255638578 0.018244358688994565
0 0.6519275727834054 0.528156218010816 0.006515842388926529 0.007819010866711907
0 0.6563257663959309 0.5448802134757277 0.009447971463943645 0.01694119021120919
0 0.672126684189078 0.5442286292368351 0.005864258150034107 0.013900463763043481
0 0.6685429708751677 0.5661652986128878 0.009773763583390532 0.020416306151970008
0 0.6805972792946824 0.5761562569425753 0.00781901086671212 0.022153864122350483
0 0.6869502256238857 0.552047640103547 0.007493218747265615 0.01998191665937483
0 0.7131764912393155 0.5329345024293624 0.0058642581500338055 0.0130316847778532
0 0.7284887208532931 0.5459661872072155 0.010425347822282304 0.017375579703804364
0 0.7379366923172366 0.5574775087609858 0.007819010866711804 0.02128508513716014
0 0.7413575095714231 0.5685544408221611 0.009447971463943503 0.024325811585326065
0 0.7524344416325982 0.5511788611183568 0.006841634508372749 0.019113137674184485
0 0.746570183482564 0.5448802134757278 0.006190050269480509 0.019547527166779866
0 0.7584615958423552 0.5307625549663868 0.0058642581500338055 0.009556568837092314
0 0.7434751583478242 0.5318485286978746 0.007819010866711835 0.009990958329687558
0 0.6300995007805013 0.5018756537088122 0.007167426627819253 0.003909505433355989
0 0.6428053934389081 0.501441264216217 0.005212673911141223 0.003909505433355918
0 0.6537194294403602 0.49883492726064643 0.006841634508372892 0.0065158423889266
0 0.6681296726079367 0.5014324524083282 0.003182041737642578 0.003916359061714019
0 0.6842846537375067 0.5015956340358996 0.0061193110339281985 0.0029372692962854785
0 0.7050903112528621 0.5006165442704711 0.006608855916642398 0.0068536283579993555
0 0.7232034719132894 0.4996374545050426 0.006119311033928056 0.006200901847713709
0 0.7262631274302533 0.5024115421737566 0.007832718123428038 0.005221812082285168
0 0.7340958455536812 0.5011060891531853 0.006853628357999497 0.0039163590617138765
0 0.7549015030690367 0.4984951831120428 0.005874538592570957 0.006527265102856532
0 0.7686087597850357 0.4991479096223284 0.004895448827142417 0.0052218120822852395
0 0.7667729664748572 0.5025747238013281 0.005629766151213716 0.0035899958065711245
0 0.7733818223914994 0.4984951831120428 0.0036715866203570614 0.003916359061713948
0 0.7770534090118563 0.4986583647396142 0.005629766151213999 0.006853628357999426
0 0.7851308995766412 0.4984951831120428 0.003671586620356777 0.004569085571999594
0 0.7733301328952158 0.5295422785855165 0.0125429965986838 0.00764525506967388
0 0.7830061588427718 0.5278698790390254 0.009676025947556184 0.005256112860400677
0 0.7736885042266067 0.5463554889209774 0.007525797959210212 0.013379196371929383
0 0.7774514032062119 0.5614070848393989 0.01003439727894687 0.023413593650876335
0 0.7865898721566813 0.5430106898279962 0.008242540621992162 0.014334853255638649
0 0.7896360284735047 0.5310649787816307 0.005733941302255232 0.010512225720801708
0 0.8063002953831844 0.5477889742465423 0.007525797959210223 0.018157480790475234
0 0.8066586667145753 0.5614070848393989 0.008959283284774102 0.015768338581202457
0 0.8163346926621314 0.5532840013278705 0.006092312633646486 0.01672399546491164
0 0.8324614025747249 0.5578233715254893 0.01110951127311978 0.015290510139347688
0 0.8200975916417366 0.5281980081305031 0.015051595918420304 0.005733941302255375
0 0.8369410442171119 0.5415772045024323 0.007167426627819253 0.013379196371929183
0 0.839325250182151 0.5358273085427807 0.006219667734884524 0.012241885700407523
0 0.8433236080117196 0.5275344182296015 0.010662287545516165 0.006713292158287984
0 0.86435200844871 0.5630753767146556 0.008885239621263424 0.019350077397418345
0 0.8742738593591208 0.5547824864014763 0.010366112891474301 0.019350077397418418
0 0.8764951692644368 0.5429355002397916 0.00533114377275794 0.013821483855298808
0 0.8751623833212472 0.5269420689215173 0.005034969118716077 0.006318392619565216
0 0.8852323215586793 0.539776303930009 0.009181414275305855 0.01698068016508138
0 0.884639972250595 0.5490564430899955 0.011550811507642748 0.015795981548912933
0 0.8987082683175959 0.5790688080329307 0.010069938237431637 0.020534776013586886
0 0.9151459616169332 0.5312859638474683 0.009773763583390008 0.011057187084239075
0 0.9206251927167125 0.5354324090040579 0.008292890313179414 0.012241885700407523
0 0.9078896825929013 0.5362222080815036 0.011846986161684754 0.014611282932744416
0 0.9111476037873646 0.5449099979334057 0.007700541005095119 0.010662287545516307
0 0.90211427683908 0.5476742947044655 0.008589064967221418 0.013821483855299022
0 0.9061126346686487 0.5551773859401992 0.00770054100509526 0.015401082010190238
0 0.9148497869628912 0.5569544338644518 0.008589064967221276 0.020534776013586865
0 0.9341011394756288 0.5688014200261367 0.014512558048063652 0.02211437416847801
0 0.9472809115805031 0.5611008790210416 0.0077005410050949765 0.018560278319972808
0 0.9592759850692089 0.5640626255614627 0.00562731842680023 0.010267388006793539
0 0.9745289797523778 0.5376043564670334 0.005331143772758225 0.008687789851902111
0 0.9434575660465049 0.5284261383503314 0.009301352771570777 0.008485444633713542
0 0.9331771235095055 0.5266311404470458 0.004405903944428218 0.004895448827142417
0 0.9275473573582917 0.5253256874264746 0.006364083475285156 0.005548175337428134
0 0.6939632445779648 0.5025129970646 0.005923493080842377 0.003230996225913998
0 0.7895468829279211 0.49856400167737164 0.004846494338870855 0.004666994548542576
0 0.8034132417308021 0.5012564985323 0.0029617465404211886 0.0035899958065711245
0 0.8062403634284769 0.5005384993709857 0.004307994967885378 0.0035899958065711245
0 0.7393318165835074 0.5008974989516429 0.004577244653378188 0.0035899958065711245
0 0.6994828631305678 0.5272839681299408 0.0061927427663351865 0.003230996225914069
0 0.7252057582661723 0.5282000913648625 0.005259573120070371 0.002697216984651547
0 0.7183278549553112 0.5277955088171647 0.007282485858558943 0.004045825476977285
0 0.6768581438162944 0.5032508342568361 0.0048549905723726285 0.002427495286186243
0 0.6123272274585075 0.498530704533696 0.005664155667768114 0.008091650953954428
0 0.7947706929736883 0.5297402022630985 0.010280442536999033 0.006853628357999568
0 0.8394666740788571 0.49999455775172963 0.0023907150545774414 0.0034328216168291446
0 0.8445239559250786 0.4997493562076704 0.0018390115804442074 0.003923224704947543
0 0.8492134354552112 0.49938155389158156 0.003126319686755181 0.004658829337125212
0 0.876246905687741 0.4996267554356407 0.002758517370666027 0.0031876200727699454
0 0.8837868531675622 0.4998719569797 0.0016551104223998436 0.0031876200727700165
0 0.8798329782696073 0.4997493562076704 0.0022068138965330776 0.0019616123524738784
0 0.9470364664832069 0.49729734076707804 0.0022068138965330776 0.0034328216168292157
0 0.953105204698673 0.49815554617128543 0.003678023160888273 0.003678023160888344
0 0.9591739429141388 0.4985233484873743 0.003310220844799403 0.003923224704947686
0 0.9689207042904929 0.4985233484873743 0.003678023160888415 0.003923224704947686
