0 0.33622183708838826 0.4150779896013864 0.10629693818601968 0.07452339688041597
0 0.5049104563835932 0.2902946273830156 0.0785673021374928 0.05372616984402079
0 0.388792605430387 0.3006932409012132 0.0681686886192952 0.05025996533795496
0 0.17388792605430387 0.2694974003466204 0.04043905257076835 0.03986135181975737
0 0.10918544194107453 0.29636048526863085 0.026574234546504913 0.051993067590987894
0 0.07452339688041594 0.2790294627383016 0.045060658578856154 0.038128249566724365
0 0.03986135181975736 0.29722703639514736 0.024263431542461005 0.05025996533795496
0 0.6782206816868862 0.2746967071057192 0.046216060080878085 0.046793760831889096
0 0.8584633160023109 0.30329289428076256 0.07856730213749273 0.051993067590987894
0 0.988157134604275 0.29289428076256496 0.023685730791449942 0.05892547660311962
0 0.8931253610629691 0.4618717504332755 0.07163489312536099 0.08838821490467924
0 0.8232235701906409 0.440207972270364 0.0450606585788569 0.06932409012131709
0 0.82842287694974 0.47487001733102246 0.06008087810514155 0.1143847487001733
0 0.7660311958405547 0.4904679376083189 0.06008087810514155 0.11785095320623917
0 0.6718659734257655 0.3847487001733103 0.10976314269208558 0.05545927209705376
0 0.6233391103408434 0.40641247833622174 0.09127671865973429 0.08838821490467944
0 0.1415366839976892 0.5389948006932409 0.1028307336799538 0.12478336221837097
0 0.07394569612940496 0.49826689774696703 0.05083766608896591 0.09532062391681109
0 0.25649913344887343 0.48266897746967075 0.03697284806470247 0.07452339688041604
0 0.29231658001155403 0.4870017331022531 0.03004043905257074 0.09358752166377819
0 0.25014442518775276 0.5181975736568458 0.10514153668399767 0.09358752166377819
0 0.3922588099364529 0.5051993067590987 0.07047949162333907 0.1057192374350086
0 0.463316002310803 0.5086655112651646 0.0762564991334488 0.11611785095320627
0 0.5083766608896592 0.4878682842287695 0.039283651068746435 0.09532062391681109
0 0.5430387059503177 0.4722703639514731 0.06701328711727321 0.1126516464471404
0 0.6227614095898325 0.4714038128249567 0.09474292316580005 0.0866551126516464
0 0.6308492201039861 0.49913344887348354 0.07163489312536094 0.11091854419410752
0 0.02079722703639515 0.5199306759098787 0.0415944540727903 0.0831889081455806
0 0.025418833044482954 0.4930675909878683 0.03697284806470247 0.08492201039861365
