0 0.26831380965520074 0.4796143840253042 0.005910998728440226 0.004111999115436831
0 0.28328405643483756 0.478243717653492 0.0060394987007976655 0.0034266659295305855
0 0.2890665551909205 0.47995705061825733 0.00372649919836455 0.0017133329647652574
0 0.2915723046518897 0.48158471693478433 0.0028269993918627633 0.0025699994471479214
0 0.29651955358764953 0.4804710505076869 0.004240499087794163 0.0027413327436244827
0 0.2967765535323643 0.4779010510605389 0.002955499364220131 0.0023986661506715024
0 0.3048078018047017 0.48158471693478433 0.0030839993365775697 0.0025699994471479214
0 0.30757055121038573 0.47755838446758586 0.0026984994195053246 0.0023986661506715024
0 0.3158587994274379 0.48295538330659654 0.0030839993365775697 0.005996665376678578
0 0.3186857988193007 0.4771300512263945 0.00205599955771838 0.00428333241191325
0 0.32421129763066875 0.4819273835277373 0.002826999391862799 0.00222733285419487
0 0.32266929796238003 0.4792717174323512 0.00205599955771838 0.0027413327436244827
0 0.3264600471469232 0.4779010510605389 0.003983499143079356 0.0023986661506715024
0 0.33050779627618126 0.4801283839147338 0.0046259990048663725 0.0027413327436244827
0 0.32883729663553507 0.48321238325131133 0.0023129995024331862 0.0017133329647653994
0 0.3319855459582914 0.48458304962312354 0.002184499530075783 0.0023986661506714313
0 0.33969554429973514 0.4797000506735425 0.002955499364220131 0.00222733285419487
0 0.34110904399566666 0.47738705117110924 0.0019274995853609768 0.001370666371812277
0 0.34412879334606544 0.47670171798520317 0.002055999557718451 0.00205599955771838
0 0.3538947912452277 0.47764405111582403 0.002312999502433115 0.0025699994471479926
0 0.3562077907476608 0.47832938430173016 0.0038549991707218824 0.002912666040101044
0 0.3649457888679639 0.4839833830854557 0.0030839993365776052 0.0032553326330541665
0 0.3651385388265 0.4790147174876364 0.0026984994195053957 0.0025699994471479926
0 0.3632752892273177 0.47764405111582403 0.00205599955771838 0.00428333241191325
0 0.37371783177094337 0.4850151898901627 0.00295549936422006 0.002055999557718451
0 0.37211158211647594 0.47533485863923874 0.00411199911543676 0.002912666040101044
0 0.37712308103841435 0.48373019016658875 0.0023129995024331862 0.0025699994471479214
0 0.37532408142541085 0.4811601907194407 0.00205599955771838 0.0018846662612418187
0 0.3672285831668948 0.4795325244029138 0.0010279997788592255 0.0034266659295305855
0 0.3679353330148605 0.4952095210305163 0.004497499032508969 0.003597999226007076
0 0.3768018311075209 0.4952951876787545 0.003983499143079285 0.003426665929530515
0 0.38849532859204416 0.4950381877340398 0.004754498977223775 0.002912666040100973
0 0.38682482895139797 0.4734501923779969 0.0016704996406460993 0.00222733285419487
0 0.37885783066523926 0.4743925255086178 0.004497499032508969 0.0034266659295306566
0 0.38733882884082754 0.48518652318663924 0.005268498866653318 0.004111999115436689
0 0.38945907838472466 0.4742211922121413 0.004882998949581108 0.003769332522483708
0 0.40616407479118627 0.481245857367679 0.003083999336577534 0.005482665487248894
0 0.41213932350580534 0.4760201918251448 0.0024414994747905183 0.0032553326330540954
0 0.4143880730220597 0.47687685830752746 0.002055999557718309 0.0039406658189601275
0 0.4174720723586373 0.47576319188043004 0.003083999336577534 0.0027413327436244827
0 0.4110470737407674 0.48792785593026367 0.0028269993918627278 0.00205599955771838
0 0.41419532306352363 0.4884418558196933 0.0026984994195053246 0.003083999336577534
0 0.41175382358873314 0.4936675213622274 0.002184499530075783 0.0025699994471479926
0 0.4213270715293592 0.4946098544928484 0.0028269993918627278 0.003083999336577534
0 0.4309645694561641 0.48612885631726016 0.003597999226007076 0.002912666040101044
0 0.42113432157082314 0.47679119165928924 0.0026984994195053246 0.0013706663718122058
0 0.4227405712252906 0.47773352478991016 0.0017989996130035734 0.0015419996682888382
0 0.429486819774054 0.47696252495576574 0.0026984994195053246 0.00205599955771838
0 0.43430556873745646 0.488356189171455 0.0033409992812924116 0.002227332854194941
0 0.44318958955362014 0.48824432693656533 0.003929337997705602 0.0016991731881970651
0 0.44334888704001374 0.4839255950832313 0.004672726267541734 0.0029735530793446683
0 0.4436674820128006 0.4793236676985312 0.003185949727869328 0.0019823687195631833
0 0.4489773982259162 0.4841379917317559 0.003398346376394059 0.0031151508450277987
0 0.4532253311964087 0.48427958949743904 0.004035536321967825 0.0025487597822954912
0 0.45922553651722936 0.4871115448111007 0.0043541312947548505 0.001982368719563112
0 0.45965032981427856 0.4784740811044327 0.002230164809508537 0.0031151508450277987
0 0.470694955537559 0.49043909230465316 0.0032921480521316228 0.00269035754797855
0 0.4746242935352646 0.4898727012419208 0.0018053715124592884 0.0018407709538801242
0 0.4782881357223144 0.4908638856017024 0.004460329619017074 0.004672726267541805
0 0.4794563172891998 0.48824432693656533 0.002548759782295562 0.0031151508450277276
0 0.4841290435567415 0.47691650568191873 0.001699173188196994 0.0014159776568308047
0 0.49310280195690687 0.4815892319494604 0.002230164809508608 0.0014159776568308047
0 0.49650114833330083 0.48541237162290374 0.003292148052131694 0.0036815419077602485
0 0.49628875168477604 0.48909391353066467 0.0035045447006564565 0.0033983463763940553
0 0.5000587921960883 0.501271321379409 0.003398346376393988 0.004814324033224793
0 0.5004304863310065 0.48994350012476245 0.0028673547550825164 0.0028319553136616805
0 0.505368708409204 0.4801732542926297 0.0021239664852462426 0.0039647374391262955
0 0.5189620939147799 0.4813060364180944 0.00276115643082008 0.0028319553136617517
0 0.5195992838603537 0.48789033252235775 0.0044603296190170024 0.0021239664852463138
0 0.5055280058955973 0.49674019287755045 0.004778924591804099 0.0031151508450277987
0 0.5090325505962536 0.5163514834246576 0.0037169413491806944 0.004955921798908029
0 0.5114751120542869 0.5101919806174433 0.005416114537377865 0.003398346376394059
0 0.5191744905633046 0.5248473493656424 0.0036107430249185768 0.004389530736175686
0 0.5212453578864197 0.5171302711359144 0.003079751403607034 0.004531128501858674
0 0.5332988676901919 0.5258385337254243 0.00637189945573867 0.008071072643935947
0 0.5217763495077312 0.5073600253037815 0.0026549581065578565 0.0036815419077601773
0 0.5250153983977317 0.5079972152493555 0.002548759782295562 0.0041063352048094255
0 0.531599694501995 0.5094839917890279 0.0023363631337708314 0.005380715095957171
0 0.5266614724237975 0.4905806900703363 0.003716941349181013 0.0035399441420770473
0 0.5297412238274046 0.49312944985263185 0.0035045447006562115 0.0026903575479786212
0 0.5336705618251101 0.4843503883802807 0.0024425614580331255 0.0032567486107109287
0 0.545883369115276 0.4851291760915376 0.002230164809508537 0.0028319553136616094
0 0.5525738635438017 0.4838547962003899 0.0024425614580331967 0.004247932970492556
0 0.5481666330869157 0.4851999749743791 0.00276115643082008 0.001840770953880053
0 0.544502790899866 0.48881071799929776 0.0026549581065579276 0.0025487597822954912
0 0.536006924958881 0.4962446006976596 0.0024425614580332678 0.0029735530793447394
0 0.5308563062321588 0.5019793102078245 0.004035536321967896 0.003398346376393988
0 0.5330864710416674 0.5008465280823597 0.0036107430249185768 0.003681541907760106
0 0.5390866763624881 0.508705204077771 0.004778924591803957 0.0035399441420770473
0 0.5434408076572428 0.5023333046220323 0.0035045447006562826 0.0038231396734432366
0 0.5493879138159323 0.5000677403711029 0.0028673547550824453 0.0029735530793447394
0 0.5459895674395383 0.4982977683000644 0.0035045447006562115 0.0028319553136616805
0 0.5483259305733093 0.5052360588185354 0.0049913212403286875 0.0031151508450277987
0 0.5430160143601936 0.5128823381654218 0.006478097780001093 0.003964737439126367
0 0.5477418397898666 0.5111123660943834 0.003398346376393917 0.0035399441420771185
0 0.5490693188431452 0.5152895001820346 0.0028673547550823486 0.004247932970492414
0 0.5493879138159324 0.5208826119265163 0.005628511185902657 0.0086374637066681
0 0.5536358467864249 0.5180506566128544 0.005203717888853419 0.004672726267541805
0 0.5578837797569173 0.525059746014167 0.005840907834427398 0.006513497221421787
0 0.5589457629995405 0.5210950085750405 0.0026549581065577854 0.0031151508450277987
0 0.551989772760359 0.49560741075208575 0.0038231396734431655 0.0025487597822954912
0 0.5615476219439671 0.48626195821700224 0.00254875978229542 0.002548759782295562
0 0.5651583649688858 0.4871115448111007 0.0021239664852462426 0.0019823687195631833
0 0.5782207588531502 0.4883859247022485 0.0021239664852462426 0.0022655642509293015
0 0.5662203482115089 0.4999261426054197 0.003398346376393917 0.00269035754797855
0 0.5694593971015094 0.49957214819121204 0.003929337997705531 0.00254875978229542
0 0.5830527826070854 0.502970494567606 0.004778924591804099 0.0039647374391262955
0 0.570680677830526 0.5070768297724154 0.004885122916066322 0.0031151508450277987
0 0.5760967923679039 0.5098379862032355 0.004885122916066393 0.004389530736175544
0 0.5859732365242989 0.5103335783831264 0.00552231286164023 0.004531128501858674
0 0.5695124962636405 0.5150771035335096 0.003398346376393988 0.005239117330274041
0 0.5683443146967551 0.5186170476755866 0.0038231396734432366 0.004955921798908065
0 0.5768932797998712 0.5240685616543854 0.003929337997705602 0.005947106158689408
0 0.5943629041410216 0.5045280699901199 0.00552231286164016 0.0028319553136617517
0 0.599619721192006 0.5026872990362399 0.005416114537377865 0.0022655642509293015
0 0.6080093888087288 0.5055192543499015 0.0052037178888532055 0.003398346376393917
0 0.6114077351851227 0.5035368856303383 0.005416114537377865 0.00254875978229542
0 0.6176734363165991 0.5048820644043276 0.006265701131476433 0.002690357547978479
0 0.5983984404629895 0.519962226449576 0.006159502807214281 0.005947106158689408
0 0.5971771597339729 0.5292368801018179 0.006478097780000951 0.007504681581203414
0 0.6299924419310272 0.5092715951405031 0.004354131294754922 0.0029735530793445976
0 0.6212841793415177 0.5097671873203939 0.004778924591803957 0.0031151508450277276
0 0.6217620718006981 0.5144399135879357 0.004247932970492485 0.005380715095957171
0 0.6234081458267638 0.5131655336967879 0.004354131294754708 0.004247932970492485
0 0.615230874858566 0.5125991426340556 0.0049913212403286875 0.0028319553136617517
0 0.6105581485910242 0.5181214554956958 0.0049913212403286875 0.006513497221421929
0 0.6103988511046307 0.5266881203195224 0.004247932970492556 0.005239117330274041
0 0.6245232282315182 0.5272545113822547 0.006371899455738585 0.005522312861640444
0 0.6228240550433213 0.5303696622272825 0.007433882698361884 0.005805508393006349
0 0.6151777756964347 0.5170594722530727 0.0036107430249185768 0.003539944142077189
0 0.6188416178834845 0.5180506566128542 0.003079751403607034 0.0035399441420770473
0 0.6213372785036487 0.5203162208637836 0.0031859497278693997 0.0038231396734429712
0 0.6157087673177463 0.5204578186294667 0.0038231396734431655 0.0035399441420770473
0 0.6463469838674234 0.5152895001820341 0.00584090783442713 0.0042479329704925555
0 0.645178802300538 0.5271129136165716 0.009239254210821031 0.006938290518471035
0 0.6384352087098811 0.5288828856876101 0.009770245832132858 0.00594710615868955
0 0.6362581430625036 0.5329184220095781 0.009026857562296512 0.00863746370666803
0 0.6451257031384068 0.5345467963149335 0.006796692752788118 0.005663910627323148
0 0.6415149601134883 0.5383699359883767 0.009345452535083397 0.007646279346886402
0 0.6590376836167696 0.4886691202336146 0.0036107430249185768 0.001699173188196994
0 0.6513383051077521 0.4839255950832313 0.003079751403606963 0.002407162016612432
0 0.6565951221587366 0.4856247682714283 0.0021239664852461715 0.001557575422513935
0 0.6903661892741519 0.4896603045933962 0.0031859497278693993 0.0016991731881970651
0 0.686277553790053 0.49121788001591016 0.003079751403607105 0.0016991731881970651
0 0.6834632981971015 0.4849167794430129 0.002548759782295633 0.0012743798911476745
0 0.6972690803512022 0.4842087906145976 0.0029735530793448105 0.0018407709538799822
0 0.7010922200246454 0.4913594777815932 0.003185949727869257 0.0019823687195631833
0 0.6979062702967761 0.4976605783544904 0.004035536321967896 0.00269035754797855
0 0.6953044113523493 0.4926338576727409 0.0026549581065577854 0.0022655642509293726
0 0.7107562675325159 0.500492533668152 0.0036107430249185768 0.00269035754797855
0 0.6736399532028378 0.4956074107520857 0.003292148052131694 0.0011327821254646863
0 0.6694982185566076 0.4967401928775503 0.0026549581065577854 0.0022655642509293015
0 0.6617457408854588 0.5149355057678265 0.0058409078344270424 0.003256748610711
0 0.668276937827591 0.5150063046506681 0.006159502807214068 0.003681541907760106
0 0.6732682590679195 0.514864706884985 0.006159502807214068 0.005380715095957029
0 0.6838349923320197 0.5158558912447666 0.006053304482951774 0.0039647374391262955
0 0.6792153652266092 0.5234313717088115 0.0065842961042632455 0.004672726267541663
0 0.691481271678906 0.515785092361925 0.004566527943279369 0.002690357547978479
0 0.692171560786611 0.5142983158222526 0.005522312861640301 0.0031151508450277987
0 0.7009329225382518 0.5145107124707773 0.005416114537377865 0.0041063352048094255
0 0.7045436655631704 0.5162098856589742 0.0032921480521315516 0.004955921798907994
0 0.707092425345466 0.5173426677844389 0.00392933799770546 0.00552231286164016
0 0.7112341599916959 0.5191126398554775 0.005840907834426856 0.004814324033224789
0 0.6946141222446442 0.5185462487927451 0.005309916213115571 0.0031151508450277987
0 0.6903661892741517 0.5380867404570105 0.006796692752787976 0.008212670409618851
0 0.6970566837026775 0.5250597460141669 0.004460329619017074 0.00566391062732329
0 0.7155882912864509 0.54219307566182 0.004354131294754779 0.007363083815520355
0 0.7315711390879289 0.5186878465584281 0.003398346376393846 0.004531128501858674
0 0.7231814714712061 0.5175550644329637 0.0057347095101648905 0.003115150845027823
0 0.7206858108510419 0.5206702152779914 0.006265701131476362 0.005097519564591053
0 0.7181370510687464 0.5263341259053146 0.002867354755082374 0.006513497221421787
0 0.7215353974451404 0.5272545113822548 0.005203717888853277 0.005239117330274041
0 0.7324738248441585 0.530157265578758 0.007115287725575002 0.005097519564590911
0 0.7327924198169455 0.542051477896137 0.006690494428525682 0.007079888284154166
0 0.7411820874336681 0.5446002376784324 0.007115287725574859 0.0073630838155202835
0 0.7329517173033389 0.49185506996148404 0.0023363631337709025 0.0026903575479786212
0 0.7386333276513725 0.49362504203252255 0.0037169413491808714 0.0014159776568308758
0 0.736084567869077 0.4865451537483683 0.0018053715124592884 0.0028319553136616805
0 0.7141015147467786 0.4910762822502271 0.002017768160984019 0.0019823687195631833
0 0.7030037898613668 0.4945454275094625 0.00276115643082008 0.001840770953880053
0 0.7420847731898976 0.49631539958050114 0.004672726267541663 0.002548759782295562
0 0.7593420008825233 0.5204578186294668 0.005628511185902454 0.004389530736175686
0 0.751695721535637 0.5254137404283746 0.007327684374099448 0.004389530736175544
0 0.759872992503835 0.529378477867501 0.007115287725575002 0.008071072643935721
0 0.7533417955617029 0.530936053290015 0.007009089401312565 0.0049559217989077805
0 0.7495186558882597 0.5371663549800706 0.004035536321967754 0.00608870392437268
0 0.7625810497725241 0.5239269638887023 0.004247932970492343 0.004814324033224864
0 0.7661386936353114 0.5228649806460792 0.005203717888853277 0.004955921798907852
0 0.7761744352780999 0.5196082320353684 0.006159502807214068 0.004389530736175544
0 0.7694839408495743 0.5345467963149335 0.006796692752787976 0.005947106158689479
0 0.7729884855502306 0.537732746042803 0.007858675995411204 0.007504681581203414
0 0.7827587313823634 0.5257677348425824 0.006159502807214068 0.005097519564591053
0 0.7950246378346603 0.5217321985206146 0.005203717888853277 0.004389530736175686
0 0.7919979855931846 0.5249181482484839 0.007009089401312707 0.005097519564591053
0 0.7897147216215447 0.5276085057964625 0.005203717888853277 0.004531128501858674
0 0.7696432383359678 0.5036784833960215 0.0026549581065579276 0.0036815419077600355
0 0.7759089394674441 0.5054484554670601 0.002867354755082374 0.002407162016612432
0 0.7583862159641628 0.5635743382799656 0.005840907834427185 0.009628648066449657
0 0.7638554296636718 0.5620167628574516 0.0057347095101648905 0.007363083815520426
0 0.7739442704685914 0.5490605672974496 0.0053099162131154285 0.008071072643935721
0 0.7822277397610518 0.5450250309754817 0.009770245832132787 0.007363083815520355
0 0.7856260861374458 0.5413434890677215 0.0038231396734431655 0.007646279346886402
0 0.8089366183130232 0.5354671817918737 0.006053304482951915 0.004389530736175544
0 0.8025647188572844 0.5380159415741691 0.005628511185902454 0.007504681581203414
0 0.7961397202394147 0.5388655281682676 0.0072214860498371536 0.008071072643935721
0 0.7753248486840013 0.5634327405142825 0.004672726267541663 0.0073630838155202835
0 0.7865818710558066 0.5657691036480533 0.00615950280721421 0.006088703924372539
0 0.795714926942365 0.5630079472172345 0.00594710615869004 0.00651349722142178
0 0.8085649241781053 0.5639991315770148 0.005522312861640301 0.007929474878252662
0 0.824176077844665 0.5399275114108911 0.004885122916066747 0.007079888284154166
0 0.81934405409073 0.5470073996950449 0.005628511185902596 0.005380715095957029
0 0.8241229786825339 0.544671036561274 0.006265701131476362 0.007504681581203485
0 0.8224769046564677 0.5538748913306751 0.010619832426231286 0.006371899455739892
0 0.8158926085522047 0.5555740645188715 0.0050975195645909825 0.007787877112569603
0 0.8156271127415488 0.5626539528030254 0.008177270968198086 0.009487050300766527
0 0.8380349591608969 0.5484941762347172 0.005628511185902596 0.006371899455738799
0 0.8343711169738469 0.5698046399700212 0.005947106158689479 0.008779061472351088
0 0.8415395038615532 0.5665478913593103 0.00456652794327951 0.008212670409618851
0 0.8463715276154883 0.5653443103510041 0.006371899455738799 0.007221486049837225
0 0.8468494200746687 0.573698578526306 0.006265701131476362 0.009770245832132715
0 0.861504788822868 0.548989768414608 0.00690289107705027 0.008212670409618851
0 0.8366138781224325 0.5126699415168972 0.0035045447006562826 0.0029735530793446683
0 0.8409680094171875 0.5141567180565696 0.0028673547550825164 0.0031151508450277987
0 0.849994866979484 0.5151479024163512 0.004354131294754779 0.00311515084502787
0 0.8491983795475165 0.5196082320353682 0.0027611564308199377 0.004672726267541805
0 0.8550923865440749 0.5203162208637836 0.002867354755082374 0.004389530736175544
0 0.8516409410055498 0.5254845393112162 0.002761156430820222 0.006513497221421787
0 0.8571101547050588 0.5117495560399572 0.005416114537378007 0.0025487597822954912
0 0.8759072580994882 0.5149355057678265 0.004566527943279226 0.0021239664852462426
0 0.8790401086652264 0.5140151202908865 0.0050975195645909825 0.0028319553136616094
0 0.8821198600688334 0.5127407403997387 0.0025487597822954912 0.00311515084502787
0 0.880261389394243 0.5194666342696851 0.006053304482951774 0.0029735530793448105
0 0.8933768824406385 0.5137319247595202 0.0029735530793448105 0.0025487597822954912
0 0.897571716249 0.5181214554956959 0.00456652794327951 0.0031151508450277987
0 0.8981558070324425 0.5209534108093574 0.006159502807213926 0.0028319553136616094
0 0.9096252260527723 0.5151479024163511 0.004885122916066393 0.004531128501858674
0 0.9086163419722803 0.5184754499099036 0.006053304482951774 0.0041063352048094255
0 0.9148289439416256 0.5165638800731819 0.0036107430249185768 0.0031151508450277987
0 0.9250770822329389 0.519183438738319 0.006478097780001093 0.0041063352048094255
0 0.94764422613868 0.5294492767503425 0.0072214860498371536 0.0028319553136616094
0 0.9575737694572062 0.5272545113822548 0.007540081022624179 0.0035399441420770473
0 0.9588481493483539 0.5235729694744945 0.00690289107705027 0.003539944142077189
0 0.9642111647236007 0.5375911482771197 0.0072214860498371536 0.004389530736175544
0 0.9201388601547411 0.531856438766955 0.006796692752787976 0.004814324033224793
0 0.9260328671512997 0.5399275114108906 0.004778924591804099 0.004247932970492556
0 0.8951291547909668 0.540493902473623 0.0077524776711487674 0.004531128501858674
0 0.8791463069894886 0.5455206231553724 0.009345452535083468 0.00608870392437268
0 0.8833942399599812 0.5474321929920941 0.00552231286164016 0.007646279346886473
0 0.8699070527786675 0.5555032656360298 0.004885122916066393 0.007929474878252662
0 0.8632696575122729 0.5586184164810576 0.010938427399018166 0.009628648066449585
0 0.8737301924521107 0.5701586343842292 0.0065842961042636376 0.007504681581203674
0 0.9082446478373624 0.5445294387955909 0.00892065923803429 0.006938290518471035
0 0.9089349369450673 0.5556448634017128 0.009026857562296441 0.007929474878252662
0 0.9185989844529376 0.5593264053094731 0.006053304482951653 0.009062257003717208
0 0.9097314243770339 0.5642115282255393 0.005522312861640307 0.007504681581203903
0 0.9039436157047385 0.5662646958279441 0.0062657011314763075 0.007929474878252662
0 0.8961911380335897 0.5724241986351583 0.007115287725574859 0.00863746370666803
0 0.9171653070753965 0.5736277796434645 0.008920659238034147 0.01104462572328046
0 0.9383518727657278 0.5589016120124238 0.009876444156394939 0.006513497221421787
0 0.929962205149007 0.5627247516858671 0.007752477671147296 0.009345452535083409
0 0.9265107596104801 0.5693798466729718 0.007433882698361884 0.009345452535083539
0 0.9303338992839233 0.5761765394257599 0.005947106158689479 0.00877906147235123
0 0.974459303014914 0.5763181371914429 0.0069028910770504125 0.009628648066449657
0 0.9972388435691806 0.5810616623418267 0.005097519564592037 0.008071072643935863
0 0.9876278952234406 0.5581936231840083 0.010513634101968847 0.007646279346886402
0 0.994212191327704 0.5579104276526422 0.009026857562296584 0.006796692752788047
0 0.9859287220352436 0.5350423884948243 0.007115287725574717 0.0041063352048094255
0 0.9941059930034419 0.5390071259339507 0.004354131294754922 0.003539944142076976
0 0.9901766550057363 0.5424762711931862 0.003079751403607105 0.0073630838155202835
0 0.9970795460827866 0.5448834332097985 0.005203717888853134 0.004531128501858674
0 0.9867995482941945 0.5056537722273003 0.0032709083872792632 0.00218060559151958
0 0.9879093207827357 0.500903167188633 0.0029204539172135923 0.0017133329647653283
0 0.9813675040081775 0.5005137733330045 0.0038549991707219535 0.001246060338011219
0 0.9506443287990904 0.500124379477376 0.002686817603836431 0.0020248480492681864
0 0.91057570105492 0.49202498728030364 0.0029204539172135923 0.0014018178802625413
0 0.8854013882885389 0.49155771465354947 0.0025699994471479214 0.0017133329647652574
0 0.8040375421549684 0.49996862193512454 0.004322271797475991 0.0026478782182737604
0 0.7229657414131193 0.49841104651261076 0.003154090230590896 0.0023363631337708314
0 0.6122805379507246 0.4889098364352759 0.0028036357605251538 0.002647878218273547
0 0.6142080375360854 0.4932710476183148 0.002453181290459341 0.003270908387279192
0 0.625948262283284 0.4840813526254828 0.002336363133770973 0.0026478782182736893
0 0.6673018897510283 0.49303741130493767 0.001869090507016864 0.002492120676022296
0 0.6617530273083227 0.49475074426970295 0.004555908110853153 0.0037381810140333016
0 0.6499543934827797 0.4897665029176585 0.0022195449770822506 0.0024921206760222248
0 0.6637389359720277 0.485015897878991 0.004088635484099114 0.0029593933027764765
0 0.6730843885071113 0.48486014033673963 0.003387726543967773 0.004828483809793056
0 0.3936553577081155 0.48524953419236816 0.003621362857344863 0.0031151508450277276
0 0.3996714927775754 0.4866513520726306 0.003270908387279192 0.002492120676022296
0 0.39675103886036184 0.4844707464811112 0.0035045447006562115 0.0018690905070165797
0 0.37782649747681774 0.49794377388585653 0.0028036357605250115 0.0029593933027763342
0 0.3954660391367878 0.4949843805830801 0.003270908387279192 0.0026478782182736893
0 0.4042858099667728 0.47310044589675954 0.0019859086637052316 0.0015575754225138638
0 0.4759537490951942 0.476838626910793 0.0025699994471479926 0.001557575422513935
0 0.5069105606176582 0.4849380191078654 0.002102726820393812 0.002803635760524941
0 0.4839560708068123 0.4921009510879275 0.0034229211952315807 0.0018723671495283157
0 0.49115298203781194 0.49069667572578124 0.0027207835141583557 0.0037447342990567733
0 0.48777394444764754 0.48396785628216366 0.0019308786229511555 0.002925573671138082
0 0.4733801219856483 0.4860157578519603 0.002281947463487697 0.0023404589369104656
0 0.48680850513617197 0.47671243357774123 0.0026330163040242383 0.002457481883756003
0 0.5225736432658349 0.4744889975876763 0.0016675769925485896 0.0017553442026827782
0 0.5155522664551035 0.4752496467421722 0.0014920425722804254 0.0009361835747642289
0 0.512787599335878 0.4760102958966681 0.001579809782414543 0.002457481883756003
0 0.5271375381928104 0.48022312198310685 0.0018431114128170379 0.0017553442026827782
0 0.5982657428069916 0.49241181534901896 0.0022764553952944054 0.0027317464743533294
