0 0.5843000974829061 0.5506792407462476 0.014451866946875426 0.01993211216531222
0 0.566885533375487 0.550257301497462 0.010181439776430778 0.01696007844114135
0 0.5656775659443851 0.5295155839444444 0.005694703603766342 0.017647649188755138
0 0.5391885658480777 0.5329534376825134 0.013460208517993216 0.014438985699890662
0 0.5206376374418692 0.5456734965133688 0.009491172672943901 0.016043317444322865
0 0.5188256862952159 0.5310053205642739 0.010008873000558766 0.019710361431596227
0 0.47801383827951655 0.5290989604974489 0.00972389796422079 0.007404343137339132
0 0.4531854854775391 0.5277214082858513 0.008816334154227121 0.008093119243138104
0 0.42200418600560385 0.5228999755452586 0.010242505855646088 0.010159447560535
0 0.4258289192048639 0.525482885942004 0.008816334154226712 0.005682402872841616
0 0.4140954156613708 0.5148929533153452 0.0032412993214069987 0.00757653716378897
0 0.3663143776482002 0.5277676587475011 0.010715039079031357 0.005692364510735502
0 0.37585076242853815 0.5254907129432069 0.009214933607967025 0.01024625611932379
0 0.3535634811441529 0.5109751834408317 0.004714617194773752 0.005407746285198698
0 0.37161832199232075 0.5149598385983464 0.005893271493467296 0.007969310315029716
0 0.3781009206351348 0.5141771384781203 0.0030002109421288737 0.0035577278192096174
0 0.3680287839008452 0.5113309562227526 0.0034288125052900397 0.005265437172430225
0 0.42776911169833426 0.5104118628148591 0.00212529700741122 0.005880541849933252
0 0.44295612989712696 0.5101178357223626 0.0029222833851903834 0.0031754925989639937
0 0.4566377293823362 0.5104118628148591 0.0024795131753129595 0.003998768457954683
0 0.46801692377618354 0.514998685457807 0.002922283385190312 0.003528325109960022
0 0.47713799009965646 0.513352133739826 0.0022138510493866855 0.00682142854592257
0 0.4676627076082817 0.5110587224183517 0.0034536076370432055 0.0036459359469587583
0 0.4805030436947242 0.5059426510089098 0.003099391469141324 0.002587438413970702
0 0.4718690246021163 0.5058838455904104 0.0021252970074112907 0.002940270924966626
0 0.4626594042366679 0.5041196830354305 0.003365053595067664 0.004116379294953347
0 0.45128020984282047 0.5047665426389232 0.004339148056797839 0.002822660087968032
0 0.4328609691119236 0.5042960992909284 0.0034536076370430633 0.0025874384139705597
0 0.42458116618721753 0.5034140180134385 0.0028337293432149123 0.0017641625549800466
0 0.4169128252630941 0.5033416047295011 0.0030005915049537892 0.0022355778933631854
0 0.4133999376475384 0.5042649955984989 0.003439702456898317 0.0019439807768374352
0 0.3589135870270968 0.5050425879092338 0.0033665172982409075 0.002138378854521008
0 0.31562456568123887 0.5060631778170736 0.003586072774213136 0.0024299759710469005
0 0.2783367273452886 0.506451973972441 0.0020491844424074656 0.003790762514833048
