0 0.12737068965517243 0.5620689655172414 0.07887931034482759 0.0862068965517242
0 0.4293103448275863 0.521551724137931 0.09051724137931032 0.1258620689655173
0 0.6316810344827587 0.44310344827586207 0.08663793103448264 0.04827586206896555
0 0.8068965517241381 0.5422413793103449 0.07758620689655174 0.11551724137931033
0 0.6186217087300883 0.34677645529318246 0.033178326609743965 0.0394118303970292
0 0.3975334050487945 0.3616564320757344 0.030162115099767278 0.03539021505039358
0 0.16957624738503582 0.3465430573111709 0.02792219334452394 0.01407460152325598
0 0.10590002597740188 0.34586202820520695 0.01838778586102796 0.013620582119279944
0 0.11815854988475387 0.3467700670131589 0.00749132016560397 0.008172349271568038
0 0.23206066785723273 0.3542613871787628 0.02758167879154197 0.023154989602776014
0 0.2512997401007157 0.34336492148333897 0.01293955301331593 0.01407460152325598
0 0.15731772347768383 0.3299713490660469 0.010215436589460012 0.0063562716556639035
0 0.061122362260268924 0.3315604169799629 0.00919389293051399 0.010442446291447994
0 0.07082702702025592 0.33201443638393896 0.011577494801387988 0.011350485099399989
0 0.08512863824549992 0.32997134906604697 0.009534407483496014 0.009988426887471959
0 0.09279021568759489 0.3299713490660469 0.00919389293051399 0.009080388079519964
0 0.19385999948959928 0.3203406240995409 0.006512128600161126 0.008372736771635872
