0 0.015693756693196666 0.6690348377163059 0.020598055659820626 0.029425793799743902
0 0.07331926955102816 0.6922485194916593 0.020107625763158225 0.028771887270860646
0 0.10617807262740868 0.6964989119294 0.025011924729782198 0.030733606857510126
0 0.1289830628222101 0.7066344631270897 0.016674616486521465 0.034003139501925975
0 0.1395273056004516 0.7036918837471154 0.021088485556483006 0.02811798074197739
0 0.10936586695571425 0.6700156975096307 0.019617195866495827 0.01961719586649565
0 0.06816643943091148 0.6645427307690158 0.011790951685346851 0.027512220599142694
0 0.08972177298068619 0.6638057962886815 0.014370222366516461 0.02603835163847455
0 0.08880060488026849 0.6805096445095883 0.014001755126349338 0.027020930945586635
0 0.1220274358598438 0.6852942742122354 0.010242890973840967 0.021039451730051725
0 0.12728729879235673 0.6912000852241797 0.015225919015168987 0.01439541434161427
0 0.17019670692601474 0.6939684341360287 0.0213162866212366 0.03026728143621483
0 0.19469659479587753 0.7004279149303428 0.03045183803033794 0.03211284737744748
0 0.19871070071805844 0.6902773022535635 0.022977295968345926 0.03100550781270769
0 0.14818833307681595 0.6633320395115675 0.015502753906353863 0.03174373418920069
0 0.19012881909132684 0.6714525296529907 0.019655277274127272 0.025837923177256528
0 0.19483501224146998 0.6614864735703349 0.015225919015169004 0.02509969680076324
0 0.20660049511682796 0.661486473570335 0.01550275390635387 0.016240980282847248
0 0.20964567891986163 0.6738517653765941 0.01771743303583288 0.022515904483037905
0 0.23982068205901466 0.6888008495005772 0.011627065429765366 0.03248196056569398
0 0.24591104966508226 0.6873243967475912 0.014395414341614305 0.02214679129479123
0 0.24923306835930092 0.6768046708825654 0.020485781947681865 0.02842171549498218
0 0.25573868830214586 0.669422407117635 0.017994267927017908 0.028421715494982038
0 0.2780238970425295 0.6924919813830425 0.021593121512421477 0.029529055059721827
0 0.26888834563342817 0.6581644548761162 0.00830504673554671 0.03174373418920069
0 0.2740097911203486 0.6607482471938417 0.006367202497252471 0.03100550781270769
0 0.28231483785589534 0.6661003884234173 0.011350230538580409 0.028421715494982232
0 0.29657183475191723 0.6712679730588675 0.017717433035833032 0.03137462100095419
0 0.31332034566860306 0.6769892274766885 0.006920872279622224 0.022885017671284372
0 0.31761128648196885 0.6804958027650306 0.009412386300286285 0.03875688476588465
0 0.3329756229427302 0.6884317363123309 0.024084635533085434 0.035434866071666134
0 0.3346366322898396 0.669422407117635 0.018547937709387625 0.025468809989009883
0 0.360243859724442 0.6828950384886329 0.00996605608265611 0.028052602306735678
0 0.3883426011797086 0.7000588017420969 0.020208947056497215 0.04097156389536385
0 0.367387073475647 0.665681773579195 0.012687399220344347 0.02440417773530726
0 0.3690509946848725 0.6706735372068715 0.008943576499586997 0.015529931286104528
0 0.37102690112082776 0.6774678821445422 0.017887152999173993 0.018580453503017937
0 0.37154687649871065 0.6877287296014327 0.015599261336488937 0.022462936324544103
0 0.3886020688932719 0.6759426210360854 0.014767300731876244 0.02828666055683314
0 0.3926578768407591 0.6740013796253226 0.008319606046127461 0.021076335316856074
0 0.40492929575879705 0.6784385028499238 0.01580725148764216 0.03216914337835945
0 0.39598571925921006 0.6687322957961085 0.006239704534595631 0.016084571689179653
0 0.4242723798160434 0.6964643159498667 0.0203830348130122 0.03716090700603573
0 0.41720071467683495 0.6715054978114843 0.00790362574382108 0.023294896929157004
0 0.431240049879675 0.680241084159918 0.02225494617339095 0.03133718277374669
0 0.44070360175714496 0.6742786998268601 0.017887152999173993 0.026068098944532495
0 0.4403916165304152 0.6687322957961084 0.008527596197280687 0.022740256526081595
0 0.4689902623139783 0.6746946801291664 0.01247940906919112 0.02967326156452131
0 0.4997728046846497 0.6863421285937449 0.025790778742995072 0.042429990835249926
0 0.5014367258938752 0.6834302664776003 0.01747117269686754 0.02495881813838224
0 0.48292560244124166 0.6627699114630505 0.00582372423228918 0.01802581309994281
0 0.48084570092970985 0.6781611826483862 0.01372734997611019 0.0343877049906601
0 0.4903092528071798 0.6726147786176345 0.0068636749880551665 0.017748492898405174
0 0.5000847899113795 0.6688709558968772 0.012271418918037966 0.01968973430916833
0 0.5139161349630663 0.6769132417414672 0.01830313330148037 0.02967326156452117
0 0.5006047652892625 0.6624925912615128 0.00748764544151463 0.02135365551839371
0 0.4849015088771969 0.6813503649660685 0.010191517406506137 0.029118621161445903
0 0.5296193913751318 0.6680389952922644 0.013935340127263416 0.03078254237067142
0 0.5430347561245124 0.6694255962999525 0.009151566650740222 0.032446463579896945
0 0.5527062981531354 0.6746946801291664 0.011439458313425134 0.025790778742995003
0 0.5616498746527224 0.6759426210360857 0.010191517406505994 0.02884130095990841
0 0.5536422538333248 0.6673456947884204 0.00873558634843384 0.019967054510705823
0 0.567681589036165 0.6799637639583804 0.008111615894974236 0.029118621161446045
0 0.5728813428149945 0.6813503649660683 0.004367793174216885 0.01802581309994295
0 0.576833155686905 0.6896699710121957 0.013519359824956785 0.04021142922294912
0 0.5870246730934112 0.667068374586883 0.007695635592667997 0.02495881813838224
0 0.5951362889883853 0.692165852826034 0.01892710375493998 0.04021142922294928
0 0.6005440329183682 0.6841235669814442 0.024334847684922778 0.03133718277374669
0 0.5794330325763198 0.6735853993230161 0.01580725148764202 0.03133718277374669
0 0.6033518999589362 0.6708121973076403 0.01331136967380388 0.02079901511531858
0 0.601375993522981 0.65708484733153 0.010191517406506137 0.01719385249533005
0 0.6195751317488848 0.6677616750907269 0.01580725148764209 0.014143330278416499
0 0.624878880603291 0.6835689265783691 0.018511123452633525 0.025236138339919875
0 0.622071013562723 0.6647111528738135 0.01039950755765929 0.01580725148764202
0 0.6490057381370604 0.6844008871829819 0.018511123452633456 0.03300110398297221
0 0.6347584127830672 0.669009615997646 0.01289538937149743 0.02329489692915686
0 0.6438059843582309 0.6674843548891894 0.012271418918037966 0.025790778742995003
0 0.6621091176597114 0.6788544831522302 0.014351320429569653 0.026900059549145396
0 0.660341201374909 0.6734467392222473 0.02038303481301213 0.022185616123006468
0 0.6454699055674564 0.6538956650138479 0.006863674988055238 0.01913509390609306
0 0.6535815214624305 0.6577781478353739 0.009775537104199827 0.01913509390609292
0 0.65451747714262 0.65250906400616 0.0074876454415145595 0.01802581309994281
0 0.6653329650025855 0.65708484733153 0.014143330278416784 0.02606809894453278
0 0.671884654763911 0.6534796847115415 0.008111615894974307 0.021076335316856216
0 0.7036031528147718 0.7017333997790806 0.026206759045301453 0.03882482821526139
0 0.6812442115658044 0.6688709558968773 0.009775537104199544 0.02079901511531858
0 0.6947635713907614 0.6543116453161543 0.013935340127263487 0.019967054510705823
0 0.6979874187336358 0.6588874286415245 0.00915156665074008 0.011924768666115852
0 0.7080749410645653 0.6595807291453682 0.014767300731876105 0.02495881813838224
0 0.7072429804599526 0.6550049458199981 0.006031714383442476 0.02135365551839371
0 0.7133786899189716 0.6569461872307614 0.008319606046127461 0.01580725148764216
0 0.6899797979142381 0.6599967094476746 0.010191517406506137 0.016916532293792558
0 0.7093228819714844 0.6867581088960512 0.02350288708031002 0.02551345854145751
0 0.7268980497439287 0.6837075866791378 0.013727349976110333 0.03438770499066024
0 0.7336577296564072 0.6917498725237278 0.014767300731876244 0.03383306458758497
0 0.7530008137136532 0.7018720598798496 0.024750827987228736 0.042429990835249926
0 0.6916437191234637 0.6813503649660683 0.012271418918037966 0.02967326156452131
0 0.7287699611043074 0.655004945819998 0.014143330278416886 0.015807251487642282
0 0.7285619709531542 0.6642951725715074 0.019551074208399653 0.024404177735307116
0 0.7320978035227583 0.6471013200761772 0.00915156665074008 0.010538167658427966
0 0.7535207890915352 0.6609673301530553 0.007487645441514323 0.024958818138382598
0 0.7462411338011747 0.6676230149899581 0.007487645441514701 0.018303133301480444
0 0.7482170402371301 0.6550049458199981 0.004783773476523407 0.015252611084567037
0 0.7600724788528617 0.6530637044092351 0.005199753778829574 0.01747117269686754
0 0.7602804690040148 0.6708121973076402 0.009775537104199827 0.019689734309168188
0 0.7657922080095741 0.6529250443084663 0.004159803023063802 0.012202088867653487
0 0.7729678682243591 0.648487921083865 0.006447694685748786 0.015529931286104385
0 0.7715119371662869 0.6527863842076975 0.006863674988055095 0.013034049472266248
0 0.7786875973810717 0.6562528867269173 0.006239704534595631 0.017748492898405174
0 0.7838873511599016 0.6609673301530562 0.00499176362767642 0.020521694913780947
0 0.7890871049387311 0.6660977538815014 0.005407743929982729 0.020244374712243315
0 0.8245494257103492 0.7054772224998379 0.030158571917212097 0.03910214841679874
0 0.8056223219554094 0.6885606902060454 0.009775537104199827 0.01747117269686768
0 0.8032304352171477 0.6982668972598609 0.016223231789948472 0.043539271641400035
0 0.7831593856308653 0.6895313109114269 0.014767300731876105 0.039379468618336515
0 0.792934922735065 0.6916112124229589 0.008111615894974307 0.03965678881987401
0 0.7734878436022421 0.6867581088960512 0.008735586348433627 0.0343877049906601
0 0.7721359076197465 0.6697029165014899 0.008943576499586783 0.019135093906093203
0 0.7992786223452372 0.6588874286415244 0.01206342876688467 0.02468149793684461
0 0.8134219526236539 0.681627685167606 0.01913509390609306 0.03133718277374669
0 0.8231974897278537 0.6692869361991837 0.014143330278416499 0.022185616123006468
0 0.8191416817803665 0.6795477836560742 0.011023478011118897 0.023849537332232273
0 0.8254853813905387 0.6636018720676631 0.008319606046127461 0.020244374712243454
0 0.8400446919712619 0.6906405917175773 0.024126857533769624 0.039934109021411646
0 0.8151898689084558 0.6593034089438307 0.005615734081136026 0.018303133301480444
0 0.8345329529657022 0.6566688670292237 0.005199753778829859 0.02079901511531858
0 0.8399406968956851 0.6666523942845766 0.007279655290361547 0.026345419146070127
0 0.862715618446959 0.6978509169575545 0.022878916626850553 0.029950581766058665
0 0.8832026483355477 0.7011787593760055 0.02766269010337382 0.034387704990659816
0 0.8548119927031379 0.678299842749155 0.01663921209225478 0.022462936324544103
0 0.846076406354704 0.6583327882384492 0.006239704534595631 0.02690005954914554
0 0.8526280961160293 0.6579168079361427 0.009359556801893376 0.02329489692915672
0 0.862923608598112 0.667068374586883 0.009983527255352983 0.022185616123006468
0 0.8850745596959263 0.6882833700045079 0.02225494617339095 0.026900059549145396
0 0.9066015403402811 0.6890044021053486 0.024542837836075932 0.034443168184653386
0 0.9072255107937406 0.7122992990345054 0.022046956022237652 0.03444316818465353
0 0.9075374960204704 0.664295172571507 0.011439458313425205 0.029395941362983676
0 0.8736351013825012 0.6673456947884204 0.009775537104199684 0.015529931286104385
0 0.8846585793936199 0.6561142266261484 0.013519359824957177 0.025236138339919733
0 0.8906902937770624 0.6480719407815586 0.0064476946857489285 0.01913509390609306
0 0.9078494812472002 0.6415549160454255 0.00956754695304653 0.016084571689179726
0 0.913257225177183 0.6428305885493413 0.009151566650740222 0.018635916697011437
0 0.8677073820746354 0.6522317438046223 0.006655684836901798 0.01636189189071743
0 0.8628196135225354 0.6489039013861714 0.008527596197280758 0.019689734309168257
0 0.886426495678422 0.6699802367030275 0.017887152999173993 0.02301757672761923
0 0.9518398805004803 0.6979404613987908 0.023565284125656286 0.04362246770186143
0 0.9239276022157225 0.6814676414274586 0.008922777484471567 0.03203048327759049
0 0.9174071109770702 0.6741463881068664 0.005490939990444161 0.019218289966554492
0 0.9307912772037775 0.6430310614943499 0.010753090814619526 0.012507141089344954
0 0.9762059267080758 0.669265552559805 0.018760711634017328 0.023489021070233207
0 0.9796377642021032 0.6871111075287485 0.008236409985666028 0.03782647548972605
0 0.9905052495998572 0.7063599022519991 0.018989500800285698 0.03971779833326679
0 0.9736892458791221 0.6884838425263595 0.010981879980888181 0.038131527711417305
0 0.9611058417343543 0.6749090186610949 0.012354614978499257 0.02501428217868991
0 0.9664823871416643 0.6875686858612855 0.014871295807452754 0.033860796607738594
0 0.9942802708432876 0.6741768928635627 0.011439458313424921 0.024160135027008492
0 0.9487512267558551 0.6437936920485781 0.007778831653129145 0.01830313330148037
0 0.9391420817725781 0.6459290576004176 0.005033361657906994 0.020133446631628332
0 0.949094410505258 0.6645372431235892 0.019447079132822863 0.019523342188245748
0 0.9640801008958451 0.6427260092726584 0.011897036645962231 0.014947558862875639
0 0.9681983058886782 0.6421159048292759 0.008236409985666153 0.01677787219302367
0 0.9784938183707611 0.6418108526075845 0.010981879980888511 0.017387976636406392
0 0.9905052495998572 0.6439462181594238 0.008007620819397517 0.016777872193023596
0 0.9961105841734355 0.6433666184727375 0.007778831653129004 0.018669195036564404
0 0.9394852655219808 0.6645372431235893 0.009380355817008593 0.021963759961776505
0 0.9164919543119961 0.6572159898029972 0.009151566650740364 0.019523342188245606
0 0.92735943970975 0.6517250498125532 0.012125825812230744 0.010981879980888181
0 0.9568732421583871 0.648064423152257 0.008465199151934683 0.0164728199713322
0 0.9221076883931317 0.6435744367873472 0.004783773476523407 0.009706207053815348
0 0.8978768357837856 0.6428811362835031 0.014559310580723094 0.013311369673803952
0 0.9848167189658174 0.6520327029342431 0.01372734997611019 0.01497529088302926
