0 0.28482142857142856 0.5740418118466899 0.1481997677119629 0.10278745644599298
0 0.8527275696864112 0.5252613240418118 0.147041957026713 0.11324041811846698
0 0.7392621225319396 0.46080139372822304 0.13083260743321717 0.08188153310104532
0 0.629849012775842 0.5644599303135888 0.08799361207897789 0.06271777003484325
0 0.5580647502903604 0.5252613240418118 0.14588414634146354 0.10278745644599314
0 0.4237587108013937 0.5026132404181184 0.12504355400696865 0.09581881533101039
0 0.41912746806039486 0.39198606271777003 0.14588414634146346 0.15331010452961663
0 0.08741470673635307 0.5052264808362369 0.054417102206736345 0.10801393728222991
0 0.19798562717770032 0.4642857142857143 0.10883420441347273 0.0958188153310104
0 0.1626724012775842 0.5121951219512195 0.14472633565621368 0.11498257839721254
