0 0.9891020385052082 0.6003696856584633 0.00840699886741092 0.012454813136905045
0 0.9950959173273438 0.5959067109510723 0.004514869762128057 0.012247232917956622
0 0.9891798810873139 0.5731766769762208 0.0032693884484376666 0.00913352963373029
0 0.9847428539072915 0.5751486890562307 0.004670554926339321 0.010586591166369032
0 0.9809285673841144 0.5719311956625303 0.004826240090550584 0.005397085692658834
0 0.9757909569651412 0.5781586022309828 0.006383091732663786 0.010794171385317526
0 0.9739227349946055 0.5747335286183339 0.006383091732663786 0.009341109852678713
0 0.9686294394114208 0.5728653066477982 0.0057603510758185905 0.00892594941478187
0 0.9662163193661454 0.5795078736541474 0.004047814269494125 0.00809562853898825
0 0.9616236070219116 0.5741107879614886 0.0060717214042411176 0.007265307663194562
0 0.9559410985281989 0.5751486890562306 0.0031137032842264035 0.011001751604266091
0 0.9529052378260784 0.5735918374141176 0.002646647791592187 0.005812246130555607
0 0.9498693771239577 0.5734880473046434 0.0052932955831846585 0.005604665911607185
0 0.9494801642134294 0.573799417633066 0.003892129105282862 0.00498192525476199
0 0.986221862967299 0.5955953406226496 0.004826240090550584 0.009548690071627064
0 0.9808507248020086 0.5930005878857945 0.009652480181101453 0.01639883729692471
0 0.9798387712346351 0.5885376131784035 0.006694462061086456 0.008718369195833589
0 0.9781262344283107 0.5934157483236912 0.006071721404241259 0.00726530766319442
0 0.9743119479051338 0.5918588966815781 0.006850147225297576 0.008303208757936673
0 0.9717431426956469 0.5886414032878777 0.008251313703199514 0.0056046659116071144
0 0.9737670498303941 0.6056629812416477 0.00949679501689019 0.009756270290575629
0 0.9646594677240323 0.5999545252205664 0.009341109852678641 0.013700294450595365
0 0.962946930917708 0.5937271186521138 0.004359184597916652 0.010794171385317526
0 0.9569530520955724 0.5976711428121338 0.007005832389509124 0.009133529633730219
0 0.9603002831261155 0.5892641439447229 0.005916036240029996 0.0051895054737103406
0 0.9525938674976555 0.6058705614605963 0.007628573046354319 0.008095628538988322
0 0.9438754983018223 0.6068046724458641 0.0070058323895089815 0.00913352963373029
0 0.9406839524354902 0.6022379076289988 0.007784258210565582 0.006227406568452451
0 0.9275285560596345 0.5966332417173916 0.008251313703199514 0.008718369195833447
0 0.9246483805217253 0.5893679340541972 0.010275220837946363 0.005397085692658692
0 0.9341451755386154 0.5818950461720541 0.009341109852678784 0.004566764816865145
0 0.9233250566259291 0.581998840332101 0.009185424688467378 0.0039440241600199495
0 0.9340673329565096 0.5745259483993854 0.004514869762128057 0.006850147225297718
0 0.9118821970563977 0.5728653066477982 0.004359184597916652 0.007680468101091477
0 0.9092355492648053 0.5769131209172922 0.00622740656845238 0.005812246130555607
0 0.9032416704426699 0.5727615165383239 0.004826240090550584 0.007472887882142985
0 0.9148402151764128 0.5877072923026099 0.009341109852678784 0.0033212835031746126
0 0.911103771235341 0.6054554010226993 0.011832072480059708 0.01556851642113095
0 0.9020740317110851 0.6056629812416479 0.00996385050952398 0.011832072480059708
0 0.9149180577585182 0.5971521922647628 0.005137610418973253 0.008510788976884953
0 0.9074451698763752 0.5955953406226496 0.008562684031622183 0.010794171385317597
0 0.9069002718016358 0.5926892175573717 0.007472887882143056 0.007888048320039759
0 0.8938227180078856 0.587811082412084 0.0052932955831846585 0.013907874669543787
0 0.8956130973963156 0.5822064165004768 0.008251313703199656 0.0043591845979167945
0 0.9040979388458322 0.5813760956246832 0.005916036240029854 0.006019826349504101
0 0.8904754869773425 0.5757714297130758 0.002646647791592187 0.007680468101091406
0 0.8854157191404747 0.576290380260447 0.006538776896875192 0.006227406568452451
0 0.8834696545878333 0.5806495648583637 0.00731720271793165 0.007057727444245998
0 0.8850265062299465 0.5897830944920941 0.005448980747395922 0.009548690071627064
0 0.8833139694236221 0.5954915505131754 0.011676387315848443 0.005604665911607256
0 0.8789547848257052 0.5971521922647627 0.008251313703199372 0.003944024160019808
0 0.8783320441688599 0.6008886362058342 0.011365016987425775 0.003944024160019879
0 0.874050702153049 0.604313709818483 0.00996385050952398 0.0074728878821429135
0 0.8814457474530863 0.6059743515700704 0.010742276330580438 0.015360936202182672
0 0.8884515798425952 0.6069084625553383 0.007628573046354319 0.014323035107440561
0 0.8939784031720969 0.6031720186142668 0.005604665911607185 0.014323035107440702
0 0.8994273839194927 0.5870845516457647 0.0074728878821429135 0.004566764816865145
0 0.9508034881092255 0.5963218713889691 0.0065387768968750495 0.01183207248005978
0 0.9455880351081467 0.5937271186521138 0.009496795016889905 0.0074728878821429135
0 0.9422408040776034 0.5893679340541972 0.008718369195833589 0.005397085692658692
0 0.9428635447344488 0.5853201197847031 0.0062274065684525225 0.005604665911607256
0 0.9550848301250366 0.5846973791278578 0.009496795016890047 0.007680468101091336
0 0.9234807417901405 0.6047288702563799 0.005760351075818448 0.01203965269900806
0 0.8671227123456455 0.5759790099320244 0.0066944620610864545 0.009341109852678784
0 0.8706256285404002 0.5786775527783539 0.007784258210565582 0.008095628538988108
0 0.8667334994351172 0.5891603538352489 0.008406998867410777 0.004566764816865145
0 0.86704486976354 0.6530950612713607 0.018370849376934756 0.026570268025397182
0 0.8567696489255934 0.6574542458692776 0.014011664779018105 0.02283382408432587
0 0.8485961778044995 0.6495661975492376 0.012921868629538978 0.02407930539801633
0 0.8471171687444919 0.6621248007956168 0.02304140430327422 0.033835575688591746
0 0.8239979218591122 0.652783690942938 0.014790090600074706 0.028853650433829755
0 0.8164471913948637 0.6460373338271146 0.01432303510744063 0.02906123065277818
0 0.8159022933201241 0.6618134304671942 0.02132886749694961 0.02989155152857194
0 0.8022798414516343 0.6584921469640196 0.010275220837946505 0.03030671196646864
0 0.7975314439431892 0.6530950612713607 0.012921868629538836 0.024909626273809948
0 0.7867113250305031 0.6569352953219064 0.015568516421131164 0.026362687806448692
0 0.7854658437168126 0.646763864593434 0.014323035107440915 0.02428688561696447
0 0.8749069705562111 0.5891603538352488 0.008874054360044853 0.007057727444246069
0 0.8587935560603404 0.6056629812416479 0.012454813136905045 0.011001751604266091
0 0.8570031766719103 0.5985014636879274 0.009808165345312432 0.009548690071627064
0 0.8489853907150277 0.5971521922647628 0.007161517553720245 0.011001751604266091
0 0.8565361211792765 0.5872921318647131 0.0057603510758185905 0.006642567006349367
0 0.8576259173287555 0.5911323659152588 0.006383091732663786 0.009341109852678713
0 0.8624521574193063 0.5862542307699711 0.005137610418973253 0.008718369195833447
0 0.8517098810887256 0.5802344044204669 0.007628573046354319 0.007888048320039899
0 0.8437699377139489 0.5763941703699212 0.0057603510758185905 0.006850147225297647
0 0.848907548132922 0.586254230769971 0.008562684031622326 0.0062274065684525225
0 0.8411232899223566 0.60472887025638 0.0035807587768600514 0.012869973574801819
0 0.8368419479065454 0.6099183757300903 0.008718369195833447 0.008303208757936673
0 0.8294469026065081 0.6012000065342569 0.008251313703199656 0.00788804832003983
0 0.8385544847128699 0.5966332417173917 0.0093411098526785 0.004566764816865145
0 0.8390215402055037 0.5878110824120841 0.006850147225297718 0.009341109852678641
0 0.813878386185377 0.60472887025638 0.010119535673735242 0.015360936202182813
0 0.8120880067969467 0.6175988438311818 0.009341109852678641 0.016606417515873204
0 0.8101419422443056 0.6255906822606957 0.008562684031622326 0.017644318610615314
0 0.7923938335242161 0.6221656086480469 0.008251313703199656 0.01992770101904796
0 0.786711325030503 0.6196746460206659 0.011832072480059708 0.017436738391666894
0 0.8339617723686362 0.5791965033257249 0.002958018120014856 0.009548690071627135
0 0.829524745188614 0.5800268242015185 0.0074728878821429135 0.007472887882143056
0 0.8301474858454592 0.5853201197847031 0.0071615175537203864 0.006434986787400874
0 0.8329498188012627 0.5909247856963105 0.005293295583184801 0.007680468101091265
0 0.7810288165367903 0.6045212900374316 0.01074227633058058 0.005397085692658834
0 0.7733224009083304 0.6021341215700976 0.0052932955831846585 0.014738195545337618
0 0.7691189014746251 0.6059743515700705 0.005916036240029854 0.012454813136904832
0 0.7750349377146548 0.6221656086480469 0.011209331823214512 0.018682219705357356
0 0.7663944111009272 0.6252793119322732 0.008874054360044993 0.020758021894841577
0 0.7914597225389483 0.5729690967572725 0.0048262400905507265 0.009963850509523838
0 0.7978428142716121 0.5967370318268661 0.0066944620610864545 0.011416912042162934
0 0.7960524348831819 0.6065970922269159 0.00498192525476199 0.012869973574801677
0 0.7878789637620881 0.5980863032500308 0.009808165345312717 0.005812246130555607
0 0.7778372706704585 0.5895755142731457 0.00342507361264893 0.009963850509523838
0 0.7715320215199003 0.590198254929991 0.00731720271793165 0.006642567006349367
0 0.779316279730466 0.5733842571951694 0.004203499433705389 0.008303208757936673
0 0.7735559286546474 0.5716198253341078 0.007939943374776987 0.009756270290575486
0 0.7633585503988064 0.6154192515322235 0.00498192525476199 0.012662393355853325
0 0.7583766251440446 0.6175988438311818 0.005604665911607185 0.013700294450595365
0 0.7534725424713882 0.6177026339406559 0.006383091732663786 0.015568516421131093
0 0.7470116081566188 0.6235148800712117 0.009652480181101169 0.012247232917956551
0 0.7394608776923701 0.6230997196333148 0.007628573046354319 0.016813997734821628
0 0.7314430917354876 0.62569447237017 0.00809562853898825 0.01992770101904796
0 0.7382932389607854 0.6132396592332651 0.0071615175537203864 0.012869973574801677
0 0.7490355152913658 0.604209919709009 0.005604665911607185 0.01515335598323432
0 0.7561970328450863 0.5977749329216081 0.006850147225297718 0.011416912042162792
0 0.7563527180092976 0.590198254929991 0.005916036240029854 0.011624492261111286
0 0.758921523218784 0.5894717241636716 0.0060717214042411176 0.010171430728472259
0 0.7475565062313584 0.5690250725972525 0.005448980747395922 0.007888048320039899
0 0.7506702095155846 0.5715160352246336 0.004203499433705531 0.00788804832003983
0 0.7462331823355622 0.5913399461342073 0.008406998867410777 0.007680468101091336
0 0.7382153963786797 0.5888489835068262 0.008562684031622041 0.006850147225297718
0 0.7327664156312838 0.5978787230310822 0.008562684031622041 0.007057727444246212
0 0.7267725368091483 0.5973597724837113 0.00342507361264893 0.011416912042162792
0 0.726850379391254 0.5876035021931357 0.007628573046354177 0.01017143072847233
0 0.7128387146122358 0.5751486890562308 0.007939943374776846 0.007680468101091336
0 0.733389156288129 0.5741107879614887 0.005760351075818448 0.00601982634950403
0 0.7062999377153608 0.5752524791657049 0.005137610418973253 0.007888048320039759
0 0.6210623103096676 0.5769131209172923 0.004359184597916723 0.007472887882142985
0 0.6315710588939312 0.5826215769383738 0.007628573046354177 0.0051895054737103406
0 0.6518101302414017 0.5759790099320246 0.00389212910528272 0.006434986787400945
0 0.7544844960387619 0.6551708634608449 0.012143442808482376 0.02906123065277825
0 0.7489576727092602 0.6431312107618368 0.014167349943229227 0.02117318233273835
0 0.7904477689715748 0.5904058351489394 0.00840699886741092 0.009548690071627206
0 0.7286407587796839 0.6035871790521636 0.00809562853898825 0.010171430728472259
0 0.720934343151224 0.603690969161638 0.007939943374776987 0.012454813136904903
0 0.7207008154049069 0.6142775603280072 0.00498192525476199 0.015776096640079586
0 0.7150183069111941 0.6219580284290985 0.007628573046354319 0.017436738391666963
0 0.7151739920754053 0.604209919709009 0.0048262400905507265 0.011416912042162863
0 0.7087909003427417 0.6081539438690289 0.008562684031622041 0.01432303510744063
0 0.7061442525511492 0.6178064240501301 0.0070058323895089815 0.013700294450595365
0 0.7070005209543117 0.6230997196333149 0.00809562853898825 0.01390787466954393
0 0.7023299660279722 0.5811685154057349 0.008718369195833447 0.006850147225297789
0 0.71867690827016 0.6339976811281065 0.012454813136904903 0.01702157795377005
0 0.7207008154049069 0.6384606558354976 0.0074728878821429135 0.02013528123799638
0 0.7354909060049818 0.6493586173302893 0.009029739524255974 0.024494465835913103
0 0.7241258890175558 0.6489434568923924 0.01432303510744063 0.029061230652778037
0 0.7576760419050936 0.6076349933216578 0.007628573046354319 0.00996385050952398
0 0.6915876896973918 0.5963218713889691 0.008718369195833447 0.009756270290575415
0 0.6953241336384633 0.6035871790521636 0.0074728878821429135 0.01515335598323425
0 0.7042760305806136 0.6571428755408548 0.010119535673735242 0.03259009437490135
0 0.6936894394142444 0.6550670733513706 0.009808165345312717 0.030514292185416993
0 0.695869031713203 0.6465562843744856 0.007317202717931508 0.02221108342748046
0 0.7077011041932625 0.6361772734270649 0.0048262400905507265 0.020965602113789786
0 0.6803783578741773 0.6503965184250313 0.009029739524256114 0.028646070214881334
0 0.6791328765604868 0.6333749404712613 0.00840699886741092 0.02034286145694466
0 0.6884739864131656 0.6311953562734484 0.005916036240029855 0.018474639486409004
0 0.6858273386215733 0.6187405350353979 0.0071615175537203864 0.016813997734821697
0 0.6841926443973544 0.6078425735406061 0.008562684031622041 0.012039652699008202
0 0.6743066364699363 0.6073236229932352 0.004047814269493983 0.009756270290575486
0 0.6686241279762234 0.6199860163490885 0.005137610418973253 0.017644318610615245
0 0.6642649433783067 0.6259020525891184 0.007317202717931508 0.018682219705357425
0 0.6717378312604495 0.6289119657638703 0.008251313703199514 0.01805947904851216
0 0.6665223782593708 0.6375265448502296 0.010586591166369175 0.02241866364642881
0 0.6771868120078455 0.622788349304892 0.005137610418973395 0.012869973574801677
0 0.6618518233330312 0.6060781416795445 0.006227406568452379 0.013492714231647085
0 0.6566363703319524 0.596737031826866 0.007005832389509124 0.014738195545337405
0 0.6561693148393185 0.6506040986439798 0.009185424688467378 0.0315521932801591
0 0.6562471574214241 0.6426122602144657 0.009341109852678641 0.0213807625516867
0 0.6562471574214241 0.6312991382817771 0.0071615175537203864 0.01577609664007966
0 0.6570255832424806 0.6151078812038007 0.00498192525476199 0.01619125707797643
0 0.6502532785992886 0.6207125471154078 0.009496795016890047 0.017021577953769976
0 0.6485407417929642 0.6060781416795445 0.007628573046354319 0.012662393355853254
0 0.6419241223139835 0.6199860163490885 0.010275220837946648 0.013492714231646942
0 0.6410678539108212 0.6070122526648125 0.0070058323895089815 0.012454813136904903
0 0.6479180011361189 0.6378379151786522 0.008251313703199656 0.02221108342748053
0 0.6413792242392438 0.6390833964923427 0.0060717214042411176 0.0251172064927583
0 0.6370978822234328 0.643753951418682 0.007161517553720315 0.03030671196646864
0 0.6339063363571009 0.6324408294859934 0.004203499433705318 0.013492714231647013
0 0.6255771800717956 0.6415743591197236 0.010275220837946505 0.018059479048512087
0 0.6312596885655086 0.6241376207280568 0.0060717214042411176 0.01930496036220269
0 0.6314932163118255 0.6085691043069255 0.007472887882143056 0.013492714231647013
0 0.6215293658023016 0.6086728944163998 0.005293295583184516 0.01328513401269845
0 0.6169366534580679 0.6215428679912016 0.005448980747395922 0.018682219705357425
0 0.607206330694861 0.6164571526269654 0.005293295583184587 0.015568516421131096
0 0.6130445243527851 0.6571428755408547 0.014790090600074635 0.03425073612648859
0 0.6159246998906944 0.6499813579871345 0.01120933182321451 0.024079305398016188
0 0.6125774688601511 0.6315067185007254 0.007317202717931579 0.01826705926746051
0 0.6040926274106347 0.6300536569680866 0.008718369195833376 0.015360936202182741
0 0.6128888391885738 0.6133434493427391 0.007628573046354177 0.014323035107440702
0 0.604948895813797 0.6108524867153582 0.004514869762128057 0.011832072480059708
0 0.5990328595737671 0.6123055482479971 0.003892129105282791 0.009341109852678784
0 0.5989550169916614 0.6209201273343563 0.00840699886741092 0.015776096640079517
0 0.6014459796190423 0.6446880624039499 0.008406998867410777 0.02719300868224238
0 0.5961526840358577 0.6412629887913011 0.009341109852678641 0.02117318233273835
0 0.6277567723707541 0.618740535035398 0.0074728878821429135 0.014738195545337333
0 0.5850990373768546 0.6579731964166484 0.009029739524256043 0.029268810871726458
0 0.5887576387358204 0.6388758162733943 0.009496795016890047 0.026777848244345533
0 0.5893803793926656 0.6220618185385728 0.006694462061086383 0.016813997734821628
0 0.5865780464368621 0.6189481152543465 0.004514869762127987 0.011832072480059708
0 0.5865002038547564 0.6135510295616876 0.006227406568452451 0.010586591166369246
0 0.5822967044210511 0.6092956350732451 0.004981925254761919 0.014530615326388982
0 0.5752908720315419 0.6139661899995845 0.00996385050952398 0.013492714231647013
0 0.5777039920768173 0.6185329548164497 0.007005832389509053 0.015568516421131093
0 0.5664168176714971 0.6245527710395219 0.008406998867410777 0.02138076255168677
0 0.5562194394156564 0.6227883493048921 0.009185424688467378 0.015360936202182741
0 0.5622911608198976 0.609607001351095 0.005137610418973324 0.015153355983234178
0 0.5557523839230224 0.613239659233265 0.0070058323895089815 0.01411545488849221
0 0.552015939981951 0.6086728944163999 0.005448980747395993 0.012454813136904832
0 0.548824394115619 0.6165609427364397 0.007472887882142985 0.009548690071627064
0 0.5423634598008497 0.6202973866775112 0.009185424688467378 0.016606417515873204
0 0.533022349948171 0.6263172130270153 0.01043090600215784 0.01619125707797643
0 0.5300643318281559 0.6173912636122333 0.010119535673735242 0.01826705926746051
0 0.5785602604799795 0.637734125069178 0.007161517553720315 0.02034286145694466
0 0.5702311041946743 0.6480093337554064 0.00731720271793165 0.02428688561696454
0 0.5756022423599646 0.649669987658712 0.0071615175537203864 0.024286885616964682
0 0.5568421800725016 0.6464524942650115 0.007317202717931579 0.027815749339087575
0 0.5506926160861547 0.6431312107618369 0.00996385050952398 0.02117318233273835
0 0.5422077746366384 0.6500851480966088 0.010119535673735242 0.026777848244345533
0 0.5308427576492126 0.652264740395567 0.008562684031622041 0.027400588901190872
0 0.5232920271849639 0.6653422941893171 0.010275220837946577 0.027815749339087717
0 0.5041427519869727 0.6475941854692279 0.011520702151637108 0.023871725179067837
0 0.5070229275248819 0.6524723206145157 0.009185424688467378 0.02615510758750034
0 0.5215016477965341 0.6363848637724452 0.006694462061086383 0.021795922989583758
0 0.5146515005712362 0.6315067185007256 0.008874054360044781 0.02241866364642881
0 0.5225914439460131 0.6189481152543465 0.003892129105282791 0.012247232917956622
0 0.5169089354523002 0.6220618185385728 0.009963850509523909 0.020550441675893153
0 0.5183879445123076 0.6093994251827194 0.003892129105282862 0.013907874669543787
0 0.5141066024964966 0.6115790174816778 0.006850147225297789 0.01619125707797643
0 0.506555872032248 0.6193632756922434 0.007317202717931721 0.016398837296924783
0 0.5044541223153953 0.614692720765904 0.007161517553720315 0.00996385050952398
0 0.4992386693143163 0.6255906822606957 0.007628573046354177 0.017644318610615314
0 0.49807103058273156 0.611786597700626 0.009029739524255903 0.013700294450595507
0 0.4906759852826943 0.6210239174438306 0.007628573046354177 0.016813997734821628
0 0.4859275877742492 0.6124093383574714 0.00809562853898818 0.015360936202182672
0 0.4800115515342193 0.6286005954354478 0.007161517553720315 0.019927701019047745
0 0.47806548698157797 0.6139661899995845 0.004203499433705389 0.011416912042162863
0 0.47300571914471035 0.6156268317511718 0.0065387768968750495 0.018059479048512017
0 0.4656885164267788 0.6184291647069754 0.008095628538988108 0.015776096640079517
0 0.4703590713531181 0.6115790174816778 0.00965248018110131 0.012039652699007988
0 0.4874844394163624 0.6575580359787517 0.011209331823214512 0.032590094374901214
0 0.46701184032257487 0.6356583228796938 0.0070058323895089815 0.022833824084325657
0 0.4722272933236538 0.6230997196333148 0.0074728878821429135 0.016813997734821628
0 0.456814462066734 0.6358659030986423 0.008406998867410777 0.02241866364642888
0 0.45891621178358677 0.6156268317511718 0.007317202717931579 0.01930496036220269
0 0.45533545300672656 0.6168723130648623 0.007005832389509053 0.012247232917956622
0 0.45136548131933807 0.6144851405469555 0.009341109852678713 0.011624492261111286
0 0.4487188335277457 0.6125131284669455 0.013388924122172838 0.01515335598323432
0 0.4473955096319496 0.620712547115408 0.007939943374776916 0.01785189882956374
0 0.4307371970613393 0.6165609427364397 0.009496795016889976 0.011624492261111286
0 0.437587344286637 0.6174950537217075 0.00887405436004471 0.013492714231647013
0 0.4319048357929242 0.6301574470775608 0.010275220837946577 0.015983676859028007
0 0.43416227067398816 0.6341014712375808 0.011365016987425775 0.019720120800099536
0 0.4537007587825077 0.656208764555587 0.012766183465327501 0.02698542846329417
0 0.44303632503403295 0.6473866052502794 0.009808165345312645 0.025532366930655144
0 0.44864099094564014 0.6623323810145654 0.009496795016890047 0.03175977349910766
0 0.4255217440602604 0.6654460842987916 0.009029739524256114 0.02594752736855199
0 0.41976139298444176 0.6585959370734937 0.015568516421131164 0.026362687806448834
0 0.41080949604229144 0.6562087645555872 0.01043090600215784 0.02449446583591296
0 0.4211625594623436 0.6398099272586621 0.007784258210565582 0.021588342770635264
0 0.42061766138760404 0.6215428679912016 0.005448980747395922 0.016606417515873346
0 0.41618063420758167 0.6154192515322234 0.00965248018110131 0.017644318610615245
0 0.41252203284861577 0.6272513240122831 0.011676387315848373 0.01515335598323432
0 0.404115033981205 0.6225807690859437 0.010119535673735242 0.01619125707797629
0 0.4104981257138688 0.6350355822228486 0.007939943374776916 0.019512540581150973
0 0.3896799660209129 0.6211277075533047 0.004670554926339392 0.01619125707797643
0 0.3847758833482565 0.61977843613014 0.01043090600215784 0.01390787466954393
0 0.3752790883313666 0.6250717317133248 0.009185424688467378 0.01328513401269845
0 0.37006363533028763 0.6221656086480469 0.01120933182321437 0.009548690071627206
0 0.36087821064182024 0.6221656086480469 0.009341109852678641 0.015776096640079517
0 0.35387237825231127 0.6169761031743366 0.009341109852678713 0.015360936202182601
0 0.3436749999964704 0.6177026339406559 0.012299127972693568 0.015568516421131093
0 0.346243805205957 0.6195708559111918 0.009341109852678641 0.016813997734821628
0 0.353016109849149 0.6253831020417473 0.006694462061086383 0.014738195545337476
0 0.39925460361990855 0.6427160503239401 0.008874054360044781 0.026985428463294027
0 0.3870333182293206 0.6383568657260232 0.008718369195833376 0.022418663646428954
0 0.3783927916155928 0.6510192590818766 0.010119535673735242 0.029891551528571796
0 0.3683510985239632 0.6430274206523626 0.009029739524256114 0.019720120800099467
0 0.3589321460891789 0.6390833964923428 0.007005832389509053 0.02013528123799638
0 0.36352485843341253 0.6676256765977499 0.015257146092708567 0.01577609664007966
0 0.3512257304607189 0.6571428755408548 0.009652480181101382 0.030929452623313692
0 0.3407948244585611 0.653717801928206 0.009963850509523909 0.026985428463294027
0 0.34453126839963255 0.6360734833175907 0.007784258210565582 0.010379010947420823
0 0.3325435107553615 0.6650309238608947 0.01120933182321444 0.026777848244345676
0 0.3325435107553616 0.640640248134456 0.0062274065684525225 0.019512540581151115
0 0.3362021121143274 0.6366962381514406 0.005137610418973253 0.019512540581151115
0 0.3228910305742603 0.6472828151408052 0.008718369195833481 0.026570268025397324
0 0.3232802434847885 0.6246565712754278 0.005448980747395993 0.018682219705357283
0 0.3174420498268643 0.6356583228796938 0.005604665911607256 0.010794171385317597
0 0.3159630407668569 0.6240338306185826 0.011365016987425704 0.01411545488849221
0 0.30724467157102336 0.6205049668964595 0.011053646659003179 0.015776096640079517
0 0.29953825594256345 0.6252793119322732 0.01152070215163711 0.01909738014325427
0 0.29346653453832233 0.6214390778817274 0.00591603624002989 0.012247232917956622
0 0.2892630351046169 0.6257982624796442 0.006850147225297718 0.01722915817271847
0 0.2841254246856436 0.622684559195418 0.012766183465327536 0.018059479048512087
0 0.27470647225085926 0.6265247932459636 0.007628573046354284 0.015776096640079586
0 0.2716706115487387 0.6227883493048921 0.005916036240029783 0.016606417515873276
0 0.29245458097094884 0.6364886437554875 0.0063830917326637504 0.019512540581151257
0 0.298292774628873 0.6398099272586621 0.006538776896875085 0.01826705926746058
0 0.2961131823299146 0.6525761107239899 0.008095628538988145 0.021795922989583546
0 0.28459248017827754 0.655689814008216 0.008718369195833447 0.021380762551686843
0 0.27104787089189347 0.6599452084966585 0.018682219705357425 0.02864607021488126
0 0.27898781426667035 0.6692863183493373 0.013700294450595401 0.02449446583591296
0 0.25400034541075484 0.6722962315240892 0.01292186862953887 0.03134461306121082
0 0.26404203850238445 0.6344128435912897 0.010897961494791844 0.02324898452222243
0 0.26053912230763 0.6319218789386223 0.008562684031622147 0.01702157795377005
0 0.2535332899181209 0.6218542383196243 0.011676387315848373 0.014738195545337547
0 0.2547009286497057 0.6315067185007256 0.007784258210565546 0.017021577953769976
0 0.2504974292160004 0.649773777768186 0.00871836919583341 0.02615510758750034
0 0.24240180067701214 0.6440653217471046 0.006538776896875121 0.025532366930655144
0 0.23843182898962367 0.6375265448502296 0.006071721404241154 0.017436738391667105
0 0.24146768969174423 0.6263172130270152 0.006227406568452416 0.014530615326389124
0 0.24442570781175918 0.627251324012283 0.006227406568452487 0.015153355983234463
0 0.2306475707790581 0.6632664919998331 0.010742276330580473 0.031967353718056014
0 0.20955223102842538 0.6577656161977 0.023041404303274112 0.0292688108717266
0 0.20036680633995796 0.6526799008334639 0.011520702151637039 0.024909626273809805
0 0.1967860475630979 0.6465562843744856 0.008406998867410814 0.018889799924305777
0 0.20760616647578403 0.6335825206902098 0.006071721404241153 0.017436738391666963
0 0.209863601356848 0.6434425810902594 0.008406998867410849 0.01805947904851216
0 0.21235456398422906 0.6304688174059834 0.004670554926339356 0.01411545488849221
0 0.21912686862742106 0.6207125471154079 0.006694462061086419 0.015776096640079517
0 0.22449800679271129 0.6302612371870351 0.01058659116636921 0.017436738391666894
0 0.23329421857065039 0.6243452009470052 0.008562684031622183 0.014738195545337476
0 0.20293561154944467 0.628289225107025 0.006694462061086383 0.017229158172718542
0 0.19624114948835825 0.6290157558733446 0.010430906002157877 0.017021577953769906
0 0.19748663080204878 0.6211277075533047 0.0063830917326637504 0.014945775764285756
0 0.18907963193463792 0.6261096328080668 0.010119535673735278 0.014115454888492352
0 0.1775589297830008 0.6366962239744359 0.007005832389509017 0.01203965269900806
0 0.17911578142511395 0.6232035097427889 0.007005832389509053 0.01619125707797636
0 0.16448137598925064 0.6287043855449219 0.011987757644271006 0.020550441675893153
0 0.15654143261447379 0.6300536569680867 0.007628573046354284 0.013700294450595365
0 0.15008049829970435 0.6224769789764695 0.008406998867410814 0.016813997734821628
0 0.14058370328281433 0.6300536569680867 0.007784258210565582 0.016606417515873276
0 0.14758953567232336 0.6379417052881263 0.009341109852678695 0.018682219705357425
0 0.16128983012291878 0.646763864593434 0.008718369195833464 0.017644318610615387
0 0.1658046998850468 0.6557936041176902 0.013077553793750151 0.02407930539801612
0 0.15358341449445886 0.6600489986061325 0.01790379388430079 0.030099131747520148
0 0.14268545299966706 0.6576618260882259 0.010119535673735278 0.02449446583591296
0 0.13785921290911637 0.6415743591197236 0.009496795016889993 0.020965602113789856
0 0.13279944507224875 0.6253831020417473 0.0065387768968751024 0.016813997734821628
0 0.1267277236680076 0.6280816448880766 0.007161517553720351 0.015983676859028007
0 0.11972189127849858 0.6234110899617373 0.007472887882142966 0.014530615326388982
0 0.11730877123322327 0.6331673602523128 0.009808165345312645 0.019097380143254197
0 0.11816503963638547 0.647801765688176 0.008095628538988216 0.021795922989583615
0 0.12688340883221894 0.65973762827771 0.016813997734821663 0.016606417515873346
0 0.12369186296588702 0.6771743666693769 0.014478720271651965 0.029476391090675094
0 0.10251868063314866 0.6704280095535534 0.015724201585342445 0.03259009437490135
0 0.09777028312470365 0.6469714448123824 0.010275220837946577 0.021795922989583615
0 0.10454258776789573 0.6353469525512712 0.011365016987425723 0.022211083427480603
0 0.11076999433634818 0.630780187734406 0.00731720271793165 0.01681399773482177
0 0.09566853340785096 0.6270437437933346 0.012610498301116237 0.015568516421131235
0 0.08445920158463652 0.6779008974356964 0.01883790486956869 0.02802332955803607
0 0.0720043884477316 0.6657574546272141 0.016035571913765086 0.02657026802539704
0 0.08189039637514987 0.6612944799198232 0.0062274065684524696 0.02387172517906791
0 0.07807610985197275 0.6391871866018168 0.01198775764427098 0.02034286145694459
0 0.0866387938835949 0.6330635701428386 0.008874054360044762 0.015153355983234178
0 0.07901022083724062 0.6293271262017672 0.006071721404241163 0.0172291581727184
0 0.07449535107511257 0.6316105086101997 0.007005832389509026 0.014738195545337618
0 0.06733383352139226 0.6321294409299933 0.008874054360044754 0.01743673839166675
0 0.05721531221480053 0.6330814090679046 0.013231210223674435 0.018925477774437597
0 0.16525980181030722 0.6692863183493372 0.01074227633058051 0.031967353718056014
0 0.05581313136975519 0.6290157558733447 0.007005832389509026 0.01245481313690476
0 0.05332216874237421 0.6263172130270153 0.006071721404241153 0.013285134012698591
0 0.05550176104133257 0.6624361711240394 0.008251313703199523 0.02532478671170665
0 0.05347785390658553 0.6518495799576703 0.00793994337477689 0.019097380143254128
0 0.060483686296094546 0.6461411239365888 0.0066944620610864015 0.01141691204216272
0 0.06530992638664519 0.6426122602144659 0.0076285730463542655 0.020965602113789998
0 0.0431247904865333 0.6366962239744359 0.008095628538988193 0.02407930539801626
0 0.036430328425446905 0.6460373338271146 0.00871836919583345 0.021588342770635194
0 0.02887959796119829 0.6628513315619364 0.013233238957961482 0.02823090977698442
0 0.021095339750632713 0.6591148876208649 0.010119535673735249 0.02449446583591296
0 0.016191257077976404 0.6549632832418965 0.011209331823214437 0.023664144960119416
0 0.028490385050670017 0.6356583228796938 0.009341109852678695 0.018682219705357498
0 0.023508459795908047 0.6267323734649121 0.00871836919583345 0.019097380143254197
0 0.007395045300037298 0.645207012951321 0.009185424688467381 0.02117318233273835
0 0.0034250736126488547 0.6356583228796938 0.006538776896875086 0.017021577953769976
0 0.0022574348810640178 0.6645298122385895 0.0045148697621280355 0.019476862731019225
0 0.008640526613727792 0.6766732550470718 0.017281053227455583 0.02681352609447728
