0 0.8395895225701948 0.363216818830229 0.09973606059656362 0.15925596772677098
0 0.5666558943785232 0.2827845118975164 0.06434584554616997 0.03217292277308509
0 0.5028462642119045 0.2658937274416467 0.06327341478706736 0.04021615346635628
0 0.48944087972311906 0.2980666502147318 0.09222904528284381 0.0579112609915531
0 0.5940028787356455 0.34793468051301363 0.07828744541450681 0.07721501465540417
0 0.5296570331894753 0.3704557264541731 0.06112855326886155 0.13030033723099443
0 0.3033741430187773 0.2747412812042451 0.05040424567783326 0.022521045941159487
0 0.32589518895993685 0.31616391927459214 0.10617064515118059 0.06354152247684301
0 0.21436239001324203 0.3386849652157516 0.06970799934168426 0.1118009066364705
0 0.2411731589908129 0.2860018041748249 0.0375350765685992 0.04665073802097325
0 0.9189493987438044 0.20999327412341146 0.031100492013981976 0.02171672287183238
0 0.556895251630071 0.19747604536882496 0.03051810869700937 0.015384128564476072
0 0.5816599463923983 0.2017911058198365 0.02801662437758239 0.012007124733249554
0 0.6341911171003651 0.19785126801673897 0.027016030649811496 0.013883237972819842
0 0.6939765923346702 0.18621936593140348 0.03351988988032161 0.015384128564476036
0 0.7630175595508553 0.1849060866637043 0.013508015324905642 0.016509796508218173
0 0.7767757233077041 0.18546892063557535 0.01701009337210351 0.013883237972819842
0 0.7157395059136852 0.18734503387514556 0.020011874555415973 0.007879675606195029
