0 0.5035123937270221 0.5396105845769247 0.012236830767463236 0.018347501754760742
0 0.9490840837067249 0.5511115789413452 0.013285259172028186 0.023102760314941406
0 0.15109602236280253 0.5248211622238159 0.008845714494293812 0.019094069798787434
0 0.4007019940544577 0.5344727039337158 0.009993908452052697 0.017950057983398438
0 0.8111197976505057 0.5529881119728088 0.014817002240349264 0.021084904670715332
0 0.9163990693933823 0.557503898938497 0.01390823663449755 0.01856684684753418
0 0.45122158574123006 0.54138712088267 0.012108746696920955 0.01972222328186035
0 0.2646850010979168 0.5231802202792547 0.0093960677978556 0.013849444693641286
0 0.36445695465686273 0.5296474695205688 0.0120849609375 0.01653281847635905
0 0.5629145304361979 0.5440952777862549 0.011887554093903187 0.019223848978678387
0 0.11316340951358571 0.5168676773707072 0.009455370435527726 0.01812005043029785
0 0.706142419702291 0.5096388449982334 0.015303686103418894 0.013602135720954393
0 0.7514690014763097 0.5474053556729062 0.012355248854886924 0.017181780936063994
0 0.901507927389706 0.5485032399495443 0.013796219171262255 0.021091461181640625
0 0.47354152188451687 0.5423197150230407 0.01669519527025819 0.01793181896209716
0 0.7109840542662379 0.5560122728347778 0.024889658011642158 0.02709174156188965
0 0.46252349745291244 0.5025650220559207 0.006663090240710891 0.01103002974315133
0 0.562486297009038 0.5113346576690674 0.012611897786458333 0.013481378555297852
0 0.5796200022977941 0.5263246297836304 0.010739434934129903 0.019761006037394207
0 0.8303079511620804 0.5500963060146098 0.011130991172200415 0.020546132706498882
0 0.2109090244068819 0.5166771411895752 0.01025858860389859 0.016539255777994793
0 0.1709405887303578 0.509903823644575 0.01134989542788935 0.0129088653908997
0 0.652533414080808 0.5567785144444356 0.01408492677863752 0.023654468972692976
0 0.3449389139811202 0.5412041130511455 0.012765532848881753 0.0191526049676563
0 0.008879861001874887 0.5362719297409058 0.016268322514552697 0.020381689071655273
0 0.6024265962488506 0.5545074555890979 0.015577548157935045 0.023222364263291436
0 0.4115411945417815 0.5018141865730285 0.007490120682061887 0.0120923121770223
0 0.4206598160403909 0.507736980915069 0.009181394745963897 0.013401389122009277
0 0.482879518995098 0.5119982361793518 0.0076995849609375 0.015262246131896973
0 0.8902725219726563 0.551023542881012 0.011641977347579657 0.019083142280578613
0 0.056611016217400015 0.5012569755178952 0.008605171652401192 0.014238820445986893
0 0.8399677351409314 0.558643102645874 0.014437686695772061 0.019548892974853516
0 0.7169941023284315 0.5512404839197794 0.014491780598958332 0.019847631454467773
0 0.037781945863102 0.5067197481290292 0.008605171652401192 0.01302487097684602
0 0.031018105056218256 0.5084192773858266 0.008605171652401192 0.01302487097684602
0 0.029647056244012076 0.5227438811216889 0.008787978160695329 0.017880668853409505
0 0.006430629690654364 0.5016211603586376 0.009153591177283635 0.012053711401533475
0 0.013377277005832262 0.5199517973426644 0.008422365144107016 0.015209980021299524
0 0.022517602420540017 0.5214085367056335 0.006959913077753767 0.015209980021299531
0 0.01831305272977446 0.5178880832451249 0.005497461011400532 0.011082551826220456
0 0.0017432947100824115 0.5131536803154753 0.003486589420164823 0.016666719384268478
0 0.16271429585712055 0.5054122106087533 0.00769376526200582 0.011694915921758049
0 0.184559673598272 0.5037126813519559 0.008242184786888304 0.011694915921758047
0 0.19388280552127388 0.5063833701840658 0.008242184786888304 0.011694915921758047
0 0.18401125407338934 0.5146382265742236 0.008242184786888306 0.013637235072383775
0 0.26824972800965297 0.5282788080496467 0.015428682571562866 0.013363864905985146
0 0.46733058069130107 0.5106077171250187 0.007786823984749701 0.010200885921594823
0 0.46539526146545607 0.504389138463345 0.008660839119002197 0.008708427042793117
0 0.4663941359046017 0.5078715425138819 0.008660839119002187 0.00837676951417052
0 0.6013652921572581 0.5250728499238423 0.01020859804752614 0.015428412340659942
0 0.6051735009565008 0.5290527402673137 0.012331206230710656 0.017418357512395448
0 0.6028011741635294 0.54513813040551 0.011082613181777931 0.018744987626886228
0 0.633429940432146 0.5428488982422869 0.01208717790034561 0.020337893686467656
0 0.647351752927739 0.5526327953366537 0.01121316276609288 0.01967457862922253
0 0.6417330842075443 0.535718261376901 0.012212037205238134 0.01967457862922252
0 0.6456661523116801 0.5309921415940291 0.010588866241627012 0.01785046222179791
0 0.6572156380143022 0.5202961862959505 0.009215413887801423 0.016026345814373004
0 0.6692021312840504 0.517808754831281 0.011712599985665595 0.013041428056769368
0 0.7061424197022896 0.5152770229848174 0.009809876688117688 0.013602135720954624
0 0.7534667503546015 0.5581013109709853 0.01285468607445966 0.016020979585884818
0 0.833054855869731 0.5462822444354499 0.011130991172200415 0.020546132706498882
