0 0.3821157981290851 0.3649320363019056 0.05849791260316359 0.05484179306546586
0 0.4051493512165807 0.3964660673145485 0.09432788407260126 0.05758388271873912
0 0.41063353052312734 0.4290969341885007 0.08774686890474534 0.08116585373688928
0 0.4764436822016863 0.42580642660457274 0.04972322571268904 0.0877468689047452
0 0.4051493512165807 0.5014881010349155 0.03729241928451673 0.06361647995594057
0 0.4417105465935579 0.4987460113816422 0.06507892777101944 0.0592291365107031
0 0.4811966376006933 0.5475552072099069 0.10310257096307573 0.05703546478808455
0 0.36529764825567557 0.5058754444801528 0.07458483856903349 0.09761839165652908
0 0.31923054208068424 0.5083433251680988 0.05118567352776804 0.06416489788659505
0 0.29034719773287226 0.37014200664312485 0.0694662712162567 0.0630680620252857
0 0.2303868373146296 0.38001352939490873 0.07677851029165218 0.05209970341219247
0 0.27499149567454184 0.42224171005531747 0.09432788407260123 0.06416489788659505
0 0.5279949676832242 0.3748035590536895 0.06654137558609846 0.06690698753986829
0 0.584299208563769 0.401950246621095 0.046067106174991324 0.03784083721517142
0 0.5630937152451222 0.4249837997085908 0.06215403214086123 0.0630680620252857
0 0.6124513290040415 0.3857719176667826 0.027786508486502798 0.042776598591063364
0 0.6588840471328027 0.40112761972511307 0.07824095810673129 0.06361647995594033
0 0.6354848820915372 0.42800009832719127 0.08116585373688956 0.041679762729754016
0 0.6102576572814229 0.45871150244385217 0.06288525604840067 0.038389255145826195
0 0.5521253566320291 0.519311683781192 0.05776668869562407 0.06855224133183228
0 0.6544967036875653 0.5269895348103572 0.08116585373688949 0.0784237640836161
0 0.6819176002202982 0.48997132449116776 0.059960360418242827 0.08226268959819884
0 0.7151882880133477 0.46008254727048886 0.05191689743530773 0.08939212269670932
0 0.7575992746506409 0.4450010541774857 0.05922913651070317 0.06581015167855896
0 0.795988529796467 0.4304679790151373 0.057035464788084626 0.06526173374790424
0 0.8343777849422932 0.4343069045297199 0.03729241928451657 0.05977755444135766
0 0.8760575476720472 0.3978371121411851 0.11480215348370848 0.06910065926248699
0 0.8811761150248238 0.4334842776337379 0.05922913651070317 0.05703546478808441
0 0.8548520543534005 0.4743414134675099 0.05191689743530759 0.06745540547052294
0 0.8442493076940769 0.4968265486243509 0.10383379487061532 0.07403642063837886
0 0.942233311304376 0.5039559817228614 0.09213421234998251 0.0751332564996882
0 0.9557609535938576 0.3720614694004162 0.03436752365435879 0.04826077789760987
0 0.9850099098954392 0.39865973903716706 0.02851773239404224 0.05868071858004846
0 0.7298127661641385 0.5459099534179429 0.03290507583927948 0.06581015167855896
0 0.7777079321079785 0.5700403423667477 0.0731223907539544 0.05703546478808448
0 0.7934292461200786 0.6166558664723938 0.11626460129878752 0.09652155579521982
0 0.8676484727353424 0.6065101347552826 0.11407092957616896 0.07293958477706951
0 0.9630731926692531 0.5807344920145137 0.07239116684641474 0.05209970341219247
0 0.6479156885197094 0.6037680451020093 0.14843845323052732 0.06855224133183228
0 0.6113544931427319 0.7060479891691029 0.0957903318876807 0.10639307854700357
0 0.8833697867474427 0.7085158698570492 0.07385361466149405 0.07184274891576024
0 0.8903164138690682 0.7565024387893317 0.1462447815079088 0.10748991440831304
0 0.9703854317446483 0.7496472146561485 0.057766688695624 0.0937794661419467
0 0.8764231596258165 0.7381304381124006 0.049723225712690194 0.045518688244336664
0 0.940770863489297 0.8480882332086597 0.09944645142537809 0.1085867502696226
0 0.8544864423996306 0.8650891890589538 0.09359666016506168 0.11736143716009678
0 0.7162851238746569 0.9531102669290266 0.0701974951237962 0.08171427166754398
0 0.6585184351790327 0.9723048945019397 0.05411056915792635 0.05100286755088334
0 0.8142691274849557 0.9418676993506061 0.05411056915792628 0.10310257096307594
0 0.7645459017722668 0.9426903262465881 0.042410986637293605 0.10913516820027723
0 0.6201291800332066 0.9073173697193626 0.05630424088054489 0.09432788407260119
0 0.5817399248873795 0.9424161172812607 0.059960360418240356 0.10968358613093164
0 0.5086175341334261 0.8132636946120888 0.0687350473087173 0.06964907719314155
0 0.5126392656248936 0.8988168917942155 0.07092871903133577 0.11461934750682375
0 0.4479259498076436 0.8434266807980945 0.05703546478808378 0.09597313786456597
0 0.4753468463403761 0.934464057286768 0.04606710617498965 0.06855224133183223
0 0.3652976482556754 0.9517392221023896 0.150632124953146 0.09432788407260094
0 0.3795565144526959 0.8549434573418424 0.06361647995593918 0.09377946614194708
0 0.40478373926281086 0.8275225608091099 0.07165994293887536 0.07184274891576009
0 0.30857648898168777 0.9229472807430205 0.23399165041265424 0.07623009236099748
0 0.2537346959162219 0.9816279993230688 0.057035464788084446 0.03345349376993411
0 0.049723225712689015 0.7526635132747489 0.09798400361029895 0.1228456164666433
0 0.10310257096307578 0.8269741428784552 0.08774686890474534 0.07623009236099762
0 0.1473416173692182 0.9525618489983719 0.059229136510703065 0.09268263028063714
0 0.026324060671423597 0.930076713841531 0.05118567352776811 0.10913516820027695
0 0.15830997598231134 0.8746865028454106 0.04606710617499129 0.06087439030266694
0 0.09469349602637099 0.904301071100762 0.07970340592181034 0.09158579441932786
0 0.1641597672426277 0.8324583221850017 0.04314221054483316 0.027969314463387462
0 0.0694662712162567 0.6448993899011086 0.11845827302140619 0.09926364544849314
0 0.05813230064939377 0.5678466706441292 0.07239116684641488 0.0658101516785591
0 0.26543427843685463 0.5412484010073783 0.0687350473087172 0.08390794339016282
0 0.17549373780949062 0.5626367003029099 0.08628442108966622 0.09487630200325584
0 0.23581971018150305 0.5006654741389335 0.07239116684641488 0.05868071858004839
0 0.05593862892677514 0.4992944293122969 0.08409074936704761 0.0701974951237964
0 0.09652155579521987 0.48201926449667526 0.065810151678559 0.06745540547052294
0 0.16050364770492997 0.46693777140367204 0.07239116684641492 0.09432788407260126
0 0.16452537919639748 0.42772588936186395 0.09944645142537803 0.05977755444135766
0 0.2153454407703957 0.41374123213016967 0.043142210544833325 0.03729241928451763
0 0.1820747529773465 0.41840278454073454 0.04679833008253086 0.037840837215170876
0 0.036195583423207445 0.4447268452121584 0.0694662712162567 0.047712359966955234
0 0.044970270313681976 0.42964535211915533 0.04314221054483311 0.04716394203630067
0 0.07860657006050102 0.41017651558091495 0.0592291365107031 0.05429337513481116
0 0.08811248085851514 0.43787162107897465 0.038754867099595885 0.04497027031368278
0 0.024496000902574738 0.36273836457928693 0.040217314914674944 0.0592291365107031
0 0.0643477038634799 0.35478630458479443 0.0511856735277681 0.04880919582826465
0 0.05337934525038676 0.37836827560294445 0.021936717226186345 0.043325016521718676
