0 0.011388369762057442 0.8302451388103276 0.005993878822135498 0.009133529633730148
0 0.018238516987355152 0.829560124087798 0.005993878822135499 0.00913352963373029
0 0.03279507843572374 0.8291034609730014 0.007363908267195041 0.008676853152043832
0 0.060195668742303636 0.8263633887159924 0.007363908267195045 0.012786941487222378
0 0.03596327293281298 0.8099230353752778 0.00582262514150306 0.00867685315204369
0 0.008819564552570802 0.8206549326949109 0.006336386183400383 0.007763500188670776
0 0.06610392072412291 0.8365244404335173 0.008905191392887027 0.01301527972806582
0 0.0809173640988292 0.8354969183497226 0.007363908267195054 0.010046882597103348
0 0.09522560911566978 0.834956160184824 0.006593266704349041 0.01180508705159653
0 0.06998281659044774 0.8228999010682999 0.009607331483480025 0.011805087051596387
0 0.06216508606957673 0.8180020458022121 0.006781645753044723 0.009042194337392999
0 0.04295042310261664 0.8289280306265618 0.009418952434784357 0.012307431181451563
0 0.11820785305654362 0.8378446389314911 0.013374912457393773 0.01356329150608957
0 0.13600967315828605 0.8388493271912014 0.012056259116523976 0.01255860324637922
0 0.14279131891133076 0.8316909233407653 0.009042194337392964 0.012809775311306879
0 0.10360847678262786 0.8257883798149672 0.007535161947827475 0.00803750607768265
0 0.17490605458484013 0.8364206386295049 0.013233238957961468 0.01100175160426602
0 0.18907340452806945 0.8377699100526695 0.014478720271651965 0.010794171385317526
0 0.21655183601136596 0.8327879847979076 0.012143442808482306 0.018682219705357283
0 0.1106921517542425 0.829466701294733 0.0059160362400298185 0.009548690071627277
0 0.025843737259077723 0.8236544551641773 0.008095628538988202 0.011624492261111214
0 0.23368343148117865 0.8390153913663602 0.013700294450595436 0.010379010947420823
0 0.26583241789081447 0.837458549850679 0.014167349943229369 0.013907874669543787
0 0.13548855245408054 0.8309386337563671 0.004670554926339356 0.016040289646013974
0 0.19889487387832377 0.8215975239036886 0.00976570575507317 0.007925790178030497
0 0.21786015751861082 0.8152757626902596 0.0049536188612690065 0.006982243728264876
0 0.2271305013875571 0.8171628555897905 0.004529022958874549 0.008491918047889726
0 0.2131188366085391 0.8125394779859394 0.005661278698593151 0.007925790178030355
0 0.1664132873451456 0.8338636277506402 0.0070765983732414385 0.010567720237373948
0 0.17320682178345737 0.8201822042290402 0.006227406568452451 0.00924675520770208
0 0.285583207434967 0.8365999327078242 0.015285452486201478 0.01226610384695192
0 0.2758174981954582 0.8253717097027509 0.004245959023944863 0.009812883077561594
0 0.2818326056512349 0.8288628481374078 0.00948264182014352 0.00924675520770208
0 0.30193014619271913 0.8332031452358046 0.008067322145495198 0.013020941006764274
0 0.24326514567854765 0.8164080184299783 0.00990723772253805 0.010001592367514576
0 0.30235474209511365 0.8219749424835949 0.007501194275635967 0.010567720237373806
0 0.32068313188180897 0.8344297556204998 0.011888685267045639 0.009812883077561452
0 0.3223107495076545 0.8248999364778681 0.01118102542972153 0.010379010947420823
0 0.3310857314904739 0.8236733260931728 0.005802810666057994 0.009435464497655345
0 0.35939212498343964 0.8332031452358046 0.009482641820143627 0.011888685267045531
0 0.26987315556193536 0.8325426627209689 0.010756429527326965 0.010945138817280195
0 0.37251213836742914 0.8320708894960859 0.014153196746482877 0.010001592367514576
0 0.334581571086855 0.832731372010922 0.007076598373241367 0.009812883077561452
0 0.5137610418973282 0.8233902621582431 0.009907237722537942 0.00962417378760847
0 0.46974460001576646 0.8253717097027508 0.0059443426335227655 0.009812883077561594
0 0.4768211983890079 0.8288628315668831 0.011605621332115987 0.01226610384695178
0 0.3493008957031973 0.8288628315668831 0.011605621332115987 0.009624173787608327
0 0.5501347575357891 0.8308442791113907 0.01330400494169389 0.013209650296717257
0 0.5601835272257919 0.8265039654424694 0.010473365592397315 0.010190301657467699
0 0.2918389169124768 0.8237676807381493 0.005378214763663501 0.009624173787608327
0 0.297004833724943 0.827824930472141 0.0043874909914096705 0.009058045917748956
0 0.2988447493019858 0.8079161003820886 0.008067322145495198 0.00962417378760847
0 0.32686807886002184 0.8058403129219598 0.007784258210565582 0.008869336627795973
0 0.33295395694544516 0.8107467526195711 0.00665200247084698 0.0062274065684525225
0 0.3289202923882619 0.811407222246221 0.005378214763663465 0.006793534438311753
0 0.3779611295681319 0.8056515999496676 0.008633450015354498 0.006982243728264876
0 0.3904159322517299 0.8074443271572056 0.00863345001535457 0.00905804591774924
0 0.36317102851475047 0.8178233381046266 0.00820885411296004 0.007170953018218001
0 0.370955286725316 0.821314459968759 0.006227406568452451 0.008491918047889726
0 0.3526976629223531 0.8215975239036887 0.009058045917749098 0.009058045917749098
0 0.4644371512358354 0.8287684769219067 0.013445536909158734 0.010945138817280053
0 0.041751930402124465 0.8099180754316438 0.004812086893804173 0.006604825148358628
0 0.042247292288251366 0.8199196677991584 0.01033183362493249 0.008114499467983477
0 0.03517069391500993 0.8168059645149321 0.0072181303407062546 0.006793534438311753
0 0.05307448779931076 0.823410789663291 0.006227406568452451 0.004906441538780797
0 0.07826717800805028 0.8246374000479858 0.00594434263352281 0.010379010947420823
0 0.08123934932481167 0.8219954699886424 0.007642726243100739 0.007359662308171124
0 0.07476387684634428 0.8120407445889214 0.004558772978435623 0.007901873162621911
0 0.07168670508590023 0.8152318856738264 0.004330834329513849 0.010029300552558454
0 0.09254309146224322 0.8258690226235095 0.007294036765496994 0.00699011856693474
0 0.09744377241406156 0.8243494494220284 0.007066098116575219 0.00455877297843557
0 0.12812889014590942 0.808759613104478 0.004359184597916723 0.009548690071627135
0 0.10750060588791065 0.8077217120097359 0.005137610418973271 0.0062274065684525225
0 0.08649476013479913 0.8105780158224664 0.0047659899320008844 0.006630942514088218
0 0.08462980755271182 0.8147223548937714 0.008081461189044976 0.007183521056928868
0 0.9828574895634853 0.8491290597390504 0.020721695356525346 0.024112518233048094
0 0.958462419762601 0.8498825759338331 0.014881944846959101 0.021098453453916904
0 0.9514923949608608 0.8409659676289042 0.01450518674956811 0.025368378557685815
0 0.9631718959799934 0.8437288603431073 0.012244638165219755 0.019340248999424006
0 0.9572379559460792 0.8333052196486128 0.007911920045218892 0.015070323895654951
0 0.9665626817542453 0.8361936910434905 0.009607331483479982 0.02788009920696169
0 0.9782422198756484 0.8370728006225265 0.0062165086069578025 0.015070323895654951
0 0.9819156113252143 0.8206210303697697 0.006028129558261952 0.014316807700872403
0 0.9875669827860848 0.8335563917135402 0.007911920045218608 0.0231078299733376
0 0.9585566092869491 0.8240118532462921 0.00414433907130487 0.020093765194206695
0 0.9398128939417282 0.8292864666097713 0.011491121970436922 0.02210314171362725
0 0.9379291034547712 0.8408403815964403 0.01412842865217641 0.022605485843482428
0 0.9307706996043352 0.8496314038689056 0.007346782899131768 0.022605485843482428
0 0.9228587795591163 0.8158487611361457 0.009607331483479982 0.01783321660985834
0 0.9512098263878173 0.7918650512219827 0.008665436240001725 0.011302742921741214
0 0.9975510847343798 0.7951303125720063 0.004144339071305012 0.009293366402320515
0 0.9159829442817238 0.8305455492208305 0.012056259116524047 0.013312119441161912
0 0.8968624708391115 0.8167310856498133 0.00621650860695766 0.011302742921741214
0 0.8818863364678045 0.8502625563176457 0.016577356285220616 0.02260548584348257
0 0.8893273088912841 0.8413459480127164 0.009230573386088707 0.022354313778554912
0 0.9212575576452031 0.8334340279674975 0.009042194337392999 0.0160750121553653
0 0.9263437919599863 0.8387086413309768 0.006781645753044785 0.017582044544930824
0 0.9683523198191247 0.8166054996173494 0.004144339071305012 0.012558603246379078
0 0.9115560366373751 0.8173590158121322 0.003955960022609304 0.014065635635944602
0 0.8750105011904117 0.8065586170202462 0.005839750509566244 0.01356329150608957
0 0.8975217975095464 0.8112053002214066 0.004897855266087987 0.008791022272465483
0 0.8806618726512824 0.8383318832335854 0.015258702944350801 0.011302742921741072
0 0.9016661365808514 0.8355689905193819 0.007535161947827476 0.021851969648699735
0 0.9135340166486797 0.8439832546944561 0.015823840090437784 0.029135959531599694
0 0.8434570105338842 0.8091959237019859 0.0026373066817396307 0.011302742921741356
0 0.8462826962643194 0.8105773700590876 0.004521097168696286 0.014567979765799776
0 0.8507096039086681 0.8099494398967687 0.0032024438278268974 0.010800398791886181
0 0.853817858212147 0.8088191656045944 0.003014064779130905 0.010046882597103348
0 0.8547597534556253 0.8207498386886546 0.0052746133634792615 0.018335560739713513
0 0.8572086810886694 0.8167310856498133 0.003014064779130905 0.011302742921741214
0 0.8593750401486697 0.8230103872730029 0.006593266704348935 0.016326184220292816
0 0.8673811497182364 0.8253965218898149 0.012056259116523905 0.01858673280464117
0 0.8817921469434566 0.8335596139999614 0.01073760577565423 0.014819151830727436
0 0.8715254887895415 0.8172334297796684 0.004144339071305296 0.012809775311306594
0 0.8785897031156299 0.8162287415199582 0.005086234314783553 0.01230743118145142
0 0.964019601699124 0.8133402627732909 0.004897855266087987 0.010046882597103348
0 0.8492025715191025 0.8223824571106843 0.006970024801740351 0.01054922672695838
0 0.8462826962643194 0.8242662475976411 0.007535161947827333 0.014316807700872118
0 0.835074142866926 0.8296664469935842 0.007346782899131909 0.022605485843482428
0 0.8408197038521444 0.831550237480541 0.003767580973913738 0.026373066817396307
0 0.8452466114964932 0.8339363720973532 0.006970024801740351 0.02612189475246865
0 0.8535352896391033 0.8420994642074995 0.01073760577565423 0.02386134616812029
0 0.8632368106469311 0.8473740775709787 0.013563291506089285 0.02335900203826526
0 0.8695475103241648 0.8403412450494275 0.011867880067828053 0.025870722687541134
0 0.8261261380538811 0.8241406615651773 0.008288678142610308 0.01707970041507565
0 0.8200980084956191 0.8192428062990895 0.007158403850435917 0.011805087051596387
0 0.8178374599112709 0.8292554381600661 0.009247698754152083 0.017582044544930682
0 0.7995989429239156 0.8121300700968219 0.005651371460870536 0.007535161947827476
0 0.7989139282013861 0.8157834819503139 0.00839143035098985 0.007991838429514075
0 0.7480515850535505 0.8161259893115789 0.00496635673834092 0.01187358852384932
0 0.7531035686322076 0.815212636348206 0.006850147225297718 0.008220176670357232
0 0.7580699323974937 0.8122442392172435 0.004452595696443495 0.01233026500553592
0 0.7662901020409055 0.8080199817616431 0.004795103057708303 0.010731897319632963
0 0.8311096201602851 0.8374756148304234 0.015241577576287427 0.01575533861818471
0 0.8258863829009957 0.8462666371028889 0.01815289014703893 0.02374717704769864
0 0.8073909853926918 0.820692754128444 0.007535161947827618 0.015527000377341551
0 0.808932268518384 0.8356489089036774 0.013357787089330487 0.02625889769697466
0 0.8007977186883428 0.8341647103381962 0.009418952434784274 0.02374717704769864
0 0.7790485012480226 0.8322238486579185 0.009761459796049081 0.021692132880109512
0 0.7704001903760843 0.8322238352910286 0.015412831256919758 0.021235456398422912
0 0.7912931394132423 0.829027099919223 0.007535161947827333 0.018495397508303882
0 0.7933481835808317 0.8423848870085535 0.014385309173125194 0.026943912419504414
0 0.7472809434907045 0.8323380044114501 0.012672772366800587 0.02055044167589301
0 0.7494216144986099 0.8464949753437321 0.019009158550201164 0.02192047112095267
0 0.7701433098551356 0.8443257620557211 0.015926592298817183 0.026258897696974516
0 0.7597824621768728 0.8378181221916883 0.011302742921741072 0.025573882974444757
0 0.7624368942266756 0.8260587027882607 0.0056513714608708195 0.014841985654811651
0 0.717739683581608 0.8027682022222484 0.010103967157314032 0.008448514911200675
0 0.7079782237855587 0.814870128986941 0.008048922989724901 0.01164525028300602
0 0.6990730323926716 0.8000281433321293 0.008048922989724759 0.009361867874573448
0 0.7091769995499858 0.8047090772694162 0.007706415628459809 0.008676853152043832
0 0.7254460992100679 0.8192085555629629 0.009418952434784274 0.00890519139288699
0 0.7329812611578953 0.8228619674164551 0.008048922989724901 0.011188573801319563
0 0.7287855459824004 0.8326805117727151 0.009932713476681699 0.020322103435049855
0 0.7217641450764706 0.8414715340451804 0.014727816534390143 0.026943912419504414
0 0.7097763874321993 0.823775320379828 0.005480117780237919 0.010275220837946505
0 0.6989017787120393 0.8342788794586178 0.011131489241108738 0.018952073989990197
0 0.708834492188721 0.8375897839508449 0.015241577576287284 0.028770618346250387
0 0.7014705839215258 0.8454674532599372 0.011816503963638638 0.026258897696974516
0 0.6673911014756697 0.7996856359708644 0.004623849377075828 0.008220176670357092
0 0.673641860818754 0.8084766582433298 0.00342507361264893 0.010731897319633105
0 0.6774094417926677 0.8156693128298923 0.00582262514150301 0.008676853152043832
0 0.6552320901507663 0.800713158054659 0.008733937712254659 0.007078485466141018
0 0.6704736677270537 0.818866048201698 0.012159011324903587 0.011416912042162863
0 0.663966027863021 0.8203502467671793 0.009761459796049223 0.00936186787457359
0 0.6616541116068171 0.823775320379828 0.010617728199211598 0.010275220837946505
0 0.6588284174440477 0.8265153792699471 0.01044647451857898 0.010275220837946648
0 0.6572015074780394 0.8308538058459689 0.014042801811860385 0.011188573801319563
0 0.6692748919626266 0.8381606295529532 0.013871548131227911 0.023518838806855343
0 0.6745837560622323 0.8292554381600661 0.008391430350989566 0.012101926764692763
0 0.6778375759942489 0.8266295483903687 0.01044647451857898 0.010960235560476548
0 0.6858864989839737 0.8475224974275267 0.01763912910514165 0.0253455447336016
0 0.6386547338655457 0.8372472765895802 0.011645250283006163 0.027172250660347574
0 0.6234131562892584 0.8428415634902402 0.017467875424509102 0.0246605300110717
0 0.6267526030615911 0.8362197545057856 0.017296621743876698 0.017810382785774122
0 0.6303489303548723 0.8291412690396446 0.011816503963638567 0.01141691204216272
0 0.6403672706718702 0.806649952316584 0.009590206115416819 0.009818544356260048
0 0.6891745696521164 0.8015123418976106 0.008220176670357375 0.010960235560476405
0 0.6429360758813567 0.8194368938038061 0.011645250283006163 0.010275220837946505
0 0.6171623969461741 0.8004848198138157 0.00804892298972483 0.006165132502768103
0 0.6091134739564494 0.81270091569893 0.00496635673834092 0.008220176670357232
0 0.6134804428125766 0.8140709451439896 0.00582262514150301 0.008220176670357375
0 0.6301776766742399 0.818866048201698 0.007363908267195071 0.007306823706984176
0 0.6233275294489422 0.8194368938038061 0.00770641562845995 0.007535161947827333
0 0.5895049275240347 0.7997998050912861 0.005137610418973324 0.007078485466141018
0 0.5862511075920183 0.8291412690396445 0.00582262514150301 0.013700294450595294
0 0.5523428788267946 0.7971739153215885 0.00616513250276796 0.007763500188670776
0 0.5680982174449793 0.7964889005990589 0.00616513250276796 0.00867685315204369
0 0.5958413137074351 0.8236611512594064 0.009590206115416819 0.01187358852384932
0 0.5790841410575509 0.8197108996928185 0.006970024801740351 0.011553914986668872
0 0.5998058364140765 0.8192085555629635 0.010360847678262744 0.011051570856813697
0 0.5326487055540642 0.827246061640646 0.01167950101913263 0.010046882597103348
0 0.44175204697742104 0.8221183839351494 0.005014650276279156 0.010637136949682997
0 0.4488181450939962 0.8292604616013652 0.010029300552558382 0.010333218751120796
0 0.44505715738678686 0.802363701028595 0.00797785271226239 0.007597954964059426
0 0.46978850079480017 0.8041872102199693 0.008661668659027698 0.0075979549640592834
0 0.4880235927085427 0.8019078237307514 0.008205791361184111 0.006686200368372255
0 0.4648878161018362 0.8164958942965238 0.004786711627357292 0.010333218751120796
0 0.49338015095820453 0.8201429156444939 0.004330834329513849 0.012156727942494854
0 0.497938935160077 0.8295643946260364 0.0056984662230445335 0.012156727942494996
0 0.484490543650255 0.8116332060847475 0.007066098116575148 0.00911754595687114
0 0.40049515152257853 0.8026676192271575 0.006382282169809841 0.006990118566934597
0 0.45474454996596253 0.8114812469854662 0.010029300552558382 0.008205791361183969
0 0.4071053723413102 0.8230301385308364 0.009117545956871283 0.013676318935306995
0 0.41143620667082414 0.8209027111408997 0.009117545956871212 0.01246064614105748
0 0.4180464274895557 0.8301722161970523 0.00820579136118404 0.010333218751120653
0 0.41918612073416467 0.827436952409991 0.006382282169809841 0.007901873162621626
0 0.4270500041219661 0.8301722161970524 0.011168993797167346 0.00972538235399611
0 0.43138083845148 0.8271330342114286 0.01344838028638513 0.010333218751120796
0 0.1526033298825902 0.8159220997028598 0.006674499517727579 0.005663211712011246
0 0.14653560304829238 0.8116746909188515 0.006674499517727579 0.00687675707887081
0 0.15472703427459444 0.8072250245736997 0.007888044884587159 0.00687675707887081
0 0.14471528499800304 0.82522594751545 0.004854181467438235 0.009708362934876504
0 0.27550435871744233 0.8047788437910688 0.008477057191305875 0.007032817817972301
