0 0.03589540970550809 0.45845438691492113 0.048746852686492474 0.06049041265187469
0 0.15421731577181255 0.43153282963579004 0.04077009497415736 0.050519465511455836
0 0.3164113892559603 0.4095967459268684 0.037224869324230594 0.04254270779912069
0 0.39307689393562567 0.39796397426304636 0.029248111611895524 0.0418779779897595
0 0.4577772620467885 0.3833399184570986 0.025702885961968746 0.03523067989614688
0 0.48082122877131217 0.38400464826645986 0.02038504748707865 0.02725392218381174
0 0.5238070897766737 0.3803486343149729 0.04077009497415744 0.037224869324230525
0 0.6345953913368839 0.37004532226987336 0.028361805199413795 0.03656013951486933
0 0.6709339542486328 0.3580801857013707 0.019498741074597065 0.03124230103997924
0 0.38646503954069544 0.3435526321260298 0.011881783673369171 0.006524372284930422
0 0.4094859954078482 0.3429956735163407 0.009547861880385967 0.0044556688775134745
0 0.4176547216832895 0.34021088046789477 0.006365241253590597 0.004933061971532737
0 0.42104951701853777 0.34060870804624427 0.00721394008740269 0.006683503316270176
0 0.33129961534290997 0.34920178373859156 0.006789590670496679 0.007320027441629193
0 0.3454092334550359 0.345462204502107 0.007426114795855767 0.004614799908853229
0 0.3201604431491264 0.3513500526616784 0.006153066545137555 0.004614799908853229
0 0.8033578816439337 0.3463661937610148 0.028312172040314748 0.043353013436732084
0 0.8965521146099701 0.33132535236459754 0.02123412903023592 0.03450545967413376
