0 0.011461603737911547 0.572100127117969 0.022923207475823094 0.0627371994075159
0 0.034384811213734635 0.5938168499898013 0.03378156891173929 0.053085322575590295
0 0.11491765853011313 0.549981242711473 0.05248208027359496 0.041020476535683345
0 0.16106569463275697 0.7032047874182904 0.13391979104296645 0.13995221406291983
0 0.4111096288098272 0.7028026258836261 0.08023122616538055 0.12145278346839472
0 0.49797652029715694 0.635641649594812 0.04886262646162294 0.09491012218060078
0 0.4557495591574828 0.5684806733059969 0.048862626461622864 0.07158475317011423
0 0.44519281887256423 0.5290688429089677 0.05549829178357171 0.03136859970375802
0 0.3927107385989693 0.540731527414211 0.041020476535683414 0.038607507327702136
0 0.37732805989808793 0.5495790811768094 0.0380042650257068 0.046650738020973324
0 0.35470647357326257 0.5363077505329119 0.01809726905986025 0.060324230199534486
0 0.3085584374706187 0.559230958008735 0.05006911106561358 0.02895563049577646
0 0.2805076704278352 0.5584266349394078 0.04946586876361831 0.07560636851674986
0 0.19997482311145667 0.5487747581074822 0.0343848112137346 0.04182479960501055
0 0.1716224349176755 0.55641582726609 0.025939418985799777 0.05710693792222599
0 0.2485358284220819 0.5741109347912868 0.03860750732770203 0.028151307426449463
0 0.6086714827133026 0.684303195289103 0.12909385262700376 0.10054038366589069
0 0.7869295829529268 0.6863140029624211 0.11883873349308288 0.12547439881503167
0 0.6068617558073166 0.5101672507797803 0.05429180717958104 0.04182479960501055
0 0.5739850503485704 0.4928743047892472 0.017494026757865058 0.042629122674337695
0 0.6068617558073166 0.4940807893932378 0.04705289955563693 0.03539021505039358
0 0.7404799256992853 0.52705803523565 0.04283020344166943 0.07399772237809557
0 0.760085300514134 0.5153953507304067 0.026542661287795255 0.049063707228954596
0 0.7353523661323248 0.4844289125613123 0.03136859970375795 0.045042091882319044
0 0.7878344464059183 0.4985045662745374 0.04102047653568656 0.05549829178357071
0 0.8918937435001169 0.5246450660276686 0.027145903589790663 0.04825938415962746
0 0.9190396470899074 0.4767878434027047 0.048862626461622795 0.04423776881299183
0 0.8345857248105591 0.4747770357293868 0.046449657253641446 0.053085322575590226
0 0.9598843869173095 0.5451553042955104 0.052482080273595105 0.058715584060880205
