0 0.018364201320132823 0.5585534052730783 0.036728402640265646 0.03752338971040135
0 0.1139144199952513 0.5465852362899456 0.030354051768814533 0.029660244871241515
0 0.16933224593888674 0.5864070001099363 0.03859300867749299 0.02370506900040687
0 0.25323951761411007 0.5439113276335954 0.030354051768814724 0.035846689707932956
0 0.3809433496986233 0.5294570172674938 0.026451387969966645 0.02890862073220451
0 0.38181060832058916 0.5849615690733265 0.046398336275187975 0.02543958624433998
0 0.4373151601264215 0.5783125863049196 0.06807980182434122 0.022548724171119403
0 0.465067436029338 0.6124247587689206 0.06547802595844243 0.06070810353762905
0 0.4507576687668968 0.543333155218952 0.028185905213899777 0.03584668970793308
0 0.4746072808709652 0.5277225000235617 0.03599123281159444 0.0358466897079331
0 0.5667535094548668 0.5895869483904792 0.05984084491566284 0.03237765522006891
0 0.7119568087744444 0.5514751548725197 0.043981936125254605 0.026932148540896424
0 0.8260270082156599 0.6072942046709912 0.05473307606698342 0.03431676991501341
0 0.8906967439257563 0.5375746911094765 0.04919461003639597 0.03822627534836954
0 0.9027510523452704 0.6090317626413716 0.06287787905314175 0.022153864122350413
0 0.9255565007065135 0.6266245370914735 0.06613580024760508 0.01911313767418477
0 0.9714931895484454 0.5738462137411674 0.02573757743626003 0.01954752716677889
