0 0.049234863606121095 0.6726546906187625 0.09846972721224219 0.10379241516966083
0 0.1989354624085163 0.7095808383233533 0.1077844311377246 0.10578842315369258
0 0.19361277445109779 0.6107784431137724 0.12109115103127077 0.11177644710578832
0 0.17831004657351962 0.5918163672654689 0.11976047904191615 0.09381237524950102
0 0.028609447771124417 0.48003992015968067 0.057218895542248835 0.16566866267465066
0 0.07984031936127745 0.38023952095808383 0.053226879574184954 0.08982035928143717
0 0.1217564870259481 0.40219560878243515 0.05455755156353959 0.1097804391217565
0 0.22288755821689954 0.3443113772455089 0.027944111776447116 0.017964071856287445
0 0.2042581503659348 0.40618762475049897 0.0572188955422488 0.10578842315369258
0 0.219560878243513 0.41516966067864275 0.09580838323353297 0.1477045908183632
0 0.23220226214238193 0.4730538922155688 0.12109115103127081 0.14371257485029937
0 0.28675981370592146 0.37125748502994016 0.03326679973386565 0.07185628742514971
0 0.30805056553559546 0.42015968063872255 0.06254158349966729 0.1097804391217565
0 0.38190286094477716 0.3942115768463074 0.05588822355289423 0.07784431137724546
0 0.4231536926147704 0.38323353293413176 0.037258815701929536 0.08383233532934127
