0 0.820473315669041 0.5839412913602942 0.033139277439491424 0.04963027854370915
0 0.11400812186446845 0.6352969898897058 0.021209552241306676 0.04901873021343954
0 0.970448781929764 0.5609395943435967 0.013103709501378675 0.029420979817708335
0 0.05662281933952781 0.6447533900441687 0.016047107472139246 0.046687466490502455
0 0.4077941595339308 0.6009529263365503 0.03488207050398284 0.04299807081035539
0 0.21316443798588772 0.6237437129799837 0.034313052308325674 0.040573858123978755
0 0.37130132936963856 0.6181868808721405 0.03162955489813113 0.04290165122038399
0 0.1480667413449755 0.6280910915798611 0.025649515787760414 0.05199804368361928
0 0.28600221521714153 0.6211414411956189 0.027466179342830882 0.050318858826082516
0 0.17293000314749926 0.6329525218290442 0.031688480751187194 0.044732227200776145
0 0.7348119639090149 0.5910625941863816 0.029277547200520834 0.043332128587111926
0 0.2762981040804994 0.6787097207861009 0.036679735370710786 0.059382060929840684
0 0.5289236540867529 0.5860402065693373 0.02234383377374387 0.03737070918862337
0 0.3823544670553769 0.6702644697201798 0.03887370988434436 0.07046217575571895
0 0.5723200180951287 0.5871891395718444 0.02713024662990196 0.04144993202359069
0 0.4563055898628983 0.5960962233200572 0.029606179630055143 0.04062021292892157
0 0.6240013870538449 0.6217496984145221 0.03129721248851103 0.03882561976613562
0 0.49780843398150276 0.6105093363842933 0.03569189333448223 0.04444691776450163
0 0.42740288528741566 0.6772906932955475 0.05688694972617953 0.06932763991013072
0 0.25558459727253696 0.656185314702051 0.02600648138936195 0.06721873563878669
0 0.6697769165039062 0.6500915327882456 0.03742023542815564 0.034140952116523696
0 0.30752512613932287 0.6054571214065053 0.026917820350796567 0.04160535226460376
0 0.3376538744159774 0.6165001364315258 0.034573783126531865 0.05238256516799429
0 0.32709012686083694 0.5986010817203684 0.031997947192908036 0.03270901268608362
0 0.3059359284388589 0.6377096838450337 0.02453175951456277 0.022754095781623532
0 0.4668144962698685 0.5812984880530924 0.03057581620655647 0.03981966761784108
0 0.4662811971499866 0.589831273971201 0.028087086980441427 0.03792349296937239
0 0.48725762919867066 0.6391318148313851 0.038753069378077425 0.05593715212982424
0 0.5460982987589627 0.5903053176333183 0.025598357754326458 0.03318305634820092
0 0.5281438950562753 0.6611748451198329 0.0259538905009142 0.042189885928426915
0 0.5539200191838957 0.6398428803245609 0.026309423247502087 0.04313797325266108
0 0.5592530103827137 0.6640191070925359 0.042663929590544 0.04124179860419247
0 0.5718744228865829 0.6208811338398746 0.02239856303503551 0.017539615498334767
0 0.5777407132052828 0.6462424697631426 0.03057581620655661 0.030338794375497854
0 0.5914287239489155 0.6130594134149416 0.029509217966792824 0.024650270430092006
0 0.6077832302919571 0.6516939718774891 0.0188432355691564 0.06115163241311306
0 0.6561356838279073 0.6253845486299877 0.030931348953144353 0.0360273183209037
0 0.6700014609448339 0.6130594134149416 0.02239856303503572 0.03413114367243509
0 0.6451141686836834 0.5794023134046238 0.03164241444632012 0.04171584226630962
0 0.6774676486231792 0.5810614662220337 0.030931348953144353 0.046930322549598384
0 0.6913334257401061 0.6118743042596487 0.018132170075981124 0.033657100010318006
0 0.6987996134184512 0.6019193873551885 0.03164241444632012 0.028916663389146464
0 0.7354194863170014 0.6002602345377784 0.019554301062332656 0.030338794375497854
0 0.989334017602364 0.5612938451500817 0.02133196479527214 0.027304914214614867
