0 0.12957255760019432 0.5565874201719779 0.020200621452146114 0.06310289367908496
0 0.09436576021216826 0.5600503838494887 0.05598457945309065 0.07310701096967165
0 0.19479170685998035 0.5250359733324352 0.03174383371051533 0.04001646916234656
0 0.21643522984442265 0.531577126945511 0.03693827922678168 0.06541153613075842
0 0.2539506696841225 0.5569721939139233 0.03347531554927081 0.05925515625962865
0 0.33533031610562536 0.5250359733324355 0.07041359477605208 0.058485608775737316
0 0.5286791214333081 0.5415812442360959 0.05079013393682552 0.06233334619519317
0 0.5786035144507562 0.5100297973965546 0.0663734704856233 0.07156791600188898
0 0.7119276160349207 0.5088754761707185 0.03289815493635217 0.0415555641301291
0 0.782699029236198 0.5350400906230219 0.07099075538896887 0.04617284903347683
