0 0.018836038414660253 0.568931885262161 0.03767207682932051 0.09618402594720131
0 0.1418714382721219 0.5486263686733072 0.048092012973600655 0.1474821731190419
0 0.06933265203694092 0.6170238982357614 0.1274438343800417 0.12824536792960167
0 0.2552884355348634 0.6362607034252018 0.12744383438004167 0.1346576363260818
0 0.3202126530492243 0.6191613210345882 0.026450607135480374 0.09618402594720131
0 0.3703084998967249 0.604733717142508 0.07534415365864099 0.11435211973722822
0 0.3879422379870452 0.6437416832210953 0.1074054956410415 0.10900856274016149
0 0.3935529728339653 0.549160724373014 0.11221469693840148 0.09084046895013465
0 0.4620840913213462 0.5374048989794672 0.05049661362228072 0.13572634772549527
0 0.47571016166386637 0.6255735894310682 0.08095488850556108 0.14106990472256192
0 0.49735156750198667 0.5288552077841604 0.023244472937240274 0.06946624096186774
0 0.5358251778808671 0.5758785093583476 0.07614568720820103 0.11862696533488162
0 0.599547095070888 0.6309171464281351 0.09618402594720138 0.12183309953312155
0 0.594737893773528 0.6068711399413347 0.10099322724456136 0.11221469693840155
0 0.6163792996116483 0.5614509054662673 0.06893188526216107 0.05129814717184068
0 0.6833942479237956 0.6421386161219752 0.0913748246498411 0.10793985134074809
0 0.6866003821220358 0.576947220757761 0.052901214270960534 0.07374108655952093
0 0.9426903512064593 0.6378637705243217 0.11141316338884139 0.12931407932901515
0 0.793204344213517 0.5732067308598142 0.12503923373136175 0.07480979795893447
0 0.8445024913853578 0.5967183816469079 0.12664230083048153 0.13252021352725513
0 0.8998083063049985 0.5555729927694941 0.05450428137008061 0.1100772741395749
