0 0.10993806658036426 0.7632367991722385 0.07784434528050638 0.054286188156142716
0 0.25196985446058495 0.7611882637701183 0.0805757258166639 0.08091714838368161
0 0.5735899125932048 0.6659313675716055 0.06009037179547858 0.05428618815614256
0 0.04133932764705223 0.5041570955079809 0.01568774485067623 0.0311634931493165
0 0.05914703801809013 0.5136969403496083 0.01483975864253158 0.027347555212665426
0 0.0720788276922962 0.5019311317116011 0.022047641411761187 0.02798354486877386
0 0.12295800018097591 0.5086090231007404 0.022047641411761205 0.017171720714929464
0 0.13991772434386912 0.49906917825911296 0.0178077103710379 0.031163493149316324
0 0.16387333472395582 0.5149689196618253 0.028407537972846147 0.018443700027146476
0 0.15814942781897934 0.49429925583829915 0.0178077103710379 0.022895627619905882
0 0.2325602175836734 0.5327766300328632 0.03179948280542479 0.027347555212665426
0 0.239768100352903 0.508291028272686 0.025015593140267463 0.025439586244339837
0 0.2758075141990511 0.46027380923649475 0.018231703475110158 0.014627762090495499
0 0.29976312457913784 0.5130609506934999 0.026287572452484486 0.031163493149316462
0 0.3305026246243817 0.5095630075849032 0.02671156555655688 0.0330714621176419
0 0.37438591089586803 0.5130609506934999 0.04494326903166708 0.036251410398184435
0 0.42081315579178813 0.5168768886301505 0.03010351038913529 0.029891513837099294
