0 0.006067726834297821 0.7025989719064702 0.007281272201157385 0.022248331725758703
0 0.005612647321725483 0.713318622647063 0.00879820390973184 0.025888967826337535
0 0.014410851231457324 0.7025989719064702 0.012438840010310532 0.025484452704050822
0 0.01213545366859564 0.728892454855094 0.010921908301736078 0.028720573682343088
0 0.020175191724040253 0.717161516308785 0.010618521960021181 0.021439301481185568
0 0.030945406854918884 0.721004409970507 0.00970836293487651 0.02265284684804527
0 0.03261403173435078 0.7050260626401894 0.009404976593161623 0.01739415025832031
0 0.03306911124692312 0.6997673660504645 0.015776089769174332 0.01901221074746644
0 0.058250177609259074 0.6981493055613186 0.015169317085744538 0.025484452704050965
0 0.07190256298642916 0.695519957266456 0.007888044884587159 0.020225756114326005
0 0.07053732444871215 0.7092734714241979 0.00819143122630206 0.018607695625179874
0 0.07038563127785473 0.7201953994594849 0.011528680985165858 0.02103478635889914
0 0.09222944788132686 0.6928906089715937 0.01274222635202543 0.021439301481185568
0 0.10679199228364161 0.692283836288164 0.009708362934876522 0.022652846848044986
0 0.11513511668080113 0.6890477153098717 0.0069778858594425055 0.012135453668595631
0 0.11559019619337349 0.6949131845830263 0.010921908301736068 0.01739415025832031
0 0.123933320590533 0.6845980489647201 0.00879820390973185 0.014562544402314756
0 0.11907913912309473 0.697744790439032 0.009404976593161614 0.022248331725758703
0 0.12666379766596697 0.7009809114173241 0.00879820390973185 0.016585120013747314
0 0.12848411571625631 0.7092734714241979 0.012438840010310539 0.01941672586975301
0 0.12545025229910745 0.7181728041145012 0.011832067326880757 0.025079937581764397
0 0.1463839098774349 0.6845980489647201 0.012438840010310539 0.016989635136034024
0 0.15412026159116465 0.695519957266456 0.010921908301736085 0.020225756114326005
0 0.16352523818432624 0.6892499728710151 0.010315135618306286 0.020630271236612714
0 0.16883449916433682 0.6965312450721725 0.00819143122630205 0.022248331725758703
0 0.15806428403345824 0.7058350928847625 0.010315135618306303 0.0230573619703317
0 0.16291846550089645 0.7173637738699283 0.00970836293487647 0.031552179538348636
0 0.1694412718477666 0.7106892743522008 0.010011749276591396 0.022248331725758703
0 0.175357305511207 0.7193863494813609 0.013348999035455193 0.02831605856005652
0 0.18188011185807718 0.6870251396984393 0.01001174927659143 0.018607695625180155
0 0.1902208850110884 0.678071990316267 0.01031513561830625 0.016585120013747314
0 0.20038432745853726 0.6697794303093931 0.006977885859442523 0.018607695625180012
0 0.20894809646785306 0.6731626476957895 0.007722561425469969 0.008458043465990954
0 0.2112924454720136 0.6689336259627942 0.0035854749475396374 0.007354820405209494
0 0.21225776565019736 0.6770239355843611 0.012687065198986325 0.016916086931981766
0 0.20205295233796916 0.6821723026921711 0.007170949895079239 0.010296748567293434
0 0.19653683703406213 0.7029496703368879 0.009377396016642088 0.023903166316930822
0 0.20356988404654366 0.7062593359313137 0.007446755660274605 0.02463864835745184
0 0.2079827762896693 0.7207851098195209 0.010756424842618876 0.030154763661358858
0 0.21611904636293233 0.6981690370735018 0.011583842138204936 0.02684509447901462
0 0.22425531643619528 0.6841948783036037 0.007998367190665299 0.015077381830679287
0 0.22935772309230942 0.6919174397290737 0.009377396016642088 0.020225756114326005
0 0.24052785658272127 0.6795981155503478 0.010756424842618876 0.01618060489146089
0 0.1951578082080853 0.695227108911418 0.011032230607814206 0.018754792033284104
0 0.2485262237733866 0.6773916694287849 0.009653201781837453 0.016180604891460747
0 0.2478367093603982 0.6851142308542549 0.00606772683429778 0.019858015094065564
0 0.2592826486160055 0.6715078131046174 0.009101590251446759 0.014709640810418988
0 0.25486975637287973 0.6814368206516502 0.006895144129883874 0.014709640810418846
0 0.24990525259936333 0.6978012960532414 0.010756424842618876 0.021696720195368044
0 0.2606616774419822 0.7114077138028787 0.019582209328870236 0.033464432843703235
0 0.2807954983012432 0.7167399585966556 0.021788655450433084 0.027948317539795937
0 0.2761068002929221 0.674265870756571 0.010756424842618842 0.018019309992763084
0 0.28134710983163386 0.6805174681009989 0.007446755660274569 0.016548345911721326
0 0.2878285453137247 0.6766561873882639 0.007722561425469969 0.015445122850939868
0 0.2734866455235662 0.6841948783036037 0.005516115303907121 0.011399971628074752
0 0.2751414801147384 0.7018464472761065 0.006619338364688509 0.02537413039797258
0 0.283001944422806 0.6944916268708969 0.007446755660274604 0.022432202235889064
0 0.294999495208804 0.6860335834049062 0.012135453668595664 0.02243220223588878
0 0.2974817470955622 0.7066270805394927 0.009377396016642052 0.027580576519535497
0 0.30396318257765303 0.6948593678911575 0.006895144129883839 0.02463864835745184
0 0.3108583267075369 0.6966980729924598 0.009653201781837418 0.02243220223588892
0 0.31816717948521384 0.7001916126849344 0.017651568972502717 0.030154763661358858
0 0.31444380165507657 0.6744497412667013 0.011859647903400302 0.018387051013023525
0 0.31513331606806494 0.6661755683108405 0.006619338364688509 0.01728382795224249
0 0.3242349063195117 0.6748174822869618 0.010480619077423476 0.018387051013023806
0 0.32713086685406295 0.6845626193238641 0.007998367190665262 0.020225756114326005
0 0.33968002917045154 0.6659916978007103 0.007170949895079204 0.013974158769897969
0 0.3392663205226586 0.6869529359555574 0.007446755660274605 0.017651568972502644
0 0.34271389258760054 0.6887916410568596 0.011583842138204901 0.01765156897250293
0 0.33968002917045154 0.6998238716646739 0.018203180502893445 0.010296748567293292
0 0.3474025905959215 0.7018464472761065 0.017099957442112058 0.02463864835745184
0 0.34726468771332386 0.7136141599244417 0.017375763207307385 0.026845094479014762
0 0.3459941369625384 0.6699185972154075 0.010360847678262815 0.016853645556640942
0 0.34734104716071257 0.6645309429444302 0.0051804238391314076 0.008841256685450816
0 0.35127816927845246 0.6621824976156379 0.004351556024870362 0.009670124499711932
0 0.35594055073367076 0.6685371508583057 0.004144339071305083 0.014090752842437269
0 0.36163901695671524 0.667155704501204 0.006838159467653426 0.016853645556640658
0 0.35863437113001906 0.6754443826438142 0.0074598103283492635 0.019063959728003396
0 0.3521070370927134 0.6811083127079314 0.006423725560523011 0.023760877342149486
0 0.3618462339102805 0.6860815195934975 0.007667027281914472 0.024313455884990134
0 0.3681663509940208 0.6826279063963995 0.007459810328349192 0.02237943098504772
0 0.3710673883439344 0.6643928117870007 0.008703112049740796 0.01795880264232224
0 0.37956328344010987 0.6670175598654938 0.009946413771132256 0.019340248999423864
0 0.379252458009762 0.67199076675106 0.007667027281914472 0.019892827542264513
0 0.3962442482021129 0.6583144478157531 0.008910329003305932 0.013538174299596618
0 0.40132106356446173 0.6595577495371446 0.008703112049740796 0.014919620656698385
0 0.39375764475932984 0.6697804525796974 0.008081461189044958 0.018235091913742566
0 0.40484375177507104 0.6625969315227684 0.007045376421218777 0.016024777742379825
0 0.36951326119219496 0.6974093797217313 0.010153630724697535 0.024866034427830783
0 0.37231069006532586 0.7079083720357044 0.019478393635134098 0.02818150568487468
0 0.3928251684682863 0.7115001325641689 0.022379430985047577 0.028181505684874823
0 0.4005958042269833 0.6822134697936127 0.008495895096175446 0.02099798462794581
0 0.40815922303211516 0.6914691603861942 0.012433017213915463 0.015195909928118709
0 0.4156190333604643 0.6940939084646872 0.009946413771132328 0.02597119151351194
0 0.4159590163763266 0.6718526221153499 0.006009291653392381 0.022932009527888368
0 0.4207250063083275 0.6692278740368566 0.00476598993200092 0.014367042113857736
0 0.42113944021545796 0.6624587868870583 0.007667027281914472 0.01353817429959676
0 0.42694151491528515 0.6543082533801581 0.005594857746261894 0.016577356285220474
0 0.4331580235222428 0.6637020886084497 0.005594857746261894 0.011604149399654347
0 0.4385456643149395 0.660662906622826 0.006838159467653426 0.020445406085105162
0 0.427252340345633 0.6895351354862517 0.009946413771132256 0.023484588070728875
0 0.43440132524363434 0.6795887217151193 0.007252593374783984 0.02016911681368484
0 0.4377167965006784 0.6907784372076432 0.013054668074611087 0.0237608773421492
0 0.4357482354418085 0.701139284885906 0.018235091913742566 0.032878423299020625
0 0.4652766513248575 0.6893969908505414 0.019685610588699304 0.028734084227715614
0 0.4571951901358125 0.6681227169511752 0.008495895096175517 0.009393835228291608
0 0.4549158036465947 0.6609391958942464 0.006838159467653426 0.012156727942494996
0 0.45512302060015997 0.6580381585443328 0.00932476291043649 0.013538174299596618
0 0.46113231225355233 0.6545845426515785 0.006009291653392452 0.012156727942494854
0 0.46734882086051 0.6601103280799854 0.00642372556052294 0.018235091913742566
0 0.47408337185138083 0.6529268070230565 0.005387640792696615 0.014919620656698385
0 0.4778132770155555 0.6588670263585938 0.007874244235479751 0.018511381185162747
0 0.47833131939946855 0.6656361135083922 0.008495895096175517 0.017129934828061265
0 0.47843492787625125 0.6801413002579602 0.006216508606957589 0.022932009527888368
0 0.48237204999399114 0.6838712054221346 0.008703112049740724 0.023760877342149343
0 0.4870344314492093 0.6732340684724515 0.007252593374783912 0.018511381185162747
0 0.4874488653563398 0.660801051258536 0.006009291653392452 0.01464333138527806
0 0.4916968129044276 0.6588670263585936 0.006216508606957661 0.01464333138527806
0 0.49294011462581905 0.6504402035802734 0.005802074699827174 0.013814463571017087
0 0.49843136389529846 0.6548608319229988 0.006838159467653426 0.014367042113857736
0 0.49667001978999376 0.6776546968151769 0.009117545956871283 0.024037166613569666
0 0.5053731318397345 0.6946464870075281 0.010360847678262744 0.028181505684874823
0 0.509413862434257 0.6742010809224226 0.008081461189044958 0.02652377005635273
0 0.5124185082609531 0.6554134104658397 0.009946413771132256 0.017682513370901775
0 0.5229865728927813 0.6508546374874039 0.010360847678262744 0.015195909928118851
0 0.5223649220320854 0.6595577495371446 0.008288678142610166 0.017682513370901917
0 0.5293066899765215 0.6594196049014346 0.006009291653392452 0.016853645556640942
0 0.5294102984533041 0.6765495397294956 0.00911754595687114 0.027352637870613705
0 0.5224685305088681 0.7026588758787179 0.011396932446088996 0.03039181985623756
0 0.5335546375246092 0.6889825569434112 0.013676318935306853 0.029562952041976443
0 0.5427757919582632 0.6974093797217313 0.016784573238785825 0.02431345588498985
0 0.5396675376547843 0.662320642251348 0.008495895096175517 0.021550563170786744
0 0.5421541410975673 0.6501639143088531 0.0080814611890451 0.016577356285220474
0 0.5474381734134813 0.6498876250374327 0.007045376421218706 0.014367042113857736
0 0.5594567567202663 0.6487824679517514 0.014090752842437269 0.019340248999423864
0 0.5613217093023534 0.6516834999103526 0.006216508606957661 0.01795880264232224
0 0.5563485024167873 0.6847000732363956 0.008703112049740724 0.02541861297067129
0 0.5630830534076582 0.6806938788008007 0.010982498538958652 0.027352637870613705
0 0.5644299636058324 0.6657742581441023 0.00787424423547968 0.02127427389936628
0 0.5743763773769647 0.6703330311225381 0.010360847678262744 0.0237608773421492
0 0.572304207841312 0.6519597945730854 0.011604149399654273 0.02016911681368484
0 0.5733402926091383 0.6454669966947073 0.007459810328349192 0.012156727942494854
0 0.5804892775071395 0.6487824679517513 0.007252593374783984 0.014919620656698385
0 0.5889851726033152 0.6619062083442177 0.010153630724697677 0.011880438671074672
0 0.5942692049192292 0.6501639143088531 0.008703112049740724 0.017129934828061123
0 0.6011073643868826 0.6425659593447937 0.010360847678262815 0.01519590992811878
0 0.606287788226014 0.6449144181518668 0.011189715492523788 0.016577356285220474
0 0.6141620324614938 0.6421515254376632 0.007045376421218706 0.016024777742379825
0 0.6018326237243611 0.6798650109865397 0.007252593374783913 0.026247480784932407
0 0.5969630253155775 0.676135105822365 0.007459810328349192 0.02652377005635273
0 0.6019362322011437 0.6634257993370295 0.0058020746998271025 0.020445406085105162
0 0.605769745842101 0.6672938491369144 0.007252593374783913 0.023208298799308837
0 0.6116754290187107 0.692298028200455 0.010360847678262744 0.029010373499135652
0 0.626905875105757 0.6900877140290923 0.012640234167480599 0.023484588070728875
0 0.6227615360344518 0.6812464573436414 0.010982498538958581 0.027352637870613705
0 0.626077007291496 0.6646691010584209 0.007667027281914472 0.021826852442206786
0 0.6204821495452341 0.6496113357660124 0.005594857746261894 0.012709306485335787
0 0.6253517479540176 0.6456051413304174 0.008703112049740724 0.01574848847095943
0 0.6327079498055841 0.645190707423287 0.0051804238391314076 0.017682513370901917
0 0.6367486804001067 0.6425659593447937 0.005802074699827174 0.00856496741403049
0 0.6399605431803681 0.6490587572231717 0.005594857746261894 0.014919620656698527
0 0.6478347874158479 0.6429803932519242 0.006838159467653497 0.015472199199539105
0 0.6401677601339334 0.6561041336443904 0.005594857746261894 0.01464333138527806
0 0.6402713686107161 0.6648072456941311 0.006630942514088147 0.024313455884989992
0 0.6453481839730648 0.6746155148295533 0.012640234167480599 0.029010373499135936
0 0.6548801638370665 0.6432566825233446 0.0051804238391314076 0.018235091913742566
0 0.665344619992112 0.6438092610661852 0.00621650860695766 0.014367042113857593
0 0.6660698793295903 0.6530649516587667 0.015955705424524638 0.008564967414030632
0 0.6608894554904589 0.6610773405299565 0.008910329003306003 0.022379430985047577
0 0.669488959063417 0.6675701384083346 0.008288678142610308 0.026523770056352588
0 0.6798498067416798 0.6588670263585938 0.008288678142610308 0.02127427389936628
0 0.6778812456828099 0.6775165521794668 0.01429796979600269 0.02707634859919338
0 0.6829580610451587 0.6817990358864822 0.013676318935306853 0.027905216413454354
0 0.6941477765376826 0.6873248213148889 0.012433017213915463 0.026247480784932265
0 0.7226401076529051 0.6871866766791789 0.01429796979600269 0.03370729111328174
0 0.6842013627665502 0.6360731614664157 0.009531979864001698 0.017682513370901844
0 0.6907286968038556 0.6382834756377784 0.006838159467653355 0.012709306485335645
0 0.6872060085932463 0.6444999842447362 0.0051804238391314076 0.01574848847095936
0 0.6948730358751609 0.6496113357660124 0.009324762910436704 0.015472199199539034
0 0.695701903689422 0.6595577495371446 0.008495895096175446 0.017129934828061123
0 0.699017374946466 0.6384216202734886 0.008495895096175446 0.015195909928118709
0 0.7032653224945536 0.6653598242369719 0.010360847678262815 0.025418612970671432
0 0.7108287412996855 0.6699185972154075 0.009739196817566836 0.02735263787061399
0 0.7089637887175982 0.6505783482159836 0.00642372556052294 0.009117545956871283
0 0.7121756514978597 0.6316525331236902 0.008703112049740582 0.018235091913742493
0 0.7148694718942081 0.6396649192992239 0.007459810328349335 0.017129934828061265
0 0.7224328906993399 0.6341391365664732 0.007252593374783772 0.012709306485335716
0 0.7227437161296877 0.6393886327234598 0.00953197986400184 0.017129934828061123
0 0.7189102024887305 0.6581763031800429 0.009739196817566978 0.02210314171362725
0 0.7393210724149083 0.6746155148295533 0.013676318935306853 0.027905216413454354
0 0.7363164265882121 0.6534793855658972 0.01098249853895851 0.019340248999423864
0 0.7334153892382984 0.6425659593447938 0.007667027281914329 0.01906395972800347
0 0.735487558773951 0.6304092314022988 0.008081461189045172 0.014090752842437482
0 0.7380777706935165 0.6328958348450817 0.0058020746998271025 0.011880438671074672
0 0.7412896334737781 0.6344154258378937 0.008495895096175304 0.018787670456583284
0 0.7511324387681279 0.6316525331236903 0.009946413771132114 0.014919620656698527
0 0.7574525558518681 0.6380071863663581 0.011811366353219626 0.015472199199538962
0 0.7565200795608246 0.6474010215946496 0.00621650860695766 0.020445406085105235
0 0.7638762814123912 0.643532971794765 0.00642372556052294 0.018235091913742424
0 0.7651195831337826 0.628198917230936 0.007667027281914329 0.014643331385278131
0 0.771439700217523 0.6320669670308208 0.009946413771132399 0.01353817429959669
0 0.7758948647191758 0.634691715109314 0.006838159467653355 0.019340248999423933
0 0.7795211614065678 0.6406319344448513 0.009531979864001698 0.02127427389936635
0 0.7830438496171772 0.6371783185520971 0.00953197986400184 0.013814463571017016
0 0.7862557123974387 0.6254360245167326 0.008081461189044887 0.01464333138527806
0 0.7902964429919612 0.6272319047809648 0.009117545956871425 0.016577356285220547
0 0.789778400608048 0.6491969018588819 0.00973919681756712 0.025142323699250967
0 0.7510288302913452 0.6690897294011464 0.013054668074611015 0.026247480784932265
0 0.7555876032697807 0.6798650109865397 0.020100044495829934 0.03177326621333918
0 0.7743407375674365 0.6711618989367989 0.01284745112104588 0.02707634859919338
0 0.799517597425615 0.6424278147090834 0.01139693244608921 0.016577356285220474
0 0.8009681161005718 0.6335865580236326 0.010568064631828094 0.017682513370901844
0 0.8079098840450079 0.6364875953735463 0.009946413771132114 0.016853645556640727
0 0.8144372180823134 0.6322051116665309 0.00932476291043642 0.017129934828061123
0 0.8223114623177932 0.6290277850451971 0.007252593374784055 0.016853645556640942
0 0.828735187878316 0.625021590609602 0.006838159467653497 0.017682513370901917
0 0.8034547195433548 0.6860815195934975 0.01098249853895851 0.03370729111328174
0 0.8114325722556173 0.6689515847654363 0.01243301721391532 0.02707634859919338
0 0.8188923825839666 0.6737866470152922 0.011189715492523788 0.02569490224209176
0 0.8232439386088369 0.6610773405299565 0.007459810328349192 0.021826852442206928
0 0.818477948676836 0.6509927821231141 0.009946413771132256 0.018787670456583215
0 0.8411682050922314 0.6240545781596308 0.008910329003306145 0.01464333138527806
0 0.8330867439031864 0.6363494507378361 0.009324762910436277 0.013814463571017087
0 0.8325687015192733 0.6403556451734309 0.00953197986400184 0.01851138118516289
0 0.8318434421817948 0.6460195752375479 0.009324762910436277 0.018235091913742566
0 0.8331903523799692 0.6616299190727972 0.008288678142610308 0.029010373499135794
0 0.8395104694637093 0.6581763031800429 0.008495895096175446 0.024866034427830783
0 0.8518398782008422 0.6645309564227108 0.0070453764212186345 0.02652377005635273
0 0.8571239105167561 0.6657742581441023 0.00932476291043642 0.030115530584817238
0 0.848006364559885 0.6291659296809072 0.00808146118904503 0.011604149399654418
0 0.8509074019097983 0.6317906777594005 0.008495895096175304 0.0168536455566408
0 0.8559842172721471 0.628198917230936 0.004973206885565986 0.01685364555664087
0 0.8616826834951916 0.6254360245167326 0.007667027281914472 0.008012388871189983
0 0.8596105139595391 0.6374546078235174 0.009739196817566978 0.020445406085105235
0 0.8678991921021495 0.6232257103453699 0.005594857746261965 0.012433017213915463
0 0.8672775412414536 0.633033979480792 0.006838159467653497 0.017682513370901917
0 0.8704894040217152 0.6429803932519244 0.009946413771132256 0.007183521056928868
0 0.8669667158111056 0.6573474353657819 0.008288678142610308 0.027628927142034174
0 0.8716290972663239 0.6765495397294957 0.013469101981741716 0.030115530584817238
0 0.8763950871983249 0.6453288520589971 0.012225800260350184 0.020721695356525415
0 0.8854090246784136 0.6235019996167902 0.008288678142610308 0.013538174299596832
0 0.8895533637497186 0.6309618099451394 0.007459810328349192 0.0207216953565257
0 0.8941121367281543 0.6237782888882104 0.004973206885566128 0.01574848847095943
0 0.8992925605672858 0.6240545781596308 0.007874244235479893 0.01630106701380015
0 0.8846875796274586 0.6601408423721707 0.010586591166369175 0.030721872404365483
0 0.8858552183590435 0.6522527940521309 0.010119535673735242 0.013285134012698591
0 0.896363966943307 0.6498656215342241 0.01120933182321437 0.023456564741170992
0 0.8990106147348992 0.6345046853320414 0.008718369195833589 0.011416912042162792
0 0.9039925399896611 0.633362994127825 0.007784258210565582 0.01826705926746037
0 0.9085074097517892 0.6185210084730134 0.005916036240029996 0.014323035107440561
0 0.8965196521075183 0.6673023599258912 0.00778425821056544 0.010586591166369175
0 0.9001004108843784 0.6715577544143335 0.009341109852678641 0.03445831634543694
0 0.9136450201707623 0.6765396796690955 0.013077553793750241 0.0340431559075401
0 0.9107648446328531 0.6649151874079843 0.010430906002157911 0.02117318233273835
0 0.9069505581096763 0.6515262693616706 0.010275220837946648 0.021380762551686843
0 0.9109983723791701 0.6383449193825871 0.008718369195833589 0.022003503208531967
0 0.912399538857072 0.6283810688730632 0.010275220837946505 0.016606417515873204
0 0.9177706770223623 0.6189361689109102 0.009496795016890047 0.014323035107440561
0 0.9222855467844903 0.6216347117572396 0.0070058323895089815 0.014323035107440844
0 0.9243094539192372 0.62485220515094 0.009808165345312717 0.016606417515873276
0 0.931393128890852 0.6165489963930035 0.00342507361264893 0.012039652699007988
0 0.9350517302498179 0.6164452062835292 0.005760351075818448 0.016813997734821697
0 0.9306147030697953 0.6304568710625472 0.01183207248005971 0.018682219705357356
0 0.9229861300234412 0.6439495852941942 0.015568516421131164 0.023664144960119343
0 0.9209622228886941 0.6514224731763373 0.009652480181101169 0.03030671196646864
0 0.9296805920845276 0.6599332621532221 0.007784258210565724 0.026985428463294027
0 0.9451712659235532 0.6495542512058015 0.012610498301116166 0.02407930539801626
0 0.9425246181319608 0.6420813633236585 0.008562684031622326 0.017851898829563666
0 0.946338904655138 0.6044055535845212 0.0074728878821429135 0.013492714231647013
0 0.9527219963878016 0.6134352931087773 0.006850147225297718 0.013700294450595436
0 0.944081469774074 0.6246446249319917 0.010119535673735384 0.01826705926746051
0 0.9477400711330398 0.6279659084351663 0.009029739524256114 0.014945775764285827
0 0.952983080408184 0.6429116841994522 0.007161517553720245 0.02117318233273835
0 0.9581206908271572 0.6410434622289165 0.005916036240029996 0.02117318233273835
0 0.9645037825598208 0.6328440435804541 0.008095628538988108 0.01805947904851223
0 0.9638031993208702 0.618832378801436 0.010742276330580438 0.01785189882956374
0 0.9579650056629458 0.6656417181743037 0.010897961494791702 0.030099131747520432
0 0.9676953284261529 0.6566119786500476 0.012610498301116166 0.02657026802539704
0 0.9711982446209073 0.6418737831047102 0.00809562853898825 0.019927701019047818
0 0.9738448924124996 0.6558854478837284 0.008718369195833589 0.025947527368551847
0 0.9793717157420012 0.6511111028479146 0.008562684031622326 0.022626243865377232
0 0.9880900849378347 0.6516300533952858 0.007317202717931792 0.026985428463293958
0 0.9853655945641367 0.6419775732141845 0.009341109852678784 0.02221108342748046
0 0.9940839637599703 0.6431192644184008 0.0074728878821429135 0.02241866364642888
0 0.9950180747452382 0.6620090643427065 0.0093411098526785 0.029891551528571796
0 0.9842757984146576 0.6315985622667637 0.009029739524255974 0.01722915817271847
0 0.9799166138167408 0.6263052666835791 0.00685014722529786 0.01619125707797636
0 0.9782819195925221 0.6154073051887873 0.013233238957961363 0.014323035107440844
0 0.9929941676104909 0.6242294644940949 0.009029739524256257 0.01577609664007966
0 0.9838087429220237 0.6024335415045112 0.005604665911607185 0.01120933182321437
0 0.9002836523226548 0.5903938888055031 0.004203499433705389 0.009548690071627064
0 0.9170976500574767 0.5906014690244517 0.00731720271793165 0.006227406568452451
0 0.9397498414502223 0.5885256668349675 0.004670554926339463 0.00913352963373029
0 0.9306422593438609 0.5911204195718227 0.004203499433705389 0.005604665911607185
0 0.9448493201159778 0.5855189508010782 0.004093899885346133 0.010449192088312458
0 0.9396442188331804 0.5816199985293198 0.003742994180888104 0.008265778816127778
0 0.9875428474917319 0.5840373489378101 0.005731459839484785 0.007485988361776137
