0 0.026943992128611333 0.4480700309685534 0.014557417548159679 0.013620975483658171
0 0.028093261935044994 0.46373415277476027 0.013280451096566726 0.006129438967646266
0 0.0029370228386637947 0.4715662136778637 0.0058740456773275895 0.010215731612743681
0 0.005618652387008999 0.4754822441294154 0.011237304774017997 0.013280451096566708
0 0.015068204128796859 0.46918254296822354 0.00970494503210645 0.011577829161109464
0 0.017622137031982767 0.4916571525162595 0.017366743741664175 0.012258877935292319
0 0.023751575999629005 0.4724175246455928 0.01123730477401791 0.01259940232238449
0 0.048652421805691556 0.47786591483905566 0.0140466309675225 0.012599402322383853
0 0.026560902193133448 0.47735512825841836 0.013791237677203909 0.012939926709475245
0 0.03562736399944342 0.47616329290359827 0.009449551741787863 0.011237304774017999
0 0.058357366837798 0.4528373723878337 0.011492698064336589 0.01225887793529239
0 0.07993809986971893 0.44330268954927293 0.010215731612743618 0.012939926709475245
0 0.09104770799857764 0.44824029316209907 0.008938765161150677 0.009875207225652218
0 0.07981040322455964 0.45777497600065975 0.009960338322425039 0.005107865806371876
0 0.08427978580513497 0.4647557259360346 0.008172585290194885 0.010215731612743681
0 0.07406405419239141 0.46730965883922054 0.007151012128920442 0.011918353548201022
0 0.06780691857958587 0.4797387989680587 0.009449551741787871 0.012258877935292319
0 0.06819000851506375 0.4741201465810497 0.01276966451592954 0.007151012128920584
0 0.08006579651487822 0.4768443416777812 0.007917191999876306 0.011918353548200927
0 0.0836413025793385 0.47429040877459544 0.012514271225610961 0.012258877935292319
0 0.0951340006436751 0.45573182967811104 0.013025057806248129 0.00919415845146922
0 0.09845411341781678 0.46220179303284875 0.0140466309675225 0.012599402322383782
0 0.10918063161119758 0.4618612686457573 0.012003484644973757 0.00919415845146915
0 0.09666636038558662 0.47633355509714403 0.010981911483699385 0.012258877935292319
0 0.10113574296616196 0.48348456722606464 0.011748091354655177 0.01021573161274361
0 0.09590018051463087 0.4872303354840706 0.011492698064336598 0.010215731612743681
0 0.08287512270838272 0.4952326585807198 0.008938765161150686 0.01328045109656678
0 0.08721680864379877 0.4930192500646254 0.015068204128796853 0.010215731612743681
0 0.10279579935323341 0.4960839695484486 0.01864371019325666 0.010215731612743677
0 0.10637130541769309 0.4921679390968967 0.007917191999876306 0.00783206090310351
0 0.10483894567578154 0.5000000000000001 0.017111350451345597 0.011237304774017999
0 0.11811939677234827 0.47599303071005267 0.01149269806433658 0.011577829161109393
0 0.12297186928840148 0.48348456722606464 0.01200348464497374 0.014983073032024095
0 0.12667507199802105 0.49897842683872584 0.01838831690293853 0.011918353548200927
0 0.13829546670751694 0.5005107865806373 0.016600563870708403 0.011577829161109393
0 0.14238175935261438 0.5054483901934634 0.013535844386885305 0.014642548644932418
0 0.15400215406211026 0.49727580490326856 0.013791237677203921 0.013961499870749705
0 0.16370709909421674 0.5047673414192805 0.00970494503210647 0.011918353548200927
0 0.17532749380371265 0.503916030451552 0.014046630967522481 0.010896780386926536
0 0.17788142670689852 0.5095346828385608 0.017622137031982774 0.01464254864493256
0 0.1187726548165929 0.4576849199644043 0.00886489106890977 0.00816132828566289
0 0.12236082501115163 0.4602177459840929 0.010975579418650199 0.010975579418650199
0 0.12710987379806757 0.46584624825006726 0.006120996214247203 0.008724178512260395
0 0.13808545321671775 0.4616248715505864 0.013719474273312713 0.008724178512260324
0 0.1348138862746201 0.4713340379593923 0.008020615729013586 0.011819854758546385
0 0.14304557083860775 0.47105261284609357 0.00928702873885781 0.010131304078754013
0 0.1403016759839452 0.47865109090515917 0.012241992428494441 0.0056285022659744045
0 0.1479001540430107 0.4845610182844324 0.013508405438338684 0.0056285022659744045
0 0.1488499638003939 0.44713147821570226 0.006120996214247221 0.009568453852156579
0 0.1497997735577771 0.45669993206785875 0.012241992428494424 0.010131304078754084
0 0.1539156158397709 0.47428900164902893 0.009075959903883817 0.010412729192052836
0 0.15518202884961516 0.4640169850136256 0.007387409224091482 0.011819854758546385
0 0.15919233671412195 0.4713340379593923 0.008653822233935723 0.008442753398961642
0 0.16193623156878453 0.4759775523288213 0.009498097573831892 0.010412729192052836
0 0.1699568472977981 0.43685946158029876 0.008653822233935706 0.012664130098442498
0 0.16816276220051876 0.45360425582157293 0.007176340389117435 0.010694154305351517
0 0.16636867710323938 0.46359484734367756 0.01076451058367617 0.00816132828566289
0 0.1740726895797919 0.4745704267623277 0.008020615729013586 0.01266413009844257
0 0.1820933053088055 0.47696254022536677 0.00802061572901362 0.014071255664936118
0 0.18346525273613679 0.4696454872796001 0.009075959903883763 0.010131304078754013
0 0.179560479289117 0.4616248715505864 0.00970916640880592 0.0070356278324680945
0 0.18895304244546188 0.4355930485704546 0.009075959903883834 0.008442753398961642
0 0.19296335030996864 0.44417651452606566 0.012875198933416564 0.0092870287388579
0 0.18895304244546185 0.45557423161466387 0.009498097573831856 0.010131304078753942
0 0.19507403865970907 0.4609213087673396 0.011186648253624228 0.008442753398961642
0 0.1988732776892418 0.4666905235899634 0.012875198933416564 0.007598478059065527
0 0.20013969069908608 0.471193325402743 0.012875198933416598 0.008724178512260324
0 0.20478320506851502 0.45684064462450813 0.005698858544299163 0.008161328285662961
0 0.20847690968056073 0.4616248715505864 0.005487789709325099 0.010412729192052765
0 0.21691966307952243 0.45712206973780684 0.011397717088598292 0.012664130098442498
0 0.22198531511889943 0.4627505720037813 0.012241992428494441 0.008724178512260395
0 0.22472920997356197 0.44417651452606566 0.007176340389117435 0.008161328285662961
0 0.2381320809944137 0.442769388959572 0.011186648253624263 0.009287028738857828
0 0.24129811351902425 0.43854801226009116 0.01076451058367617 0.008161328285662961
0 0.22979486201293897 0.4537449683782222 0.008864891068909699 0.013226980325040003
0 0.19992862186411206 0.5093264282547199 0.01751871330284551 0.010694154305351517
0 0.2043610673985669 0.505105051555239 0.01709657563289735 0.009005603625559147
0 0.20657729016579437 0.4970844358262255 0.016041231458027206 0.01097557941865027
0 0.20446660181605394 0.4924409214567966 0.016463369127975226 0.010131304078754013
0 0.21649752540957434 0.4880788322006663 0.01435268077823487 0.010975579418650128
0 0.20942671943794394 0.4806210666982502 0.013297336603364655 0.010694154305351446
0 0.21385916497239882 0.4717561756293404 0.008653822233935743 0.008724178512260324
0 0.22040229885659415 0.471193325402743 0.006543133884195278 0.010412729192052836
0 0.22589008856591922 0.469223349609652 0.011186648253624228 0.00984987896545526
0 0.23454391079985493 0.4678162240431583 0.009075959903883834 0.009849878965455331
0 0.24815785065568063 0.45951418320084597 0.012241992428494441 0.006754202719169342
0 0.22705096715827644 0.4970844358262255 0.0164633691279753 0.011538429645247632
0 0.2244126067211009 0.5065121771217327 0.012453061263468434 0.014634105891533552
0 0.22198531511889943 0.5141106551807982 0.01604123145802717 0.013508405438338613
0 0.2359158582271862 0.5091857156980706 0.015196956118130983 0.01435268077823487
0 0.23739334007200447 0.5152363556339931 0.016463369127975334 0.016885506797923354
0 0.23464944521734196 0.47921394113175664 0.01139771708859822 0.010131304078754013
0 0.2528013650251096 0.4977879986094723 0.014352680778234834 0.011819854758546243
0 0.24245899211138153 0.49553659770308245 0.00886489106890977 0.01125700453194888
0 0.24889659157808994 0.4863902815208741 0.013297336603364303 0.011538429645247624
0 0.2518515552677264 0.47851037834850985 0.010764510583676135 0.009287028738857757
0 0.24910766041306384 0.4718968881859898 0.009920235243779985 0.009005603625559147
0 0.2484744539081417 0.4679569365998077 0.01160878592357232 0.006754202719169271
0 0.26430461653119486 0.48399816805783485 0.007387409224091499 0.01294555521174118
0 0.2521681585201874 0.5170656188704348 0.01393054310828674 0.012664130098442427
0 0.25786701706448656 0.5124221045010059 0.011397717088598255 0.01125700453194888
0 0.26852599323067566 0.5177691816536816 0.014141611943260841 0.014071255664936118
0 0.2798181759017869 0.496521585599628 0.017729782137819505 0.009849878965455403
0 0.26230163528374173 0.4392163969041755 0.010981911483699348 0.006810487741829121
0 0.26472787154176836 0.443302689549273 0.008172585290194868 0.009534682838560684
0 0.2614077587676267 0.4470484578072789 0.009194158451469257 0.010896780386926465
0 0.26383399502565325 0.4596478601296628 0.010471124903062226 0.01225887793529239
0 0.2789021991544505 0.4639044149683075 0.011492698064335767 0.009875207225652105
0 0.2753266930899898 0.4587965491619342 0.005363259096690384 0.007151012128920584
0 0.27532669308998986 0.445175573678276 0.008427978580513482 0.00783206090310344
0 0.2684310742513879 0.4329166957429837 0.008938765161150641 0.008513109677286294
0 0.2740497266383969 0.43530036645262377 0.008938765161150677 0.009875207225652218
0 0.28132843541247676 0.43564089083971524 0.007661798709557672 0.009875207225652218
0 0.2900118072833088 0.4346193176784409 0.00970494503210645 0.010556255999835073
0 0.2909056837994239 0.4424513785815444 0.009449551741787836 0.010556255999835144
0 0.28745787438012294 0.4492618663233734 0.0051078658063718405 0.009875207225652218
0 0.2932042234122912 0.45385894554910805 0.0038308993547788717 0.008172585290194974
0 0.29333192005745046 0.45794523819420546 0.008172585290194868 0.008853634064377829
0 0.28899023412203445 0.4604991710973914 0.007661798709557743 0.008513109677286437
0 0.279285289089928 0.5180477925158472 0.005107865806371805 0.013280451096566708
0 0.2873301777349636 0.5214530363867618 0.015068204128796836 0.013280451096566708
0 0.2928211334768133 0.5154938596126614 0.006129438967646195 0.010896780386926536
0 0.3015045053476454 0.5204314632254874 0.013791237677203867 0.015323597419115487
0 0.30610158457338005 0.5182180547093931 0.012258877935292354 0.01566412180620688
0 0.3175942826377166 0.5166856949674813 0.008683371870832133 0.013961499870749634
0 0.32614995786338946 0.5197504144513045 0.013535844386885322 0.017366743741664123
0 0.303930741605672 0.49506239638717403 0.013025057806248129 0.012939926709475245
0 0.3064846745088579 0.4921679390968967 0.01098191148369942 0.013961499870749705
0 0.29665203283159214 0.4312140738075263 0.007661798709557708 0.011918353548200927
0 0.30290916844439764 0.428319616517249 0.008427978580513518 0.010896780386926536
0 0.2994613590250967 0.4470484578072789 0.008683371870832098 0.012258877935292461
0 0.3132293791304534 0.4296662356843834 0.004179162932486094 0.008667893489600686
0 0.32298075930625414 0.42951145187206907 0.005107865806371805 0.007739190615714832
0 0.330990821593519 0.4322975604937264 0.0034826357770717208 0.010834866862000823
0 0.32507034077249713 0.43632193961389815 0.0069652715541434415 0.008358325864972116
0 0.3205429142623039 0.4349288853030695 0.005340041524843286 0.008048758240343403
0 0.31578331203363935 0.4378697777370411 0.008822677301914937 0.005881784867943267
0 0.3100950069310889 0.43802456154935543 0.003946987214014541 0.006191352492571908
0 0.30765716188713865 0.4408106701710128 0.007893974428029117 0.006191352492571838
0 0.30870195262026023 0.44622810360201315 0.009983555894272165 0.008977461114229257
0 0.3154350484559321 0.4432872111680416 0.005804392961786142 0.006191352492571908
0 0.31961421138841817 0.4474663741005276 0.009519204457329202 0.004643514369428843
0 0.30510322898395276 0.46062299814724283 0.008822677301914937 0.008667893489600686
0 0.3074249861686672 0.457062970464014 0.008358325864972045 0.005262649618686055
0 0.31671201490752504 0.4527290237192137 0.008822677301914937 0.010834866862000893
0 0.3197302992476539 0.4613969172088143 0.006036568680257588 0.014549678357543954
0 0.32623121936485433 0.4652665125166717 0.011144434486629464 0.014859245982172524
0 0.32623121936485433 0.4581464571502141 0.004643514369428985 0.00990616398811504
0 0.3109076219457389 0.484614489055959 0.004179162932486058 0.011454002111257964
0 0.3146224334412821 0.48569797574215906 0.003714811495543131 0.01300184023440096
0 0.3308747337342832 0.4507168341591279 0.006036568680257588 0.011763569735886605
0 0.3352860723852407 0.4473115902882132 0.00325046005860024 0.005572217243314768
0 0.33830435672536957 0.4507168341591279 0.009287028738857828 0.007429622991086262
0 0.3189176842330038 0.4928180311086167 0.011840961642043766 0.01300184023440096
0 0.3222842321508398 0.48832930055150214 0.01160878592357232 0.012692272609772388
0 0.326811658661033 0.48771016530224487 0.009519204457329239 0.012073137360515247
0 0.33424128165211925 0.4935919501701882 0.008126150146500564 0.01640708410531552
0 0.3340091059336477 0.5039624655952457 0.010447907331214945 0.013620975483658164
0 0.33563433596294795 0.514797332457247 0.012769664515929549 0.015478381231429736
0 0.34649708949526664 0.4361062656407064 0.009785918712432817 0.014327096677025893
0 0.3504306450561465 0.4481307932089246 0.00767523036269246 0.006140184290153883
0 0.3509103469538148 0.4524800904144503 0.005564542012952031 0.006651866314333503
0 0.35436420061702634 0.4536313749688542 0.006715826567355805 0.008442753398961713
0 0.36021656376857936 0.43508290159234747 0.007291468844557869 0.00767523036269246
0 0.35398043909889176 0.43687378867697574 0.004797018976682779 0.007163548338512982
0 0.3550357832737619 0.43252449147145 0.004605138217615447 0.006651866314333361
0 0.3648217019861948 0.445700303594072 0.009977799471500078 0.007931071374782234
0 0.35925715997324276 0.44992168029355284 0.005372661253884772 0.005116820241794926
0 0.3620394309797188 0.45606186458370684 0.004797018976682779 0.010745322507769401
0 0.3410284878618482 0.489321196155374 0.0034538536632115918 0.01125700453194888
0 0.3498550027789446 0.4930308908306753 0.009977799471500149 0.012024527568218204
0 0.3437148184887906 0.487274468058656 0.0026863306269423503 0.006651866314333503
0 0.3613678483229832 0.4911120832400022 0.009977799471500149 0.013303732628666864
0 0.34956718164034356 0.5032645313142653 0.005948303531086694 0.011512845544038584
0 0.3423716531753195 0.5019853262538166 0.007291468844557869 0.014582937689115666
0 0.3475524336701368 0.5174637074852463 0.011129084025903992 0.0158621427495644
0 0.35589924668956485 0.5044158158686691 0.004797018976682779 0.013303732628666935
0 0.35868151769604084 0.5200221176061437 0.014966699207250187 0.016373824773743807
0 0.35944904073231015 0.5109397616769578 0.0038376151813462656 0.009977799471500078
0 0.3691390190652093 0.5189987535577848 0.010937203266836662 0.014327096677025893
0 0.36971466134241127 0.5065904644714321 0.01323977237564442 0.012024527568218132
0 0.3712497074149498 0.501473644229637 0.005948303531086694 0.010489481495679697
0 0.3660689269201323 0.49955483663896394 0.004029495940413455 0.009210276435230895
0 0.379020878157176 0.49264712931254073 0.014199176170981294 0.010745322507769323
0 0.37355227652375744 0.4839485349014893 0.014391056930048265 0.01125700453194888
0 0.3870798700380028 0.5149052973643488 0.01074532250776933 0.010745322507769472
0 0.39014996218307985 0.5221967662089066 0.014199176170980933 0.014071255664936189
0 0.3788289973981084 0.5193825150759195 0.009977799471500149 0.015094619713295074
0 0.38554482396546463 0.5071021464956115 0.009594037953365558 0.008954435423141066
0 0.3957145041960318 0.5095326361104641 0.008826514917096304 0.00818691238687201
0 0.3975373714071713 0.5198941971000989 0.00825087263989424 0.011512845544038797
0 0.4075151708786715 0.5275694274627913 0.017844910593259867 0.0171413478100132
0 0.38458542017012787 0.4829251708531303 0.0072914688445577976 0.009721958459410445
0 0.3951388619188299 0.48369269388939956 0.014582937689115666 0.011257004531948951
0 0.3736531098626473 0.4353003664526237 0.008427978580513553 0.00783206090310351
0 0.37863327902385974 0.4320653847752549 0.008172585290194902 0.009534682838560684
0 0.38067642534640855 0.44364321393636436 0.007661798709557743 0.008853634064377757
0 0.3695668172175499 0.45522104309747385 0.005363259096690384 0.010896780386926536
0 0.3750577729593995 0.45317789677492515 0.004597079225734646 0.009534682838560755
0 0.37710091928194844 0.4460268846460046 0.004597079225734721 0.00885363406437789
0 0.374802379669081 0.4589668113554798 0.008172585290194831 0.010215731612743681
0 0.3787609756690191 0.45522104309747385 0.003320112774141677 0.009534682838560684
0 0.38348575153991354 0.4570939272264769 0.0076617987095568 0.009875207225652233
0 0.38884901063660343 0.4335977445171665 0.005618652387009035 0.00783206090310344
0 0.39382917979781595 0.4322356469688006 0.007406405419239164 0.008513109677286294
0 0.38514580792698383 0.46696913445212906 0.005363259096690384 0.010556255999835144
0 0.39267990999138236 0.46441520154894306 0.007661798709557672 0.010896780386926607
0 0.4022571583783295 0.4645854637424888 0.01047112490306219 0.010556255999835144
0 0.39868165231386926 0.4565831406458396 0.004852472516053225 0.007491536516011976
0 0.4005971019912586 0.44824029316209896 0.005107865806371805 0.009194158451469292
0 0.38833822405596635 0.4450053114847302 0.008683371870832061 0.011577829161109464
0 0.39574462947520544 0.44262164077509 0.007151012128920584 0.007491536516012047
0 0.39408457308813466 0.4359814152268066 0.0048524725160532965 0.005788914580554732
0 0.4036618214750817 0.5093644206450151 0.008172585290194902 0.014983073032023952
0 0.4122174967007545 0.5093644206450151 0.007406405419239164 0.018388316902938656
0 0.41745305915228564 0.522474609548036 0.012769664515929549 0.011918353548200785
0 0.4215393517973831 0.5129399267094753 0.008172585290194831 0.007832060903103368
0 0.4279241840553479 0.5269014265802251 0.00970494503210638 0.01668569496748127
0 0.4385230056035694 0.5301364082575938 0.014557417548159606 0.013620975483658313
0 0.4014909785073737 0.43444905548489515 0.007406405419239093 0.009534682838560755
0 0.40302333824928527 0.42968171406561473 0.004341685935416066 0.01021573161274361
0 0.40634345102342695 0.43564089083971524 0.002809326193504447 0.00919415845146922
0 0.4096635637975686 0.4424513785815442 0.0094495517417878 0.009875207225652147
0 0.4133667665071881 0.43342748232362077 0.005107865806371805 0.009534682838560684
0 0.4188577222490379 0.44313242735572717 0.007917191999876323 0.009875207225652147
0 0.4188577222490379 0.43104381161398053 0.004341685935416066 0.010215731612743681
0 0.4239655880554096 0.43104381161398053 0.004852472516053225 0.009534682838560612
0 0.4308612068940117 0.4312140738075263 0.008427978580513482 0.009875207225652147
0 0.42664721760375485 0.4419405920009071 0.005618652387008965 0.007491536516011976
0 0.4325212632810825 0.44091901883963275 0.006129438967646266 0.01225887793529239
0 0.40762041747501987 0.4833143050325188 0.009449551741787871 0.010556255999835002
0 0.41706996921680833 0.47956853677451294 0.013025057806247116 0.008513109677286372
0 0.4187300256038786 0.48620876232279614 0.013791237677203938 0.010215731612743681
0 0.42217783502317957 0.4918274147098052 0.015068204128796836 0.013961499870749563
0 0.4302227236682152 0.48842217083889056 0.008172585290194831 0.013280451096566637
0 0.4113236201846394 0.46424493935539746 0.005618652387009035 0.011237304774017999
0 0.4124728899910731 0.45471025651683666 0.004341685935416066 0.00783206090310344
0 0.41528221618457756 0.46220179303284864 0.0028093261935045175 0.009875207225652218
0 0.4186023289587193 0.46424493935539735 0.003320112774141677 0.012599402322383782
0 0.42371019476509114 0.4664583478714918 0.007406405419239093 0.012258877935292461
0 0.4238378914102507 0.45692366503293125 0.00510786580637217 0.008172585290194921
0 0.42613643102311777 0.45113475045237633 0.0035755060644602566 0.0074915365160121185
0 0.4280518807005072 0.5095346828385608 0.005874045677327686 0.016685694967481197
0 0.4330320498617197 0.513791237677204 0.0035755060644602566 0.01430202425784124
0 0.4391614888293659 0.5153235974191156 0.007151012128920513 0.01464254864493256
0 0.44682328753892364 0.521963822967399 0.01072651819338084 0.01702621935457273
0 0.4450355345066934 0.5086833718708322 0.007661798709557743 0.012258877935292319
0 0.45895446882905666 0.528774310709228 0.017111350451345545 0.019750414451304293
0 0.4617637950225611 0.5200909388383959 0.013535844386885359 0.009194158451469292
0 0.45410199631300346 0.5105562559998351 0.006895618838601934 0.00783206090310351
0 0.4631684581193134 0.5076617987095579 0.017366743741664123 0.014302024257841097
0 0.4438862647002598 0.428319616517249 0.004341685935416066 0.006810487741829192
0 0.4526973332162511 0.427638567743066 0.007151012128920442 0.006810487741829121
0 0.4495049170872687 0.4307032872268891 0.004852472516053225 0.005448390193463268
0 0.4381399156680915 0.4402379700654498 0.004086292645097416 0.0088536340643779
0 0.4414600284422332 0.43461931767844075 0.005107865806371876 0.008513109677286365
0 0.4515480634098175 0.43853534812999256 0.005363259096690384 0.009534682838560684
0 0.44669559089376437 0.43683272619453534 0.004341685935416066 0.008853634064377829
0 0.45422969295816273 0.4330869579365293 0.006640225548283425 0.007491536516011976
0 0.4575498057323044 0.4414298054202699 0.005618652387009106 0.006469963354737658
0 0.46074222186128677 0.43581115303326096 0.0058740456773276155 0.01021573161274361
0 0.46546699773218064 0.43819482374290103 0.006640225548283425 0.007491536516011976
0 0.4680209306353666 0.43138433600107207 0.005618652387008965 0.00681048774182905
0 0.4718518299901454 0.4383650859364468 0.005107865806371947 0.00783206090310344
0 0.47593812263524293 0.4359814152268066 0.004597079225734717 0.010556255999835073
0 0.4756827293449243 0.4288304030978861 0.007661798709557743 0.005107865806371734
0 0.48079059515129613 0.4361516774203524 0.0035755060644603277 0.007491536516011976
0 0.4455463210873306 0.4485808175491905 0.004597079225734717 0.00783206090310344
0 0.4325212632810825 0.4523265858071964 0.005107865806371805 0.009875207225652218
0 0.43967227541000303 0.4477295065814619 0.006129438967646195 0.008853634064377829
0 0.4399276687003217 0.45436973212974524 0.008683371870832061 0.00919415845146922
0 0.4433754781196227 0.4587965491619341 0.005363259096690384 0.009194158451469292
0 0.4363521626358613 0.4599883845167543 0.006129438967646124 0.007491536516011976
0 0.4322658699907639 0.46118021987157426 0.004086292645097487 0.009875207225652076
0 0.4394168821196845 0.46679887225858324 0.006640225548283354 0.011577829161109533
0 0.4454186244421713 0.4679907076134034 0.005874045677327686 0.01123730477401793
0 0.4519311533452954 0.4700338539359521 0.004597079225734646 0.011918353548200856
0 0.45614514263555217 0.4765038172906897 0.0063848322579647745 0.011918353548200927
0 0.45090958018402105 0.48041984774224145 0.006640225548283425 0.013620975483658171
0 0.4436308714099412 0.47667407948423546 0.006895618838601934 0.012258877935292319
0 0.43239356663592315 0.48263325625833586 0.007406405419239164 0.009875207225652218
0 0.43699064586165776 0.48552771354861335 0.004852472516053225 0.013620975483658171
0 0.4403107586357995 0.4879113842582534 0.0048524725160532965 0.012939926709475316
0 0.44784486070019797 0.48995453058080224 0.012769664515929549 0.011577829161109464
0 0.4589544688290566 0.49012479277434795 0.008427978580513482 0.013961499870749705
0 0.45384660302268487 0.45692366503293114 0.0063848322579647745 0.008853634064377829
0 0.4584436822484194 0.4623720552263944 0.009960338322425101 0.009534682838560755
0 0.4678932339902073 0.4586262869683884 0.008938765161150641 0.012258877935292319
0 0.4755550326997651 0.45845602477484265 0.01098191148369949 0.012599402322383782
0 0.47431078191759307 0.5355721343209587 0.012875198933416527 0.011819854758546314
0 0.4781100209471258 0.5299436320549842 0.015408024953105013 0.015196956118131126
0 0.4815926567241975 0.523611567005763 0.009709166408805956 0.016604081684624673
0 0.4720945591503656 0.5192494777496327 0.005065652039377042 0.01463410589153348
0 0.47631593584984644 0.5098217364541255 0.005065652039377042 0.014915531004832373
0 0.4843365515788601 0.5058817848679433 0.008020615729013586 0.01153842964524749
0 0.49404571798766594 0.519390190306282 0.010131304078754013 0.015478381231429878
0 0.49383464915269193 0.5267072432520489 0.014352680778234799 0.015478381231429665
0 0.4985836979396079 0.5328985957446207 0.016674437962949328 0.021106883497404284
0 0.48233139764660665 0.495187630562592 0.009920235243780056 0.010412729192052765
0 0.47272776565528773 0.4915291040897086 0.010553441748702142 0.010975579418650199
0 0.4667123038585275 0.48449347625724043 0.006543133884195385 0.0092870287388579
0 0.4666067694410405 0.4729550466119929 0.005065652039376971 0.013226980325040003
0 0.47118085786309777 0.47627656069713253 0.003663178127648692 0.012326885127960594
0 0.4724019172389806 0.4719737800392595 0.011338408490341153 0.011163971436643508
0 0.5184532994151353 0.5416323101491499 0.017269268316058017 0.01325721608101432
0 0.5156623065559743 0.5326778747260087 0.015524897779082423 0.012559467866224097
0 0.5227270072307253 0.5229093997189456 0.0069774821479021655 0.018141453584545743
0 0.509818665257107 0.5209324464437067 0.007326356255298611 0.012792050604487386
0 0.5038878054313893 0.5048842375035316 0.00872185268487776 0.015117877987121489
0 0.5032772757434479 0.49976741726173657 0.006105296879414439 0.010931388698380076
0 0.4979569456056725 0.49755788124823425 0.0041864892887413414 0.013954964295804402
0 0.49490429716596523 0.49325510059036126 0.003663178127648692 0.012326885127960594
0 0.48705462974957525 0.4923247696373076 0.009942912060760634 0.011861719651433731
0 0.49054337082352645 0.4869753666572493 0.007151919201599739 0.010001057745326492
0 0.4976080714982774 0.48360291695242985 0.011861719651433802 0.010233640483589853
0 0.4863568815347851 0.47441589879102525 0.0075007933089948865 0.012792050604487386
0 0.4906305893503752 0.4566233193138746 0.009419600899667984 0.009303309530536269
0 0.48033880318221944 0.4541812005621088 0.003139866966555971 0.008605561315746045
0 0.48129820697755593 0.4519716645486065 0.009245163845970482 0.00790781310095589
0 0.48129820697755604 0.44615709609202125 0.0075007933089948865 0.0060471511948485815
0 0.4831297960413803 0.43871444846759233 0.006628608040507089 0.008838144054009477
0 0.48845012617915573 0.4328998800110071 0.0033143040202535446 0.007442647624429029
0 0.4936832377900824 0.43592345560843143 0.005058674557229068 0.010233640483589853
0 0.500486282884287 0.42941113893705607 0.008547415631180328 0.0065123166713753735
0 0.5012712496259261 0.43464425054798267 0.00662860804050716 0.007210064886165668
0 0.5033644942702967 0.44499418240070426 0.007675230362692389 0.008838144054009477
0 0.5026667460555064 0.4581351071125867 0.004884237503531495 0.010001057745326492
0 0.5013584681527748 0.46418225830743537 0.007151919201599668 0.01139655417490694
0 0.5090336985154673 0.4480177579981286 0.005058674557229068 0.008372978577482613
0 0.5125224395894183 0.45394861782384544 0.006454170986809587 0.009070726792272837
0 0.5188893920493792 0.45580927972995267 0.0055819857183217894 0.01139655417490701
0 0.5163600547707646 0.46139126544827447 0.005058674557229068 0.010931388698380147
0 0.5145284657069402 0.4653451719987524 0.006628608040507018 0.010931388698380147
0 0.5301405820128714 0.46708954253572793 0.007151919201599739 0.010698805960116716
0 0.5133946248579062 0.479997884509347 0.012036156705131376 0.010931388698380147
0 0.5173194585661012 0.483951791059825 0.012908341973619173 0.012326885127960594
0 0.508772042934921 0.42929484756792435 0.003488741073950976 0.007210064886165597
0 0.5123480025357208 0.4315043835814267 0.0033143040202536157 0.0051168202417949974
0 0.516970584458706 0.42929484756792435 0.004535363396136489 0.005814568456585221
0 0.508772042934921 0.43662120382322167 0.005930859825716866 0.010698805960116716
0 0.5233375369186668 0.4370863692997484 0.006803045094204734 0.008372978577482613
0 0.5241225036603059 0.43057405262837306 0.004884237503531495 0.006977482147902237
0 0.5276984632611057 0.44755259252160173 0.010291786168155782 0.007442647624429029
0 0.5309255487545105 0.4301088871518462 0.00662860804050716 0.006512316671375445
0 0.5301405820128714 0.4384818657293289 0.006803045094204592 0.0069774821479021655
0 0.5406940237615735 0.4548789487768991 0.0038376151813461945 0.00767523036269246
0 0.5399962755467833 0.4587165639582453 0.010117349114458208 0.008838144054009477
0 0.5412173349226661 0.48081192409326895 0.009070726792272837 0.012559467866224026
0 0.5078126391395843 0.4939528488051515 0.005407548664624216 0.013257216081014178
0 0.5155750880291257 0.49767417261736596 0.011861719651433802 0.013722381557541042
0 0.5140923730726967 0.49255735237557097 0.0036631781276483984 0.011861719651433794
0 0.532669919291486 0.483951791059825 0.010117349114458279 0.012326885127960594
0 0.5288323041101397 0.49325510059036126 0.0034887410739511894 0.011861719651433731
0 0.531448859915603 0.4940691401742832 0.0034887410739511183 0.012094302389697092
0 0.5345887268821591 0.4987207949395513 0.00767523036269246 0.006512316671375445
0 0.5376413753218663 0.5068611907787706 0.00819854152378511 0.00790781310095575
0 0.5459271353725001 0.5009303309530536 0.0052331116109267835 0.015117877987121489
0 0.5411301163958173 0.4949994711273368 0.004709800449833921 0.01348979881927761
0 0.5485436911779634 0.48930119403988326 0.005233111610926642 0.011861719651433802
0 0.5512474655102756 0.4884871544559614 0.002965429912858539 0.010233640483589924
0 0.5547362065842266 0.49534834523473187 0.0075007933089948865 0.011861719651433731
0 0.5376413753218663 0.5230256910880773 0.013431653134711752 0.015117877987121418
0 0.5352864750969492 0.5293054250211894 0.016745957154965296 0.01883920179933597
0 0.5379030309024126 0.5383761518134622 0.01639708304757022 0.017908870846282312
0 0.5543873324768316 0.5286076768063991 0.01029178616815571 0.016513374416702007
0 0.5536895842620413 0.5344222452629843 0.015524897779082423 0.019304367275862832
0 0.5624114369469191 0.5461676735452864 0.015873771886477428 0.014885295248858057
0 0.560492629356246 0.5062797339331121 0.010291786168155782 0.01372238155754097
0 0.5662490521282654 0.5011629136913172 0.012733904919921529 0.016048208940175144
0 0.5593587885072119 0.4820911291537177 0.006628608040507089 0.014187547034067763
0 0.5609287219904899 0.47906755355629344 0.009070726792272837 0.010001057745326492
0 0.5501136246612415 0.5874511095870412 0.010117349114458137 0.010466223221853284
0 0.5428031263199167 0.4493603947144673 0.00412305763285136 0.008880431824602795
0 0.535904933741877 0.4395284880515142 0.004915953331476573 0.005285971324168344
0 0.5419309410514289 0.4308594950798782 0.004281636772576362 0.0069774821479021655
0 0.5454196821253801 0.429379423109111 0.0036473202136762238 0.005708849030101746
0 0.5473226318020806 0.43381963902141246 0.0036473202136762238 0.008246115265702514
0 0.5494634501883688 0.4381541355072305 0.0044402159123013265 0.006343165589002026
0 0.5526350329828698 0.4394227686250309 0.0019029496767006293 0.006766043294935429
0 0.5552515887883331 0.4392113297720641 0.0036473202136762238 0.008034676412735848
0 0.5588196194321468 0.4351939915656962 0.005074532471201607 0.0067660432949355
0 0.5651627850211487 0.42980230081504445 0.007611798706802446 0.006131726736035219
0 0.5637355727636233 0.43212812819767854 0.0034887410739511894 0.006977482147902237
0 0.5710302131909757 0.4323395670506453 0.0038058993534012585 0.005708849030101817
0 0.560960437818435 0.44629453134644975 0.00935616924377797 0.008668992971635916
0 0.564449178892386 0.4379426966542637 0.005233111610926642 0.010149064942403285
0 0.5701580279224878 0.439739926904481 0.00872185268487769 0.007400359853835709
0 0.5746775334046518 0.44777460331721686 0.009197590104052864 0.011206259207236897
0 0.5749946916841019 0.4594037402303872 0.007928956986252374 0.01036050379536988
0 0.5760254560923148 0.4715614742759744 0.004281636772576291 0.00972618723646974
0 0.5778491161991528 0.4840363666010117 0.0069774821479021655 0.011417698060203563
0 0.5726952941580884 0.4980970503232993 0.0039644784931263865 0.01374352544283807
0 0.5840337026484298 0.49830848917626624 0.008880431824602866 0.015857913972505033
0 0.5795141971662657 0.5007400359853836 0.01094196064102853 0.013954964295804473
0 0.5780869849087403 0.5078232375597692 0.00872185268487776 0.012052014619103844
0 0.5835579652292546 0.4335024807419623 0.006026007309551957 0.006343165589002026
0 0.5765011935114899 0.5407019791960964 0.014747859994429647 0.0202981298848065
0 0.5858573627552679 0.5346759718865444 0.00872185268487776 0.018818057914039274
0 0.5956099798483585 0.5450364756819144 0.014589280854704683 0.021778201855573442
0 0.6133708434975641 0.5490538138882823 0.012369172898553913 0.017549424796238854
0 0.5969579025360214 0.5027487050885676 0.005550269890376782 0.016280791678438575
0 0.582432529074626 0.4400630054718142 0.005391690750651819 0.010571942648336687
0 0.5912336713293661 0.4330855233239119 0.005233111610926642 0.006343165589001955
0 0.5921851461677164 0.4400630054718142 0.0023786870958757336 0.006343165589001955
0 0.5950395706827674 0.4301253793823777 0.006184586449276992 0.005920287883068554
0 0.5996383657347938 0.42959678224996084 0.0026958453753258027 0.00486309361823487
0 0.5955153081019425 0.44112019973664784 0.0052331116109267835 0.0067660432949355
0 0.607963770570359 0.432239767912045 0.0038058993534011167 0.007611798706802375
0 0.6037614233676452 0.4411201997366478 0.00808753612597755 0.009303309530536269
0 0.6118489594936227 0.439428688912914 0.0052331116109267835 0.01099482035427016
0 0.6058229521840708 0.44820340131103337 0.0074532195670773405 0.007823237559769112
0 0.5995590761649312 0.44778052360509996 0.008880431824602866 0.01036050379536988
0 0.6185092833620749 0.43223976791204494 0.005550269890376782 0.00803467641273592
0 0.5993212074553438 0.45496944460596894 0.004598795052026432 0.009937626089436406
0 0.5989247596060311 0.4594096605182703 0.012052014619103914 0.014166403148771068
0 0.598607601326581 0.47558473277022545 0.010466223221853355 0.008880431824602795
0 0.6140690674497735 0.47188455284330755 0.01062480236157839 0.013743525442837594
0 0.6162098858360616 0.46184120732738765 0.005708849030101817 0.004228777059334661
0 0.6328606955071918 0.46279268216573805 0.010466223221853284 0.009091870677569603
0 0.6242974219620392 0.45444084747355207 0.007928956986252516 0.00972618723646967
0 0.6107389055155474 0.4511635452525677 0.006818903008177201 0.009937626089436548
0 0.6170820711045494 0.456449516576736 0.007136061287627271 0.009514748383503075
0 0.623821684542864 0.4361513866919296 0.0038058993534011167 0.005708849030101888
0 0.6294512440031034 0.44587757392839933 0.0049159533314765014 0.009091870677569532
0 0.6210465495976756 0.4412259191631312 0.00618458644927685 0.006554604441968763
0 0.6258039237894271 0.4427059911338983 0.004598795052026361 0.00613172673603529
0 0.6342879077647173 0.4382657752215969 0.007294640427352377 0.005708849030101817
0 0.6419789960413823 0.43414271758874556 0.0033301619342259413 0.006766043294935429
0 0.6333364329263671 0.4504235092671841 0.008563273545152796 0.012686331178003982
0 0.6439612352879454 0.4472519264726831 0.005708849030101817 0.013532086589871
0 0.6453884475454709 0.45634379715025264 0.005391690750651605 0.010149064942403214
0 0.6476085555016217 0.42748239372029345 0.008246115265702656 0.005285971324168344
0 0.6124039864826605 0.4831965314770278 0.015223597413604892 0.01099482035427016
0 0.6271518464770901 0.4846766034477949 0.0069774821479021655 0.010571942648336616
0 0.6157341484168865 0.491019769036797 0.007928956986252587 0.008034676412735777
0 0.6177956772333121 0.494191351831298 0.009831906662953074 0.00972618723646974
0 0.62683468819764 0.494191351831298 0.006343165589001955 0.011417698060203634
0 0.6346843556140299 0.4937684741253645 0.00681890300817713 0.013109208883937526
0 0.6439612352879454 0.4971514957728323 0.011734856339653774 0.01776086364920566
0 0.6093909828278844 0.4978915317582158 0.005074532471201607 0.013743525442837665
0 0.6050300564854456 0.4997944814349164 0.003964478493126294 0.01416640314877121
0 0.6013034467019068 0.5070891218622687 0.006343165589001955 0.01776086364920559
0 0.604475029496408 0.5173439062311553 0.008563273545152725 0.012474892325037316
0 0.6072501644415962 0.5093092298184194 0.006501744728727133 0.01416640314877121
0 0.6134347508908732 0.5198811724667561 0.007770377846527481 0.015012158560638226
0 0.6160513066963366 0.49842012889063253 0.007294640427352377 0.00930330953053634
0 0.6178749668031746 0.5030717836559008 0.00967332752322804 0.010571942648336758
0 0.6204122330387755 0.5121636543334703 0.005233111610926713 0.013109208883937526
0 0.6240595532524515 0.5203040501726897 0.0074532195670773405 0.015857913972505175
0 0.6305612979811787 0.5148066399955544 0.009990485802678037 0.009937626089436477
0 0.6341293286249923 0.5076177189946856 0.005074532471201607 0.012052014619103914
0 0.6295305335729657 0.5052918916120516 0.006026007309551956 0.009937626089436477
0 0.6401553359345442 0.5182953810695055 0.007294640427352377 0.012686331178004053
0 0.6292133752935157 0.5236870718201573 0.006026007309551957 0.012052014619103773
0 0.6303234292715911 0.5369020001305781 0.009514748383502934 0.0202981298848065
0 0.6396003089455066 0.5286558848648755 0.00999048580267818 0.014800719707671418
0 0.6466570806632713 0.5450423959697974 0.013637806016354332 0.016703669384371976
0 0.6524452192632356 0.5192468559078558 0.00935616924377797 0.00866899297163613
0 0.6498286634577722 0.5287616042913589 0.010783381501303495 0.014166403148771139
0 0.6504629800166726 0.5242156689525741 0.009197590104052864 0.010571942648336616
0 0.664576523452202 0.5441966405579304 0.008880431824602795 0.017972302502172327
0 0.6560925394769117 0.5403907412045292 0.0071360612876272 0.015435036266571486
0 0.6629114424850888 0.5297130791297091 0.010307644082128462 0.01522359741360482
0 0.6591055431316878 0.5199868918932394 0.00301300365477573 0.004228777059334661
0 0.6627528633453639 0.5203040501726894 0.0058674281698269225 0.013743525442837665
0 0.6688581602247783 0.5233699135407072 0.007294640427352164 0.01522359741360482
0 0.6556168020577365 0.5510684032793491 0.01062480236157839 0.01945237447293948
0 0.6566475664659496 0.4948256683901981 0.006660323868452167 0.014800719707671349
0 0.6621185467864638 0.49873728717008264 0.010941960641028458 0.013743525442837594
0 0.6691753185042285 0.5003230785673332 0.006660323868452025 0.011840575766137037
0 0.6768664067808934 0.5065605247298518 0.013796385156079368 0.01332064773690412
0 0.6795622521562191 0.5014859922586502 0.009039010964327758 0.013320647736904192
0 0.676945696350756 0.5293959208502591 0.005074532471201536 0.017126547090305522
0 0.6847953637671458 0.5251671437909243 0.011259118920478529 0.01712654709030545
0 0.6938343747314739 0.5319331870858546 0.008087536125977169 0.015435036266571474
0 0.6903456336575227 0.539756424645629 0.009356169243777827 0.017126547090305307
0 0.6820202288219575 0.5413422160428795 0.008246115265702656 0.017337985943272044
0 0.6812273331233323 0.551279842132316 0.008563273545152583 0.00930330953053634
0 0.690107764947935 0.5519141586912162 0.007928956986252587 0.019029496767006007
0 0.6909006606465604 0.5049747333326013 0.010466223221853284 0.014800719707671278
0 0.7020012004273138 0.5371134389835448 0.006343165589001955 0.018183741355139133
0 0.7078686285971406 0.5426108491606798 0.009197590104052864 0.01860661906107268
0 0.712150265369717 0.548954014749682 0.010783381501303495 0.0202981298848065
0 0.7149254003149054 0.5337304173360771 0.004598795052026361 0.016492230531405312
0 0.72103069719432 0.5408136189104628 0.009514748383503075 0.022201079561507058
0 0.7020012004273138 0.5036003807883175 0.009197590104052864 0.016703669384371834
0 0.7085822347259034 0.5076177189946854 0.005550269890376711 0.013743525442837736
0 0.714846110745043 0.5107893017891864 0.007928956986252587 0.014589280854704683
0 0.6627528633453639 0.5071948412887519 0.016650809671130275 0.01036050379536995
0 0.730545445577823 0.5074062801417187 0.009831906662953003 0.012897770030970718
0 0.7294353915997474 0.5123750931864369 0.009197590104052864 0.015646475119538438
0 0.7268981253641468 0.5338361367625604 0.006343165589001955 0.017972302502172396
0 0.7326069743942486 0.537747755542445 0.010149064942403214 0.0207210075907399
0 0.7383158234243504 0.5420822520282631 0.006660323868452025 0.019240935619972817
0 0.7422803019174766 0.5507512449998991 0.009831906662953145 0.018818057914039343
0 0.7445004098736274 0.5118464960540201 0.010149064942403356 0.013743525442837736
0 0.7497335214845541 0.5145952011425876 0.008563273545152725 0.016703669384371976
0 0.7636377922398124 0.5164981508192884 0.009673327523228182 0.016280791678438433
0 0.7474627199878574 0.5317217482328931 0.01062480236157839 0.014589280854704683
0 0.7550745186946598 0.533413259056627 0.005550269890376569 0.014166403148770997
0 0.7503171445029082 0.544936676543314 0.011893435479378808 0.013109208883937526
0 0.7621312904124246 0.5381706332483784 0.008246115265702656 0.01902949676700608
0 0.7591182867576487 0.5585744825596684 0.01363780601635412 0.0188180579140392
0 0.767205822883626 0.5450423959697974 0.007928956986252445 0.015435036266571629
0 0.7687123247110139 0.5534999500884668 0.0071360612876272 0.014589280854704612
0 0.7752933590096037 0.5154409565544547 0.009831906662953003 0.0116291369131703
0 0.77925783750273 0.5203040501726894 0.012369172898553984 0.01289777003097079
0 0.7911512729821086 0.5601602739569188 0.010783381501303495 0.019875252178873027
0 0.7875832423382951 0.5482139787642984 0.011893435479378808 0.01712654709030538
0 0.7786235209438297 0.548108259337815 0.008880431824602937 0.006343165589002026
0 0.7860767405109069 0.530241676262126 0.005708849030101959 0.016280791678438433
0 0.7760862547082289 0.5360562447187112 0.009831906662953145 0.014800719707671418
0 0.7930542226588093 0.5216784027169733 0.006026007309551887 0.013954964295804331
0 0.8066920286751637 0.5582573242802182 0.01363780601635426 0.019875252178872954
0 0.8008246005053369 0.5515970004117662 0.008563273545152725 0.01712654709030545
0 0.8062955808258511 0.545782431955181 0.004598795052026361 0.015223597413604892
0 0.799476677817674 0.5382763526748618 0.007453219567077412 0.01754942479623878
0 0.8039168937299752 0.5327789424977268 0.005233111610926642 0.013320647736904192
0 0.8056612642669507 0.5145952011425876 0.007136061287627342 0.015435036266571486
0 0.7976530177108357 0.5186125393489556 0.011417698060203634 0.013743525442837594
0 0.8108150863080149 0.5241099495260907 0.007928956986252445 0.01289777003097079
0 0.815810329209354 0.5388049498072788 0.00872185268487783 0.014377842001737876
0 0.8181097267353672 0.5502226478674823 0.008880431824602795 0.018606619061072537
0 0.81882333286413 0.5267529351881748 0.008404694405427762 0.014377842001737876
0 0.828179502107908 0.5224184387023568 0.012527752038278947 0.013320647736904263
0 0.8389628836092113 0.5180839422165389 0.010624802361578247 0.013532086589870929
0 0.8229463904969814 0.5456767125286975 0.00808753612597755 0.017972302502172396
0 0.8306374787736462 0.5412364966163962 0.006977482147902237 0.017126547090305238
0 0.8303996100640586 0.5641776121632868 0.017602284509480627 0.014800719707671418
0 0.8342847989873223 0.5530770723825333 0.009514748383502934 0.01839518020810587
0 0.8434030995215127 0.5396507052191457 0.00618458644927685 0.01902949676700608
0 0.8534728748940534 0.5373248778365116 0.010466223221853426 0.019875252178873027
0 0.8537900331735034 0.545782431955181 0.008563273545152725 0.01776086364920559
0 0.8458610761872509 0.5521255975441829 0.008246115265702514 0.016915108237338786
0 0.8537107436036411 0.5558257774711007 0.020773867303981605 0.019663813325906148
0 0.8733745569295474 0.549799770161549 0.019188075906730974 0.019029496767006007
0 0.8673485496199953 0.566503439545921 0.025214083216283142 0.02198964070854025
0 0.8800348807979994 0.5649176481486704 0.02394545009848258 0.015857913972505033
0 0.8883602856335645 0.5592087991185687 0.021883921282056917 0.015012158560638084
0 0.8850301236993385 0.5810927204006255 0.029178561709409367 0.018183741355139133
0 0.9143672645484727 0.5599488351039521 0.02315255439985748 0.0202981298848065
0 0.9170631099237986 0.5652348064281205 0.024104029238207546 0.02198964070854025
0 0.9251506460497723 0.5768639433412914 0.026324137194358284 0.021143885296672316
0 0.9297494411018028 0.5493768924556155 0.011417698060203492 0.01606935282547184
0 0.9262607000278514 0.5594202379715354 0.022201079561507128 0.011629136913170371
0 0.9479860421701833 0.5592087991185686 0.021883921282056917 0.016280791678438575
0 0.9542499181893228 0.5676663532372379 0.02235965870123209 0.02093244644370657
0 0.9685220407645775 0.5612174682217526 0.00872185268487769 0.015646475119538296
0 0.9676498554960898 0.5574115688683513 0.022518237840957342 0.014377842001737733
0 0.979464001405606 0.5612174682217526 0.023945450098482722 0.01649223053140524
0 0.9796225805453311 0.5703093388993221 0.025848399775183283 0.020298129884806285
0 0.9721693609782537 0.5803526844152419 0.02679987461353349 0.021355324149640042
0 0.9932603865616855 0.5551914609122006 0.013162068597179229 0.019240935619972744
0 0.9580558175427243 0.535739086439261 0.013162068597179086 0.01966381332590629
0 0.8939747735226728 0.513233032718521 0.008911885538267227 0.012406742612097475
0 0.930015487096548 0.503534804338642 0.010222456940953606 0.01397942829532127
0 0.9596344007972598 0.5231060039520916 0.011008799782565432 0.010135085514107871
0 0.9672357149328409 0.5247660610621611 0.005766514171819921 0.012406742612097545
0 0.9737230433761382 0.5286104038433744 0.014809456850355928 0.01380468544162973
0 0.9818485860727938 0.5323673751977419 0.009829285520147692 0.017124799661768577
0 0.9899741287694493 0.5263387467453847 0.007470256995312354 0.014853142563778832
0 0.9969856857738213 0.48343937616411764 0.0060286284523573385 0.013280456880555179
0 0.9780479290050033 0.4859731475426446 0.009829285520147835 0.010659314075182422
0 0.9834868003261517 0.48195406190773965 0.006814971293969023 0.008911885538267298
0 0.9751646719190933 0.4619460051600612 0.009567171239610418 0.016076342539619405
0 0.9513122723902014 0.4608101766110664 0.006159685592625977 0.013105714026863637
0 0.9566856151412156 0.4781970905533721 0.007994485556386764 0.010484571221490881
0 0.9595688722271256 0.48544891898157005 0.008518714117461315 0.010659314075182422
0 0.9293602013952048 0.48160457620035674 0.012319371185251954 0.013804685441629659
0 0.9220865301102955 0.48160457620035674 0.013498885447669693 0.0050675427570539
0 0.91684424449955 0.4774107477117603 0.011664085483908621 0.008911885538267298
0 0.9081944732418199 0.48256566189566 0.008256599836924039 0.011882514051023065
0 0.9042627590337611 0.4730421763694725 0.009042942678536009 0.00926137124565031
0 0.9207104301374747 0.46858623360033874 0.006814971293969023 0.00873714268457583
0 0.9305397156576225 0.4619460051600612 0.00996034266041633 0.00943611409934185
0 0.9208414872777436 0.45513103386609216 0.008125542696655401 0.01362994258793826
0 0.9117330160290732 0.46028594804999173 0.00642179987316311 0.011358285489948444
0 0.9072770732599396 0.45705320525669874 0.007994485556386906 0.0101350855141078
0 0.8989549448528811 0.4571405766835444 0.009173999818804504 0.008911885538267298
0 0.8950887592149565 0.45373309103656 0.00537334275101415 0.008737142684575901
0 0.846204445894755 0.4496266339748094 0.011401971203371204 0.011707771197331454
0 0.8661251312155878 0.4564416052687785 0.006421799873163252 0.008212914123501136
0 0.8718261168172734 0.45783954809831057 0.006814971293969165 0.009960342660416401
0 0.8817209309075554 0.4576648052446191 0.008780828397998732 0.008911885538267298
0 0.8731366882199597 0.46762514790503545 0.007077085574506299 0.009960342660416401
0 0.8804758880750034 0.4651787479533543 0.008125542696655686 0.007513942708735257
0 0.8842765451427939 0.4702462907104083 0.009698228379879197 0.010309828367799413
0 0.8773960452786903 0.476100176309074 0.006946028434237661 0.012581485465789086
0 0.8799516595139287 0.4830025190298889 0.012581485465788944 0.00961085695303332
0 0.8405689888632035 0.4724305763815522 0.006683914153700527 0.01467839971008722
0 0.8244489606101613 0.4575774338177734 0.010353514081222386 0.012231999758406005
0 0.8334919032886973 0.4574026909640818 0.002490085665104118 0.008038171269809666
0 0.8323779175964138 0.4592374909278428 0.007339199855043717 0.015202628271161985
0 0.8253663605920417 0.4784592048339094 0.005897571312088559 0.015552113978544852
0 0.8220244035151916 0.48789531893325133 0.012319371185251811 0.01450365685639575
0 0.814881789370551 0.44386011980298934 0.006683914153700386 0.008911885538267298
0 0.8123917037054469 0.44665600546205364 0.007994485556387048 0.010659314075182494
0 0.8194687892799533 0.4693725764419506 0.009829285520147692 0.012756228319480699
0 0.8083289323571191 0.4740906334916215 0.011664085483908621 0.013455199734246647
0 0.8082634037869849 0.48160457620035674 0.012581485465789086 0.013455199734246647
0 0.81016373232088 0.46491663367281705 0.011401971203371346 0.011183542636256974
0 0.8085255180675222 0.45521840529293783 0.00760131413558085 0.011358285489948444
0 0.8036108753074481 0.46255760514798155 0.008256599836924181 0.011707771197331596
0 0.8044627467191944 0.4460444054741333 0.006814971293969023 0.008737142684575759
0 0.7997446896695233 0.44473383407144695 0.005504399891282787 0.008562399830884289
0 0.7933884183664945 0.4411516055707709 0.003800657067790496 0.006640228440277625
0 0.7935850040768975 0.445782291193596 0.005766514171820063 0.011358285489948444
0 0.795550861180927 0.459150119500997 0.005766514171820063 0.012231999758406076
0 0.7960095611718673 0.47015891928356246 0.01009139980068511 0.01502788541747037
0 0.7786444900862728 0.4665766907828863 0.011533028343639984 0.011358285489948444
0 0.7800861186292277 0.46290709085536447 0.008387656977192676 0.008562399830884289
0 0.7799550614889591 0.4497140054016552 0.00996034266041633 0.010135085514108013
0 0.783624661416481 0.4448212054982927 0.008911885538267227 0.009785599806724719
0 0.776809690122512 0.44386011980298934 0.00471805704967096 0.008911885538267298
0 0.7717639902221695 0.44543280548621295 0.005111228470476732 0.008562399830884146
0 0.7672425188829015 0.4439474912298351 0.00471805704967096 0.009086628391958769
0 0.7612138904305442 0.4434232626687606 0.005504399891282787 0.008387656977192747
0 0.7555784333989929 0.43879257704593544 0.0028832570859100314 0.007863428416118196
0 0.7673735760231701 0.4499761196821925 0.008387656977192676 0.009261371245650239
0 0.76691487603223 0.4629944622822103 0.006946028434237803 0.011882514051022995
0 0.7578719333536941 0.4535583481828685 0.009305056959073141 0.011183542636256974
0 0.7520398906117396 0.44054000558285056 0.0036695999275218583 0.006814971293969165
0 0.7485668763946208 0.4564416052687784 0.005635457031551283 0.010659314075182422
0 0.7388031194446074 0.4663145765023491 0.012057256904714535 0.010834056928873893
0 0.739327348005682 0.45163617679226176 0.010222456940953606 0.01328045688055525
0 0.7449628050372331 0.4475297197305112 0.007077085574506299 0.009960342660416401
0 0.750663790638919 0.44324851981506896 0.00642179987316311 0.008387656977192747
0 0.7431935336436066 0.43433663427680175 0.007470256995312213 0.005941257025511532
0 0.736640676630175 0.4409768627170793 0.004849114189939599 0.009785599806724932
0 0.7329055481325187 0.4397536627412387 0.002621142805372756 0.009436114099341779
0 0.7415553193902485 0.4791581762486754 0.015202628271161842 0.009610856953033391
0 0.7307431053180861 0.4775854905654518 0.005635457031551283 0.008911885538267298
0 0.7202585340965953 0.47505171918692485 0.005373342751014292 0.011183542636256903
0 0.7281874910828477 0.46736303362449816 0.006028628452357196 0.010834056928874035
0 0.7334297766935933 0.4487529197063517 0.005242285610745369 0.006465485586586155
0 0.728842776784191 0.44953926254796356 0.006814971293969023 0.013280456880555179
0 0.7295635910556685 0.44359800552245204 0.0030143142261786693 0.006640228440277625
0 0.7240591911643857 0.44167583413184547 0.0035385427872532205 0.00873714268457583
0 0.7195377198251177 0.45382046246340574 0.004980171330208094 0.011707771197331596
0 0.7231417911825053 0.4526846339144109 0.0061596855926258345 0.00943611409934185
0 0.7150817770559841 0.44910240541373475 0.009960342660416472 0.012756228319480699
0 0.7137712056532977 0.4445590912177555 0.005766514171819921 0.008212914123501279
0 0.7295635910556684 0.4345113771304932 0.006946028434237661 0.0052422856107454405
0 0.7228141483318337 0.43416189142311024 0.006290742732894614 0.005941257025511462
0 0.7190790198341774 0.43739463421640323 0.003800657067790496 0.008212914123501208
0 0.6964061345677035 0.46255760514798155 0.007994485556386764 0.008562399830884217
0 0.6997480916445536 0.4660524622218118 0.009698228379879055 0.010659314075182422
0 0.713836734223432 0.43285132002042387 0.006683914153700527 0.005417028464436982
0 0.7077425772009405 0.433899777142573 0.007339199855043432 0.004019085634904869
0 0.700272320205628 0.4295312058002851 0.008649771257730095 0.005766514171819992
0 0.6764854492468706 0.42594897729960907 0.004849114189939599 0.006989714147660635
0 0.6789100063418405 0.42935646294659363 0.003931714208059276 0.007863428416118196
0 0.6592514353015448 0.43407451999626445 0.007601314135580992 0.007513942708735115
0 0.6519122354465012 0.4347734914110306 0.0034074856469845827 0.007863428416118196
0 0.6484392212293824 0.4327639485935781 0.0040627713483276295 0.006290742732894543
0 0.6745195921428411 0.43617143424056265 0.007470256995312213 0.008911885538267298
0 0.7040074487032842 0.4355598342526424 0.006683914153700527 0.004892799903362431
0 0.697978820250927 0.4357345771063339 0.004849114189939456 0.004892799903362431
0 0.6933918203415246 0.4352977199721051 0.0038006570677906384 0.007164457001352105
0 0.707087291499597 0.4448212054982926 0.005242285610745369 0.009086628391958769
0 0.7026968773005978 0.44062737700969634 0.006421799873163394 0.007339199855043574
0 0.6841522919525858 0.4721684621010148 0.010746685502028158 0.008911885538267298
0 0.6936539346220618 0.45146143393857024 0.00878082839799859 0.010135085514107942
0 0.6914259632374951 0.44665600546205364 0.007208142714774937 0.01030982836779927
0 0.6859870919163469 0.43870520561908966 0.003145371366447307 0.007339199855043717
0 0.6894601061334658 0.4381809770580151 0.003800657067790354 0.005941257025511532
0 0.6796308206133179 0.4401031484486218 0.007994485556386764 0.008038171269809737
0 0.6799584634639896 0.448316062572123 0.008911885538267803 0.006640228440277641
0 0.6637729066408129 0.46526611938019996 0.005635457031551141 0.00943611409934185
0 0.670194706513976 0.46351869084328484 0.007208142714775078 0.007688685562426656
0 0.6728158493193487 0.45058771967011274 0.006946028434237519 0.010484571221490881
0 0.6704568207945133 0.4460444054741333 0.004849114189939456 0.00559177131812838
0 0.6623312780978579 0.4441222340835266 0.007208142714775078 0.006989714147660564
0 0.6508768840383792 0.44831606257212314 0.007784794131956972 0.011725245482700757
