0 0.03166239318886281 0.5195628357916904 0.004020621357315917 0.0016961996351175658
0 0.04171394658215259 0.5146627035124616 0.0045231990269804 0.0016961996351177078
0 0.04359861284339443 0.5112703042422262 0.003769332522483673 0.0016961996351176367
0 0.031788037606278935 0.515133870077772 0.003769332522483668 0.0011307997567451622
0 0.12112121838914186 0.5181493360957589 0.005025776696644897 0.003015466017986981
0 0.12941374993860594 0.5155108033300204 0.0045231990269804 0.002638532765738546
0 0.12878552785152533 0.5177724028435106 0.0032667548528191935 0.0015077330089933838
0 0.13921401449706353 0.5219186686182425 0.003518043687651376 0.001884666261241907
0 0.16836351933760382 0.5134376704426543 0.0030154660179869453 0.003015466017986981
0 0.15290925599542077 0.5205994022353734 0.0022615995134902 0.003769332522483566
0 0.18256133850562567 0.5113645375552883 0.004271910192148169 0.002638532765738546
0 0.18205876083596118 0.5178666361565727 0.0032667548528191757 0.0020731328873660002
0 0.19261289189891534 0.516076203208393 0.003769332522483673 0.0033923992702352716
0 0.18017409457471933 0.5211648021137458 0.003518043687651442 0.0018846662612418187
0 0.19738737976072807 0.5193743691655662 0.005277065531477127 0.0024500661396144353
0 0.19550271349948622 0.5188089692871936 0.004020621357315939 0.0020731328873659295
0 0.8418136784731018 0.5383152650910467 0.006282220870806015 0.0022615995134902533
0 0.838672568037699 0.5312477666113898 0.006533509705638494 0.0028269993918627278
0 0.8463368775000824 0.5238033348794846 0.006784798540470831 0.0030154660179869098
0 0.8267363483831673 0.5320958664289486 0.007287376210134937 0.0030154660179869098
0 0.7946970219420564 0.5238975681925466 0.006030932035973962 0.002826999391862799
0 0.7953252440291368 0.5275726674019681 0.007789953879799611 0.004146265774732143
0 0.7362723678435594 0.5348286325077493 0.006784798540470547 0.0035808658963595264
0 0.7694424940414157 0.5262534010190989 0.00477448786181256 0.0022615995134901822
0 0.7761016481644702 0.5256880011407263 0.008041242714631807 0.002261599513490111
0 0.7725836044768186 0.5242745014447948 0.007538665044967416 0.002450066139614364
0 0.7459469879846007 0.5250283679492916 0.0045231990269803644 0.001319266382869273
0 0.7337594794952369 0.5249341346362296 0.005277065531477376 0.0033923992702352733
0 0.7042330414024482 0.5275726674019681 0.005025776696644755 0.001507733008993597
0 0.5946711094155895 0.5348286325077491 0.0065335097056384225 0.0016961996351177078
0 0.6822452683546268 0.5351113324469354 0.009297686888793066 0.00414626577473193
0 0.5070076494856616 0.5297887432337913 0.00547511360641252 0.0019823687195631833
0 0.5154091169161912 0.5288683577568513 0.005286316585501751 0.0021239664852463138
0 0.5885679625191174 0.5307799275935728 0.00547511360641252 0.0019823687195632544
0 0.5796001040258554 0.5333994862587097 0.007929474878252662 0.0029735530793445473
0 0.557133258537473 0.5367270337522624 0.007174286794609586 0.001982368719563112
0 0.6485110166582893 0.5325498996646115 0.005663910627323219 0.002407162016612432
0 0.6182090948021094 0.5390633968860332 0.005852707648234201 0.002690357547978479
0 0.6121675901329645 0.5382846091747763 0.006985489773698887 0.0028319553136616805
0 0.5972526254810131 0.5399129834801317 0.006985489773698745 0.002407162016612361
0 0.6121675901329645 0.5310631231249391 0.005097519564590911 0.0016991731881970651
0 0.6040493182338011 0.5302843354136821 0.00547511360641252 0.0015575754225138638
0 0.6403927447591257 0.5317003130705129 0.004908722543680142 0.0018407709538801242
0 0.6222682307516911 0.5321959052504037 0.004531128501858603 0.0019823687195631833
0 0.611789996091143 0.5355234527439562 0.005097519564591053 0.0029735530793446683
0 0.6161323275720909 0.5323375030160868 0.004719925522769373 0.00311515084502787
0 0.5643075453320825 0.5340366762042837 0.0033983463763941303 0.0022655642509293726
0 0.5125771616025294 0.5430989332080012 0.004531128501858603 0.0028319553136616805
0 0.503703701619723 0.5473468661784936 0.0049087225436800705 0.00311515084502787
0 0.4990781746074089 0.5355942516267977 0.003587143397304686 0.0019823687195631833
0 0.49247027887553174 0.5376474192292023 0.006230301690055669 0.0021239664852462426
0 0.4614131689357089 0.5374350225806778 0.009062257003717348 0.0036815419077600355
0 0.4256361334731166 0.5410457656055965 0.006607895731877278 0.00269035754797855
0 0.4163850794484885 0.5426741399109518 0.004719925522769444 0.0025487597822954912
0 0.41666827497985465 0.5399837823629733 0.006796692752787976 0.003398346376393988
0 0.39929894905606317 0.5444441119819904 0.009817445087360354 0.0038231396734431655
0 0.3941070309810168 0.5391341957688748 0.006607895731877278 0.005380715095957171
0 0.3487013474519749 0.5480548550069089 0.005663910627323361 0.0039647374391262955
0 0.4023197013906356 0.5303551342965237 0.00566391062732329 0.0019823687195631833
0 0.4215769975235349 0.5283019666941189 0.004908722543680142 0.0012743798911477456
0 0.4180842526366855 0.5273107823343374 0.0035871433973047573 0.0021239664852462426
0 0.3960893997005799 0.5253284136147742 0.0037759404182154555 0.002407162016612432
0 0.3849503754668441 0.5246204247863588 0.0037759404182155266 0.0021239664852462426
0 0.37428334378538525 0.5256116091461404 0.006230301690055669 0.002407162016612503
0 0.35993477019616615 0.5261072013260312 0.00547511360641252 0.0014159776568308758
0 0.35172209978654734 0.5273107823343374 0.004908722543680213 0.002407162016612361
0 0.34747416681605486 0.5274523801000204 0.0028319553136616805 0.002407162016612503
0 0.34218785023055304 0.5298595421166329 0.005852707648233988 0.0021239664852463138
0 0.33850630832279294 0.5253992124976158 0.0026431582927509112 0.0036815419077601773
0 0.3444534144814824 0.5237000393094188 0.0032095493554831476 0.002265564250929231
0 0.3296328483399864 0.5254700113804573 0.0037759404182155978 0.0015575754225137927
0 0.31906021516898286 0.5249036203177249 0.0030207523345724494 0.00269035754797855
0 0.3235913436708415 0.5283019666941189 0.0030207523345724494 0.0021239664852462426
0 0.3205705913362691 0.5314171175391468 0.005663910627323254 0.0021239664852462426
0 0.34804055787878707 0.5389217991203502 0.006607895731877207 0.0029735530793447394
0 0.34936213702516256 0.5381430114090933 0.002454361271840142 0.001982368719563112
0 0.39882695650378625 0.5353110560954315 0.0039647374391262955 0.0022655642509293726
0 0.39287985034509676 0.53431987173565 0.00566391062732329 0.002265564250929231
0 0.42157699752353495 0.5325498996646114 0.005286316585501751 0.0021239664852463138
0 0.44206147429235415 0.5297887432337913 0.005475113606412591 0.003115150845027941
0 0.4703810274289708 0.5311339220077806 0.004342331480947905 0.0015575754225140058
0 0.46877625275122914 0.5287975588740097 0.004531128501858745 0.0028319553136616094
0 0.4617907629775304 0.530921525359256 0.004908722543680213 0.0016991731881970651
0 0.3626723269993724 0.5450813019275642 0.0064190987109664375 0.0033983463763941303
0 0.36304992104119393 0.5486920449524829 0.0026431582927509112 0.0032567486107109287
0 0.36937462124170495 0.5467804751157612 0.007363083815520355 0.0028319553136616805
0 0.3445478129919377 0.5452936985760889 0.007551880836431124 0.0029735530793448105
0 0.3301048408922632 0.5453644974589303 0.006230301690055669 0.0028319553136616805
0 0.3209481853780906 0.5486920449524828 0.006419098710966366 0.003256748610710858
0 0.30386205498566526 0.5481964527725921 0.006607895731877172 0.0031151508450277987
0 0.3243465317544846 0.5403377767771809 0.004908722543680213 0.0029735530793448105
0 0.31452908666712415 0.5365146371037377 0.0037759404182155978 0.002407162016612432
0 0.29942532499426194 0.5406917711913887 0.009062257003717277 0.004247932970492556
0 0.30282367137065597 0.5314879164219883 0.007174286794609621 0.003964737439126438
0 0.2492997159424506 0.5411873633712796 0.0058527076482341655 0.00269035754797855
0 0.2804512243927289 0.5304259331793653 0.0032095493554832187 0.0021239664852462426
0 0.2787520512045319 0.5349570616812238 0.0050975195645909825 0.0038231396734431655
0 0.27507050929677174 0.5300719387651575 0.0037759404182155978 0.0022655642509293726
0 0.28262239013320284 0.5238416370751018 0.0030207523345724143 0.0028319553136616094
0 0.27072817781582387 0.5234876426608942 0.00453112850185871 0.0018407709538799822
0 0.14801686439404935 0.5183193242134615 0.005286316585501769 0.0019823687195631833
0 0.4817892296920033 0.5292386359141125 0.005025776696644897 0.0023986661506715024
0 0.48784300616750753 0.5273539696528706 0.006167998673154997 0.0013706663718121349
0 0.5897292064722176 0.5226423039997661 0.0061679986731552104 0.0018846662612418187
0 0.5111443344883156 0.5227279706480044 0.0034266659295304437 0.002741332743624554
0 0.5160558889873095 0.5243556369645315 0.002741332743624554 0.001541999668288767
0 0.5049763358151605 0.5254693033916289 0.0052542210919467895 0.0017133329647653283
0 0.48818567276046054 0.5211859709797156 0.0027413327436244116 0.0017133329647653283
0 0.6956131836947134 0.5337789682707407 0.005939554277853176 0.002912666040100973
0 0.7033802931349828 0.5348069680495997 0.004568887906040828 0.00222733285419487
0 0.8493409212983045 0.5270969697081559 0.004340443510738794 0.0018846662612418187
0 0.801938709273131 0.53429296816017 0.0059395542778530345 0.0032553326330541665
0 0.7472262765982923 0.5330936350848345 0.006624887463759137 0.002227332854194941
0 0.8745840269791799 0.5227279706480044 0.0031982215342286225 0.0013706663718122058
0 0.9027969097989819 0.5220426374620982 0.003883554720134583 0.0010279997788591544
0 0.8886333572902555 0.523584637130387 0.003883554720134583 0.0013706663718121349
0 0.8912604678362288 0.5252979700951523 0.003655110324832549 0.0017133329647653283
0 0.9344364585483146 0.5229849705927191 0.006853331859061171 0.002912666040100973
0 0.9626493413681164 0.5237559704268635 0.005254221091946931 0.0017133329647652574
