0 0.03016975931164678 0.4253259105176768 0.06033951862329356 0.06296297595474115
0 0.016790126921264296 0.512774488232595 0.031481487977370555 0.0657613304416185
0 0.09155866086751936 0.512774488232595 0.09601853833098019 0.07135803941537319
0 0.054567912494108965 0.49563456700047115 0.056666678359266996 0.07765433701084745
0 0.10651236765677036 0.47569629128146973 0.05561729542668797 0.04757202627691555
0 0.16081793441773448 0.4994823044199272 0.06243828448845145 0.05037038076379265
0 0.19938275719001333 0.4732477311054521 0.05456791249410892 0.041275728681441796
0 0.43680564568601565 0.4225275560307994 0.09182100660066549 0.07975310287600527
0 0.6170371643564625 0.3885975078774122 0.09654322979727013 0.056666678359268106
0 0.7596913084394048 0.35291848816972454 0.08395063460632145 0.045473260411757505
0 0.7854011902875908 0.32073741157063457 0.09129631513437463 0.0650617418198991
0 0.43806113250634454 0.7022416575741566 0.11661287776560031 0.07436183509690313
0 0.707622784732624 0.6515404063717213 0.12168300288584508 0.09238894663555058
0 0.9477623472459759 0.6398125411945934 0.10140250240487016 0.06965020367203213
