0 0.14245941152161026 0.6016390448813216 0.030835862114351326 0.03584668970793351
0 0.19064044607528424 0.5767776310516242 0.02235600003290468 0.054348206976542614
0 0.20972013575853907 0.5892083379664735 0.02197055175647539 0.019079689683254904
0 0.22301810129535288 0.6322821828574564 0.0377739310900802 0.027752275902915794
0 0.250770377198269 0.600771786259354 0.018501517268610664 0.03179948280542318
0 0.3118639290123278 0.6027953897106098 0.02042875865075768 0.04278475868366243
0 0.31822382557341283 0.7311496657615971 0.024668689691481 0.03353400004935708
0 0.3820155153224768 0.7458930623350217 0.021970551756475314 0.03642486212257796
0 0.4301965498761511 0.7091791140051218 0.02967951728506323 0.03584668970793319
0 0.47664306718589294 0.7539874761400385 0.0223560000329046 0.03873755178115359
0 0.4907119292755658 0.6828722691388158 0.02274144830933371 0.04220658626901808
0 0.560092619032856 0.743580372676446 0.0219705517564753 0.04105024143973027
0 0.5541181707482005 0.6562763380651887 0.03854482764293886 0.03873755178115544
0 0.546794653496042 0.5863174758932549 0.03160675866721011 0.032955827634712956
0 0.576666894919319 0.5831375276127112 0.022741448309333515 0.034690344878645994
0 0.6329423432780108 0.6345948725160355 0.027366827626486453 0.04278475868366085
0 0.6396876881155253 0.5894974241737962 0.02389779313862235 0.03237765522006973
0 0.7945560686631358 0.7615037175304112 0.0231268965857657 0.04105024143972998
0 0.7914724824516999 0.7091791140051218 0.026210482797199525 0.04625379317152698
0 0.8905326894940534 0.7192971312613925 0.020043310374327113 0.03526851729328782
0 0.8647076549732847 0.7077336829685111 0.024668689691480495 0.035268517293289045
0 0.8383044480378704 0.6802704932729172 0.02967951728506322 0.03469034487864489
0 0.8525660342657582 0.6588781139310863 0.012719793122169388 0.025439586244339688
0 0.922139448161263 0.653674562199289 0.020043310374328174 0.033534000049356354
0 0.8812819308597483 0.5990372690154232 0.03700303453722317 0.035268517293289246
0 0.9286920688605634 0.5883410793445075 0.032377655220070224 0.030064965561492196
0 0.9743676896174464 0.544978148246201 0.021970551756473694 0.03237765522006881
0 0.027771548316737657 0.12846991053391618 0.015687744850676238 0.035615420742075764
0 0.1002743691131062 0.12942389501807872 0.014839758642531557 0.03243547246153326
0 0.1871929554479339 0.12592595190948205 0.014839758642531559 0.03561542074207572
0 0.7519517700722784 0.16058738816739523 0.02247163451583347 0.031163493149316306
0 0.7686994976831356 0.14595962607689983 0.010175834497735852 0.029891513837099305
0 0.8000749873844881 0.12338199328504823 0.03561542074207566 0.035615420742075764
0 0.8089788425700067 0.13323983295472977 0.03307146211764181 0.041339327647052074
0 0.8414143150315403 0.1351478019230554 0.01907968968325477 0.024803596588231364
0 0.8717298219727119 0.12751592604975345 0.013567779330314665 0.03370745177375028
0 0.9029055791674364 0.1326038432986214 0.018655696579182434 0.02989151383709933
0 0.9298291412760291 0.1383277502035979 0.028407537972846054 0.020987658651580355
0 0.9768923758280575 0.13991772434386923 0.03773538626243687 0.02289562761990584
