0 0.015801889958092265 0.41673727858088994 0.01487236701938096 0.008675547427972177
0 0.02742092669198364 0.41301918682604466 0.013942844080669654 0.011154275264535727
0 0.10735989942115626 0.4185963244583125 0.019519981712937503 0.009914911346253987
0 0.12083798203247026 0.42975059972284824 0.0185904587742262 0.012393639182817466
0 0.16545508309061316 0.41425855074432666 0.013013321141958354 0.013633003101099429
0 0.2068188538632664 0.40682236723463594 0.01766093583551484 0.018590458774226163
0 0.24201629452359566 0.4052530133532125 0.015210375360730515 0.018027111538643514
0 0.23229855470979552 0.4227167776562732 0.017745437920852255 0.012393639182817466
0 0.5065078216296319 0.3855358601078208 0.028730709014713227 0.01014025024048692
0 0.5377735932044669 0.38328247116549036 0.021970542187721945 0.014647028125147869
0 0.6256557619553544 0.3793390405164121 0.013520333653982704 0.01126694471165223
0 0.6581890648102504 0.38046573498757724 0.010985271093860972 0.013520333653982633
0 0.754521442094877 0.3556784566219423 0.016055396214104577 0.013520333653982633
0 0.7752244530025381 0.35229837320844665 0.027040667307965408 0.018027111538643652
0 0.8580364966331819 0.3630019706845164 0.021970542187721664 0.012393639182817466
0 0.8191655373779816 0.36807209580475986 0.016900417067478343 0.009013555769321826
0 0.8136729018310512 0.3607485817421859 0.010985271093861115 0.007886861298156588
0 0.7562114838016244 0.3720155264538381 0.021125521334347884 0.01239363918281751
0 0.8394460378589557 0.3580364966331817 0.021970542187721806 0.014647028125147869
0 0.8825421013810255 0.42507481766751254 0.03380083413495669 0.033800834134956756
0 0.865641684313547 0.42845490108100814 0.027040667307965408 0.024787278365634925
0 0.794659932630138 0.4346517206724168 0.02535062560121745 0.02366058389446969
0 0.7697318174556074 0.4391584985570778 0.026195646454591496 0.021407194952139223
0 0.6137045825874404 0.38134394910022423 0.015768338581202385 0.010512225720801566
0 0.6454204454155407 0.4513458158319257 0.026161107191540155 0.01767965234862089
0 0.6412991751045412 0.4317548497158832 0.006450683965034339 0.014812681697493661
0 0.6294729211686425 0.4355774772507229 0.02508599319736703 0.02054662299974849
0 0.6016991429858431 0.42841005062290405 0.031178305831013803 0.020546622999748507
0 0.5750078831635673 0.4330264262305735 0.03317156125271721 0.0339613603301619
0 0.5302855104032076 0.4369754216178019 0.02073222578294818 0.025273570478260017
0 0.543909544489145 0.45277140316671527 0.026655718863790697 0.046598145569293335
0 0.5425767585459554 0.4401346179275849 0.007996715659137194 0.01816537878124997
0 0.5810794635714308 0.45612804924585704 0.028728941442085203 0.018560278319971174
0 0.5172538256253548 0.4533637524747982 0.01717812993444359 0.03672565710122223
0 0.5249543666304494 0.46994953310115756 0.019547527166779828 0.0375154561786684
0 0.5424286712189343 0.48594296441943174 0.03613330779313835 0.023693972323369852
0 0.5773772803959043 0.487127663035601 0.02073222578294832 0.02764296771059776
0 0.5867067819982305 0.47429342802710833 0.013327859431894786 0.03593585802377558
0 0.4999276083638904 0.4521790538586288 0.01925135251273744 0.029617465404211264
0 0.48082434317817435 0.44546576170034025 0.03317156125271842 0.024088871862091223
0 0.4818609544673212 0.43776522069524726 0.024582496285495584 0.00947758892934723
0 0.4488374805416251 0.44289891469864273 0.020139876474863812 0.019744976936140708
0 0.4192200151374131 0.448822407779487 0.0260633695557064 0.015006182471467327
0 0.39700691608425415 0.46007704463308746 0.03198686263654871 0.028827666326766206
0 0.37968069882279026 0.45296885293607675 0.0316906879825067 0.023299072784646668
0 0.4045593697623282 0.43954226861950063 0.015104907356148018 0.016190881087635774
0 0.3456206136079458 0.4632362409428699 0.030505989366338238 0.027248068171874546
0 0.336143024678596 0.44901985754884693 0.03346773590676131 0.028037867249319656
0 0.29675179569099713 0.45691784832330484 0.023990146977411583 0.025668470016983563
0 0.3140780129524604 0.4640260400203155 0.02191692439911547 0.02724806817187486
0 0.32577691178712287 0.4966052519649478 0.026359544209749557 0.0292225658654879
0 0.3075621705635345 0.4879174621130467 0.01836282855061139 0.023693972323369436
0 0.3004539788665215 0.505687941355573 0.024878670939539074 0.032381762175271084
0 0.48334182773752987 0.48535061511134747 0.03820653037143412 0.028037867249321682
0 0.45920359343309897 0.47547812664327765 0.01125463685360046 0.026458269094429242
0 0.43136317595313856 0.4715291312560488 0.037318006409308234 0.02013987647486374
0 0.40796537828381263 0.4928537063470819 0.03198686263654871 0.03751545617866839
0 0.3832347946712934 0.5106241855896083 0.0251748455935807 0.03435625986888719
0 0.36324300552345273 0.5080573385879106 0.034948609176969965 0.03396136033016283
0 0.4294380407018648 0.4950256538100571 0.035244783831012025 0.03396136033016214
0 0.43032656466399216 0.5094394869734403 0.03642948244718102 0.030407264481657325
0 0.4634981259167074 0.5104267358202466 0.02695189351783368 0.02369397232336806
0 0.5178461749334375 0.5092420372040783 0.02961746540421168 0.04501854741440147
0 0.4523915763901283 0.5242482196755452 0.033171561252718036 0.03712055663994396
0 0.4688292696894672 0.534713057451701 0.041760626219939596 0.036725657101222546
0 0.41433313334571836 0.542808497995519 0.054792310997791915 0.03791035571739094
0 0.4729757148460555 0.5595917283912322 0.03583713313909763 0.031197063559093876
0 0.419071927810392 0.5848652988695 0.03287538659867515 0.04146445156589664
0 0.6728936063244874 0.4756755764126392 0.037021831755264856 0.023693972323369436
0 0.7028072463827398 0.5005542473521766 0.05419996168970755 0.04659814556929237
0 0.6283193208911486 0.4962103524262259 0.025471020247622177 0.028432766788043295
0 0.6494958086551543 0.5124012335138564 0.060123454770550804 0.05212673911141134
0 0.6979203645910457 0.5345156076823397 0.04738794464673873 0.05370633726630389
0 0.6096603176864952 0.5185221763640656 0.029617465404211812 0.04225425064334218
0 0.5764887564337773 0.5161527791317284 0.036725657101222796 0.0485726432629072
0 0.5878914806143934 0.5489294408457196 0.035244783831014745 0.027248068171871212
0 0.5366532654651096 0.546165144074663 0.050053516533116404 0.04462364787567886
0 0.5206598341468347 0.5726234131690909 0.041760626219938944 0.05726043311480694
0 0.5292488991140485 0.5961199357230965 0.05538466030587582 0.05923493080841562
0 0.6086237063973478 0.5763749587869593 0.06782399577564498 0.06397372527309762
0 0.6869619023914865 0.5919734905665096 0.05982728011650934 0.04620324603057039
0 0.7639488007284316 0.5461651440746633 0.03198686263654878 0.033566460791440135
0 0.7639488007284316 0.5769673080950435 0.05212673911141306 0.046203246030570494
0 0.857095729424678 0.5197068749802338 0.05953110546246588 0.03988485341100532
0 0.864796270429773 0.5512988380780599 0.03998357829568598 0.039095054333559615
0 0.835771154333645 0.5716361643222855 0.03879887967951788 0.041069552027174154
0 0.9204771053896912 0.5256303680610764 0.06249285200288696 0.024878670939537884
0 0.9635100934807752 0.5654560554066861 0.04436027851356741 0.030527503493207257
0 0.9809203103167452 0.48404937942479875 0.03720539488234692 0.029255524180990804
0 0.9914141396425358 0.5107609449813549 0.016217736230767082 0.02162364830768881
0 0.04507576687668966 0.4783254725198223 0.014786759504522535 0.017807710371037816
0 0.07798823158030434 0.4732375552709543 0.01764871295701078 0.021623648307688866
0 0.08889400875152843 0.47456041375565994 0.013008879329491983 0.016767000024678538
0 0.11621265534346154 0.4771621896215584 0.013876137951458123 0.01618882761003448
0 0.13095605191688567 0.4736931551336931 0.01387613795145805 0.02081420692718666
0 0.1309560519168858 0.49392918964623683 0.0190796896832549 0.025439586244339646
0 0.2291730908545501 0.45952793097491357 0.03512397418962831 0.020236034512543122
0 0.19665089253082 0.4716695516824382 0.016911543128339562 0.017923344853965646
0 0.1769207588810906 0.4959527930974908 0.024283241415051674 0.01907968968325423
0 0.022765538826610938 0.6347141726120722 0.045531077653221876 0.03411217246400113
0 0.19807102852428976 0.4961522625805435 0.026759264780764944 0.025185190381896375
0 0.20987658651580263 0.5041021332818982 0.02728395624705449 0.02098765865157819
0 0.23716054276285817 0.5062008991470575 0.01679012692126431 0.022386835895019174
0 0.25867289288072803 0.511098019499093 0.026234573314475432 0.02798354486877379
0 0.19702164559171073 0.522641231757462 0.03095679651108103 0.02028807002986099
0 0.21774695851014517 0.5229910260683185 0.03672840264026694 0.03637860832940484
0 0.22587967623763328 0.5509745709370946 0.03200617944366076 0.034979431085965386
0 0.2345370854314106 0.5551721026674117 0.04827161489863485 0.050370380763792966
0 0.2660185734087812 0.5429293017873231 0.0325308709099496 0.03567901970768659
0 0.28910499792551664 0.5730116125212474 0.034629636775105416 0.0622633873330168
0 0.3308179694955352 0.55657127991085 0.04774692343234529 0.03637860832940535
0 0.2891049979255188 0.5600692230194426 0.06296297595474237 0.04477367179003779
0 0.08185186874116314 0.5485260107610768 0.025185190381896354 0.025884779003613505
0 0.0970679212635587 0.567764697858354 0.036728402640265854 0.025185190381894665
0 0.05535494969354302 0.5894519451316584 0.04459877463460817 0.026584367625332925
0 0.0687345820839257 0.5915507109968177 0.04617284903347681 0.05176955800723171
0 0.08972224073550608 0.6251309648393463 0.06925927355021522 0.03497943108596715
0 0.16790126921264295 0.5366330041918491 0.025185190381896413 0.018888892786422248
0 0.18967596506365755 0.5656659319932019 0.029907413578502046 0.026584367625335118
0 0.140879658698732 0.5859540020230575 0.02780864771334298 0.03497943108596926
0 0.17970682720415687 0.5922502996185369 0.035154328241397116 0.06296297595474108
0 0.21591053837813307 0.6216330217307495 0.07503087967939984 0.051769558007231424
