0 0.5038873343982883 0.35580249397026475 0.023197334112131287 0.02589469854377448
0 0.48608472914944345 0.37702176083252437 0.01888155102150229 0.015105240817201847
0 0.47151896121857023 0.36803054606038044 0.01564471370353047 0.0158245379989733
0 0.49363734955804417 0.36227616860620826 0.01456576793087315 0.01870172672605939
0 0.5519004212815369 0.3856533270137825 0.013486822158215901 0.02373680699845991
0 0.5435385915434431 0.3532849538340644 0.010789457726572707 0.015105240817201776
0 0.5966766708468135 0.3525656566522929 0.01456576793087315 0.019421023907830844
0 0.5991042988352925 0.3658726545150659 0.016184186589859095 0.01150875490834423
0 0.6109727023345225 0.35939897987912234 0.019421023907830844 0.01870172672605939
0 0.6293147804696961 0.3558024939702647 0.012947349271887516 0.015824537998973365
0 0.6503542230365127 0.3579603855155793 0.008631566181258137 0.021578915453145414
0 0.6622226265357429 0.35867968269735073 0.0064736746359436385 0.014385943635430323
0 0.6341700364466537 0.35939897987912234 0.007552620408600817 0.014385943635430252
0 0.031387513386393326 0.3650166908687577 0.013732037106547077 0.03007970032862687
0 0.03629181235301728 0.35618895272883466 0.011770317519897499 0.02419454156867822
0 0.01765547627984625 0.3565159059932762 0.014712896899871873 0.018309382808729423
0 0.017410261331515048 0.3689401300420569 0.01716504638318385 0.010462504462131152
0 0.07871399841431452 0.35455418640662656 0.01324160720988468 0.017001569750962987
0 0.08999388603754963 0.3682862235131737 0.015203326796534267 0.013078130577663955
0 0.09367211026251752 0.3565159059932761 0.020598055659820633 0.017001569750963157
0 0.10740414736906467 0.3624010647532249 0.011770317519897482 0.022232821982028597
0 0.1277569880805541 0.3699209898353817 0.01716504638318387 0.021578915453145414
0 0.12996392261553488 0.360766298431017 0.013732037106547086 0.01765547627984624
0 0.13168042725385326 0.3539002798777435 0.010299027829910318 0.018309382808729353
0 0.13928209065212038 0.354227233142185 0.011770317519897518 0.0163476632220798
0 0.1486002586887059 0.352592466819977 0.007846878346598309 0.018309382808729423
0 0.15350455765532986 0.37351747574423927 0.013732037106547103 0.01961719586649586
0 0.16895309940019534 0.3758061485953304 0.021088485556483006 0.02419454156867822
0 0.16968874424518895 0.34964988744000264 0.016674616486521465 0.02681016768421095
0 0.16306794064024657 0.354227233142185 0.011279887623235094 0.0163476632220798
0 0.1615966509502594 0.3597854386376922 0.015203326796534284 0.00915469140436464
0 0.19028679990500955 0.35945848537325054 0.016674616486521465 0.020271102395379045
0 0.21284657515147976 0.36109325169545853 0.018636336073171052 0.02092500892426223
0 0.21824130401476607 0.354227233142185 0.013732037106547103 0.0163476632220798
0 0.23982021946791154 0.3748252888020056 0.018636336073171052 0.02092500892426216
0 0.22412646277471487 0.36926708330649854 0.00980859793324793 0.017655476279846313
0 0.24447930348620428 0.3548811396710682 0.014222467003209473 0.01896328933761268
0 0.26164434986938817 0.36011239190213373 0.018145906176508644 0.020271102395378975
0 0.2864110596508391 0.3771139616530968 0.016674616486521396 0.015039850164313506
0 0.3070091153106598 0.355861999464393 0.008827738139923191 0.019617195866495792
0 0.29548401273909347 0.35716981252215946 0.015203326796534284 0.027464074213094207
0 0.2815067606842152 0.357496765786601 0.010789457726572778 0.02419454156867822
0 0.38253531939666874 0.3617471582243418 0.014712896899871809 0.02092500892426223
0 0.38940133794994225 0.354227233142185 0.011770317519897518 0.021578915453145414
0 0.40509509464313886 0.3532463733488602 0.0166746164865215 0.011770317519897518
0 0.4085281039197756 0.37351747574423927 0.0166746164865215 0.014385943635430323
0 0.41784627195636115 0.36926708330649843 0.01471289689987188 0.011116410991014404
0 0.3381514137487218 0.3597854386376922 0.014222467003209473 0.01569375669319669
0 0.35212866580360014 0.3633819245465497 0.009808597933247896 0.013732037106547069
0 0.437463467822857 0.3630549712821082 0.014712896899871738 0.013078130577663884
0 0.4516859348260665 0.35913153210880894 0.011770317519897447 0.015693756693196618
0 0.4602684580176584 0.35488113967106827 0.009318168036585561 0.01896328933761261
0 0.4715483456408935 0.35128465376221063 0.008337308243260679 0.0209250089242623
0 0.6277502677278665 0.40915538156837344 0.010789457726572707 0.020271102395378975
0 0.42618358019962166 0.3525924668199771 0.010789457726572778 0.018309382808729496
