0 0.05857135577183699 0.3137600096825621 0.11441426893827561 0.1930174028485667
0 0.17805864609690336 0.3709661406752946 0.16562231943523475 0.11517787443077826
0 0.2946437689934707 0.36923414256355325 0.16886981589474886 0.2156337649117567
0 0.3975894067600763 0.3830901274574818 0.048712446892715894 0.10651788387207331
0 0.40473389897100914 0.44544205948015814 0.17341631093806906 0.23641774225264886
0 0.5119012821349848 0.430287076002424 0.09547639590972318 0.04849594712874854
0 0.6658326143159675 0.3337281812728623 0.15393133218098293 0.141157846106893
0 0.863605148700395 0.31294420393197014 0.1208068682939359 0.08919790275466254
0 0.9266065800149745 0.37183213973116463 0.1454878413862454 0.09266189897814442
0 0.7080500682896553 0.5536919414639718 0.2760371990587244 0.2381497403643904
0 0.901276107630762 0.4783500236032374 0.04936194618462048 0.19658178568260568
0 0.7729999974799432 0.5904969013384683 0.3565751112546819 0.3204196506720885
