0 0.09688435628742514 0.7534930139720558 0.10132859281437126 0.0738522954091816
0 0.21954528443113774 0.718562874251497 0.10132859281437127 0.0718562874251495
0 0.2382110778443114 0.4530938123752495 0.03199850299401199 0.05588822355289416
0 0.381315494011976 0.44710578842315374 0.03377619760479043 0.05189620758483031
0 0.5884169161676648 0.721556886227545 0.11021706586826341 0.04990019960079835
0 0.5315306886227545 0.564870259481038 0.08532934131736525 0.05588822355289423
0 0.565306886227545 0.5858283433133732 0.09244011976047908 0.061876247504989976
0 0.6577470059880239 0.6267465069860279 0.07821856287425134 0.0558882235528943
0 0.7510759730538922 0.5838323353293414 0.08355164670658681 0.045908183632734495
0 0.8879584580838323 0.7395209580838323 0.10132859281437134 0.07784431137724568
0 0.8888473053892215 0.6966067864271457 0.0746631736526946 0.047904191616766525
