0 0.36712086717416087 0.574260008075344 0.0149700449805065 0.04550035176870765
0 0.39947548051912646 0.5575193126132721 0.012072616919763277 0.022320927282762356
0 0.4426954490918791 0.5502220863862154 0.011589712242972752 0.01802844126684647
0 0.48422525129586474 0.5729722622705693 0.016418759010878078 0.017169944063663393
0 0.5078875804586008 0.579410991294443 0.02800847125385083 0.02146243007957928
0 0.5016098196603239 0.553656075198948 0.013521330950134853 0.028330407705044323
0 0.5269623151918268 0.5661042846451039 0.011106807566182155 0.02060393287639606
0 0.4465586865062033 0.6163263710313192 0.0424956115575668 0.12104810564882648
0 0.578874567946809 0.6352133095013489 0.03476913672891833 0.10387816158516315
0 0.6319940823937674 0.6034489129835717 0.0260768525466888 0.038632374143242526
0 0.7537186148368289 0.5952931895533315 0.04442723026472905 0.10473665878834652
0 0.8003189161471153 0.636071806704532 0.049739181709424686 0.048934340581440666
0 0.8860344962774342 0.6000149241708389 0.04249561155756666 0.10559515599152945
0 0.9048677786722652 0.6644022144095766 0.055051133154120746 0.15710498818251956
0 0.9596774594879907 0.6442275301347721 0.05167080041658679 0.15968047979206915
