0 0.04087790776098863 0.6551421809240394 0.06625040223332641 0.05137147028967157
0 0.10571872696807405 0.6250710763642316 0.06906956828580839 0.05638332104963936
0 0.06166925739804318 0.5699407180045841 0.06695519374644687 0.05888924642962351
0 0.06484081920708543 0.4578005572503011 0.04087790776098863 0.052624432979663495
0 0.11100466331647775 0.4534151878353292 0.021848536906735314 0.026312216489831782
0 0.1377867408150565 0.472836109530205 0.030306035064181246 0.03508295531977573
0 0.1596352777217918 0.465318333390253 0.044401865326591086 0.05513035835964757
0 0.10642351848119454 0.4878716618101089 0.016914996314891847 0.04260073145972768
0 0.12051934874360441 0.5010277700550247 0.023962911446096767 0.04385369414971962
0 0.1550541328865086 0.5129309156099486 0.05215457197091654 0.06765998525956739
0 0.23293359508632316 0.6256975577092276 0.061316861641482985 0.055130358359647434
0 0.20967547515334686 0.5260870238548645 0.052859363484036984 0.05137147028967149
0 0.20438953880494318 0.49288351257007684 0.04087790776098863 0.027565179179823786
0 0.2452674465659318 0.4985218446750408 0.047925822892193576 0.038841843389751746
0 0.22623807571167845 0.46406537070026105 0.043697073813470586 0.030071104559807722
0 0.2491437998880945 0.5423755388247603 0.05426894651027801 0.051371470289671636
0 0.27345910709075155 0.5668083112796042 0.06061207012836246 0.09271923905940717
0 0.29777441429340856 0.5636759045546242 0.047221031379073075 0.07392479870952727
0 0.2724019198210708 0.6150473748442957 0.03171561809042224 0.05387739566965564
0 0.3062319124508545 0.6282034830892116 0.02889645203794018 0.052624432979663426
0 0.35486252685616854 0.6200592256042637 0.05849769558900093 0.0939722017493991
0 0.2967172270237278 0.47722147894517697 0.04651623986595254 0.04134776876973561
0 0.3545101310996083 0.5248340611648726 0.03382999262978373 0.04886554490968763
0 0.3252612833051082 0.5104249902299647 0.03171561809042174 0.04761258221969539
0 0.3749490849801026 0.48035388567015697 0.04792582289219361 0.040094806079743674
0 0.3774158552760244 0.5668083112796042 0.06413602769396491 0.09773108981937505
0 0.41829376303701293 0.6256975577092276 0.05004019743155503 0.060142209119615514
0 0.40173116247868146 0.47346259087520104 0.03523957565602473 0.04635961952970362
0 0.4563525047455197 0.48849814315510487 0.048630614405313966 0.04385369414971954
0 0.46128604533736306 0.5298459119248405 0.05567852953651915 0.04635961952970362
0 0.4246368866550974 0.5592905351396523 0.04440186532659098 0.055130358359647504
0 0.44542823629215206 0.594373490459428 0.049335405918434605 0.06264813449959938
0 0.49159208040154434 0.6282034830892116 0.06836477677268789 0.08018961215948721
0 0.5458610269118224 0.48411277374013295 0.02607728598545833 0.04761258221969562
0 0.6001299734221004 0.5054131394699968 0.042992282300350126 0.04761258221969562
0 0.6357219448346852 0.5354842440298045 0.052154571970916525 0.04510665683971162
0 0.5116786385254783 0.5768320127995401 0.06061207012836249 0.060142209119615445
0 0.5176693663870027 0.5511462776547044 0.02889645203794025 0.03382999262978359
0 0.5631284189832744 0.5743260874195562 0.05920248710212135 0.07768368677950335
0 0.612463824901709 0.6282034830892116 0.06906956828580825 0.060142209119615445
0 0.7328840165273336 0.4715831468402136 0.0479258228921935 0.04510665683971249
0 0.8322596198773227 0.45466815052532117 0.01832457934113293 0.04385369414971962
0 0.8562225313234194 0.46218592666527314 0.03805874170850672 0.04385369414971954
0 0.9094342905640167 0.4715831468402131 0.02889645203794032 0.04510665683971162
0 0.6979968366278686 0.6288299644342077 0.061316861641482916 0.06390109718959139
0 0.7251313098830076 0.6150473748442958 0.03523957565602473 0.05137147028967157
0 0.7131498541599592 0.5793379381795244 0.047925822892193534 0.03257702993979237
0 0.6775578827473743 0.5768320127995401 0.023258119932976343 0.040094806079743674
0 0.708568709324676 0.5436285015147523 0.05567852953651908 0.04134776876973554
0 0.7247789141264473 0.5260870238548646 0.026077285985458047 0.04385369414971962
0 0.7466274510331826 0.5373636880647925 0.021848536906735348 0.05888924642962344
0 0.7550849491906285 0.6213121882942558 0.03171561809042231 0.06891294794955946
0 0.7737619242883217 0.57369960607456 0.032420409603542734 0.06640702256957547
0 0.8184820029830866 0.6322630822047856 0.06660350278139973 0.0667077336151734
0 0.8174589981017922 0.584181891939033 0.03664915868226558 0.04886554490968741
0 0.8590416973759014 0.5547372687242212 0.05356415499715752 0.08770738829943923
0 0.8615084676718232 0.5215337574394335 0.03171561809042231 0.038841843389751676
0 0.9034435627024925 0.5672668956241411 0.04087790776098856 0.052624432979663495
0 0.8868809621441609 0.5271720895443974 0.035944367169145154 0.04260073145972768
0 0.9510169898381258 0.5841818919390329 0.05285936348403709 0.06390109718959146
0 0.935511576549475 0.5346898656843494 0.038763533221627 0.040094806079743465
0 0.9894281273031927 0.574784671764093 0.021143745393614636 0.052624432979663564
0 0.9929520848687952 0.5096306118845095 0.014095830262409664 0.08269553753947122
