0 0.8048623841885925 0.5293349052138361 0.029223064569173545 0.028494799906254826
0 0.7676862071100874 0.5428453706866292 0.02959297677890973 0.02210803441002493
0 0.6994374044137266 0.5421084362062952 0.0299628889886462 0.022599324063581464
0 0.6751267239641592 0.5213594765553937 0.028069972339123693 0.025468809989010025
0 0.6413593810017482 0.5150845523552029 0.017786913165385273 0.01587186709460042
0 0.5860110191067704 0.5278813543950535 0.03403534520517709 0.01913509390609283
0 0.5828789321246984 0.5090235806904981 0.013572376922309814 0.019135093906093203
0 0.56159713449032 0.501014527432043 0.020017746001118154 0.01718926869034597
0 0.5578869488090783 0.5044523811701123 0.0174292443630425 0.01306384420466273
0 0.5472740920929682 0.5139637765121036 0.011734540759276229 0.013293034453867633
0 0.485236336167089 0.5171724400009683 0.027783250915344816 0.02796121040296269
0 0.48765227102929304 0.4768349561409564 0.01397790884560834 0.021085502926824377
0 0.7939552696091803 0.4635419216870889 0.009318605897072132 0.013751414952276733
0 0.82018541954168 0.46560463392993034 0.005522136827894712 0.013293034453867562
0 0.8036190090579961 0.45574945321413196 0.006902671034868461 0.0050421854825014375
0 0.8435682176722965 0.46411489731010036 0.005004436500279609 0.014897366198299794
0 0.8603071949318521 0.4609062338212358 0.004659302948536066 0.00664651722693371
0 0.849090354500191 0.4599894728244173 0.005349570052022869 0.004354614734887647
0 0.8260526899213181 0.4581559508307804 0.007592938138355123 0.004354614734887718
0 0.8388226313358246 0.4591873069522012 0.006557537483124918 0.004125424485682956
0 0.9011192374255111 0.4607916386966335 0.0037964690691777037 0.00595894647931992
0 0.6068928845642487 0.4659484193037372 0.01587614338019719 0.009396800217389235
0 0.6858421845255552 0.4633127314378842 0.009836306224687376 0.012834653955458322
0 0.6929174223362952 0.46136461431964504 0.006730104258996619 0.008021658722161505
0 0.6267380637894951 0.4642294924347027 0.00897347234532873 0.008250848971366125
0 0.6200079595304985 0.45689540446015514 0.008973472345328873 0.008250848971365982
0 0.63329560127262 0.46354192168708885 0.009318605897072346 0.0073340879745475715
0 0.6269969139533027 0.4563224288371435 0.006039837155509673 0.007563278223752193
0 0.5344148386981312 0.4538013360958928 0.009663739448815606 0.011230322211025979
0 0.5253550829648665 0.4366120674055469 0.0032787687415625297 0.008480039220570603
0 0.5329480211032218 0.4327158331690684 0.007075237810740091 0.007104897725342951
0 0.4231955516488155 0.5214124596112533 0.0281283844670886 0.01673088819193692
0 0.4178459815967923 0.5266838353429596 0.02295138119093714 0.015355746696709005
0 0.40714684149274644 0.5031918347994868 0.017774377914785974 0.03116987389182725
0 0.37125295211143117 0.4803874050036279 0.020535446328733258 0.0126054637062537
0 0.43346327481318203 0.45254078972526757 0.010699140104045879 0.011459512460230746
0 0.4469234833311752 0.45093645798083515 0.009318605897072204 0.010542751463412188
0 0.4552929719609531 0.44864455548878907 0.010181439776430778 0.012834653955458322
0 0.412151277993026 0.4416542528880484 0.01052657332817418 0.00572975623011537
0 0.4232818350367512 0.44153965776344606 0.010008873000559006 0.0073340879745475
0 0.3616754960505514 0.4382163991499792 0.010008873000559077 0.007563278223752193
0 0.374272870689186 0.4381018040253769 0.006212403931381516 0.00550056598091075
0 0.38790564598305094 0.437414233277763 0.009318605897072204 0.006875707476138402
0 0.3966202681645723 0.4376434235269677 0.006730104258996619 0.0050421854825014375
0 0.402142404992467 0.43810180402537696 0.006730104258996548 0.0050421854825014375
0 0.4685137073918089 0.4332747201899159 0.003300232036341697 0.008296621274396898
0 0.4774125473469445 0.435074930466436 0.003182366606472229 0.006887761057989863
0 0.33181915907828324 0.4377569847782849 0.007189791222030024 0.009392401442713378
0 0.32197739568419287 0.43893103495862407 0.01225800470641186 0.0070443010820350335
0 0.3008794837375801 0.4436272356799808 0.008722041810331546 0.007983541226306415
0 0.3028242633304243 0.43086922372029507 0.007896983801246087 0.010018561538894346
0 0.2982864442804545 0.4306344136842273 0.00990069610902495 0.01142742175530138
0 0.28703029572793204 0.43431310424929004 0.008604176380462257 0.009392401442713378
0 0.28337646740198236 0.4343131042492899 0.00860417638046222 0.008766241346532483
0 0.27807252305786184 0.4374439047301945 0.005539675203859212 0.015654002404522346
0 0.2718256552747866 0.4289124734197298 0.009311368959678249 0.005478900841582864
0 0.26286788260471633 0.42726880316725485 0.007896983801246158 0.009079321394622966
0 0.2465435205678117 0.4285993933716395 0.010843619547979728 0.0048527407454020685
0 0.23623029545424426 0.4265643730590514 0.005068213484381872 0.009862021514849176
0 0.19297368269219461 0.4457405260045914 0.014261717014190758 0.012523201923617862
0 0.20764792871092808 0.4439403157280713 0.012022273846673209 0.015810542428567657
0 0.20134212821291814 0.4433141556318904 0.004832482624643149 0.012679741947663104
0 0.14135207765868862 0.43843833214632383 0.011893693377724812 0.013661674825765075
0 0.10234933541101443 0.42420742086948526 0.01017928712507981 0.009392401442713378
