0 0.8303498615927896 0.5869931079122465 0.036149163085156456 0.057603544428379366
0 0.641228020574105 0.6081535936206308 0.040557597607736466 0.05055004919225148
0 0.6262393431973328 0.59287102060902 0.02116048570838437 0.043496553956123306
0 0.3789261664805915 0.6710472594761063 0.0414392845122525 0.0564279618890248
0 0.34145447303866094 0.6692838856670743 0.03526747618064043 0.05055004919225126
0 0.2074592846156451 0.600618415463009 0.037938853209827705 0.03693517984448832
0 0.20143724442360894 0.588172865732801 0.052391749670714416 0.04094987330584587
0 0.16048737111776318 0.584961110963715 0.03191681301779152 0.04897926022856062
0 0.13730251637842403 0.5966037220016516 0.03613224115221685 0.04496456676720314
0 0.10086917321660537 0.599012538078466 0.04155207732504939 0.04657044415174624
0 0.09243831694775478 0.6423712274611262 0.03914326124823494 0.05299395368991803
0 0.18638214394351857 0.6499991450377053 0.046369709478678266 0.06664391145853316
