0 0.021860651214848748 0.5681383358084686 0.005017198639473479 0.006689598185964698
0 0.005196384305168964 0.5693329069131052 0.007525797959210223 0.009078740395237688
0 0.06916566695845588 0.5616876518434313 0.010034397278946958 0.00907874039523776
0 0.08306070085284187 0.5606451170612031 0.0052126739111412945 0.008687789851902111
0 0.09104260777927696 0.5630342592704761 0.008796387225050922 0.00825340035930708
0 0.09169419201816961 0.568464127927915 0.004235297552802298 0.006950231881521631
0 0.09723265804875723 0.5682469331816173 0.00488688179169495 0.009990958329687416
0 0.10065347530294369 0.5612967013000957 0.003909505433355989 0.007384621374116947
0 0.10586614921408496 0.5678125436890223 0.010425347822282554 0.007384621374116876
0 0.11784102897637877 0.564976447001831 0.008346740250277875 0.00394899538722818
0 0.12632239406940307 0.5647969472115024 0.007000491822813686 0.01292398490365592
0 0.12470689595644607 0.5816699275023868 0.005384993709856705 0.010051988258399121
0 0.1404580025577769 0.5608479518242742 0.004577244653378152 0.004307994967885378
0 0.1473238695378442 0.5595914532919744 0.004846494338871014 0.0039489953872282515
0 0.16199797739720367 0.5590529539209886 0.005115744024363842 0.005025994129199632
0 0.16859459469177815 0.5565399568563889 0.004846494338871033 0.005743993290513885
0 0.17990308148247722 0.552411461678832 0.003230996225913998 0.008974989516427953
0 0.19659656198303296 0.5542064595821177 0.004846494338871033 0.003230996225914069
0 0.20036605757993264 0.5567194566467174 0.005384993709856758 0.004666994548542505
0 0.21113604499964606 0.5545654591627748 0.007000491822813686 0.00394899538722818
0 0.17101784186121363 0.5796954298087725 0.009692988677742029 0.010410987839056246
0 0.17707595978480242 0.579156930437787 0.004038745282392497 0.010769987419713445
0 0.20736654940274632 0.5780799316958156 0.006461992451828067 0.01005198825839905
0 0.22863727455668023 0.5515139627271891 0.007538991193799378 0.007897990774456427
0 0.23523389185125476 0.5461289690173325 0.005115744024363877 0.01220598574234188
0 0.23792638870618307 0.5529499610498178 0.005115744024363877 0.005025994129199632
0 0.2403496358756186 0.5583349547596744 0.002961746540421153 0.009333989097084938
0 0.2477540022266716 0.5565399568563889 0.008077490564785066 0.012923984903656063
0 0.25125424813807845 0.5572579560177031 0.008077490564785066 0.010051988258399192
0 0.25381212015026033 0.5486419660819324 0.004577244653378188 0.007897990774456432
0 0.263370483985256 0.5457699694366756 0.009692988677742029 0.009333989097084796
0 0.2539467449930068 0.5446929706947041 0.0026924968549283433 0.007179991613142178
0 0.2464077537992074 0.5771824327441729 0.004846494338870997 0.008974989516427953
0 0.2640436081989881 0.5748489354699017 0.005654243395349567 0.012923984903656063
0 0.26660148021116997 0.575925934211873 0.008615989935770684 0.010769987419713302
0 0.2819487122842616 0.561745450775917 0.0113084867906991 0.007538991193799376
0 0.2851897219282311 0.5533875845055775 0.01490886688266111 0.004450408024674946
0 0.2871924055393349 0.5490855234150583 0.010903499660453661 0.004747101892986549
0 0.28975139015352297 0.5720792982092123 0.007120652839479931 0.017504938230388234
0 0.30221253262261283 0.5803867265219389 0.005340489629609948 0.004450408024675028
0 0.3066629406472877 0.5588764210693433 0.00979089765428487 0.007714040576103256
0 0.30966696606394345 0.5478987479418117 0.005563010030843643 0.004747101892986549
0 0.31567501689725463 0.5467119724685651 0.0073431732407136605 0.008307428312726657
0 0.31545249649602086 0.5713375635384332 0.0068981324382461654 0.014834693415583189
0 0.32201684833241645 0.572375992077524 0.008455775246882381 0.014537999547271667
0 0.33292034799287 0.5667388085796022 0.005340489629609948 0.015131387283894853
0 0.33314286839410384 0.5490855234150583 0.008455775246882452 0.007714040576103258
0 0.33648067441261 0.5446351153903833 0.008455775246882381 0.007714040576103187
0 0.3331428683941038 0.544190074587916 0.00623057123454501 0.004450408024674886
0 0.34271124564715494 0.550272298888305 0.011571060864154959 0.004153714156363293
0 0.3527246637026735 0.5401847073657084 0.00667561203701247 0.011274366995843294
0 0.36774479078595157 0.5452285031270069 0.00956837725305121 0.004747101892986549
0 0.3728627600143277 0.5378111564192152 0.01045845885798613 0.00949420378597317
0 0.34916433728293356 0.5710408696701215 0.011571060864154888 0.014241305678959862
0 0.3592890155390691 0.5636235229623299 0.0068981324382461654 0.013647917942336676
0 0.3545048269125435 0.5796449918511597 0.009345856851817373 0.005933877366233346
0 0.36529706637238035 0.5734144206166147 0.0077882140431811565 0.014834693415583189
0 0.3725289794124771 0.5719309512750564 0.012016101666622276 0.00949420378597317
0 0.3792045914494896 0.5686673187236281 0.008455775246882381 0.013647917942336534
0 0.3848788616809501 0.5711892166042772 0.007788214043181228 0.016318162757141437
0 0.407019641603708 0.5717826043409007 0.015131387283894925 0.01572477502051818
0 0.38447427913325266 0.5393620561853898 0.006068738215465857 0.014564971717118028
0 0.3875086482409856 0.537743725994599 0.0032366603815817997 0.008631094350884681
0 0.3921613475395094 0.5425987165669716 0.005259573120070442 0.01024942454167565
0 0.39934268776114396 0.546914263742414 0.007889359680105628 0.0048549905723727
0 0.39974727030884166 0.5409803863761807 0.008698524775501043 0.008091650953954357
0 0.4261984711006231 0.5762353559504413 0.0071674266278193245 0.012162905792662998
0 0.40844280059079807 0.5358371331390963 0.00879638722505078 0.013031684777853129
0 0.4138183705616625 0.5362715226316914 0.005864258150033877 0.012162905792662855
0 0.42000842083114276 0.540398222811345 0.009773763583389937 0.005647063403736468
0 0.42049710901031234 0.544307728244701 0.008144802986158196 0.011728516300067753
0 0.43483196226595083 0.534533964661311 0.006841634508372892 0.011294126807472793
0 0.4481701021403832 0.5323915530729262 0.007098400799356597 0.01240180369542756
0 0.4403373840169552 0.5402242711963541 0.005629766151213858 0.010443624164570621
0 0.4448656741820621 0.5400610895687826 0.005874538592570886 0.00815908137857079
0 0.45759384113263235 0.5451197200234964 0.010769987419713373 0.01240180369542756
0 0.44682385371291905 0.5443038118856394 0.007832718123427895 0.00815908137857079
0 0.4495163505678474 0.5482201709473533 0.008322263006142165 0.007506354868285143
0 0.4389911355894911 0.5511574402436389 0.011749077185141843 0.009464534399142082
0 0.4387463631481341 0.5725342334554941 0.005874538592570945 0.018276342287998442
0 0.4424179497684908 0.5707392355522087 0.004895448827142417 0.019908158563712773
0 0.4655489454767388 0.5410401793342111 0.004161131503071047 0.004895448827142417
0 0.47705325022052364 0.5390819998033541 0.004161131503071118 0.008811807888856365
0 0.4935753900121294 0.5299438286593549 0.008322263006142094 0.011422713929998878
0 0.4873336927575228 0.5434879037477823 0.006608855916642184 0.011749077185141985
0 0.49186198292262956 0.5509942586160674 0.005874538592570886 0.009138171143999188
0 0.47656370533780945 0.5655174234699234 0.013952029157356024 0.01599179950199854
0 0.48170392660630895 0.5756346843793511 0.004161131503071118 0.009464534399142223
0 0.5007961770321646 0.5713919620624943 0.012483394509213284 0.015991799501998683
0 0.5159275643160594 0.5340382040420556 0.004005367222207425 0.007714040576103116
0 0.49723585061242453 0.5416038976840031 0.010680979259219896 0.007417346707791737
0 0.5068042278654756 0.5405654691449121 0.006675612037012328 0.005340489629609948
0 0.500351136229697 0.5441257955646521 0.009790897654284834 0.008307428312726586
0 0.510809595087683 0.5509497545358204 0.009345856851817852 0.009494203785973782
0 0.5075830492697938 0.5509497545358205 0.011348540462921122 0.01186775473246648
0 0.5284999669857662 0.560888999124261 0.004672928425908741 0.018098325967011563
0 0.5219356151493705 0.564597672478157 0.010235938456752294 0.017801632098699754
0 0.5213793141462861 0.5743885701324419 0.0060080508333111736 0.01008759152259664
0 0.5341742372172267 0.5758720394740002 0.004450408024674957 0.007120652839479931
0 0.5367332218314147 0.5243956533219266 0.0060080508333111736 0.010384285390908304
0 0.5407385890536222 0.5365601019227048 0.007343173240713696 0.006823958971168267
0 0.5539785529270301 0.5235055717169916 0.006675612037012399 0.009790897654284975
0 0.546190338883849 0.5467960403794571 0.004895448827142417 0.01246114246909002
0 0.5686648994084575 0.5356700203177698 0.0048954488271424875 0.006823958971168267
0 0.5866890519083912 0.5215770615729658 0.006230571234545081 0.01186775473246655
0 0.5771206746553399 0.5405654691449122 0.006675612037012296 0.010680979259219887
0 0.5722252258281975 0.5475377750502364 0.00623057123454494 0.00801073444441478
0 0.5624343281739125 0.5611856929925728 0.007565693641947391 0.019285101440258218
0 0.5588740017541727 0.5745369170665977 0.004895448827142559 0.009197509917661576
0 0.5684423790072237 0.5754269986715328 0.005340489629609948 0.00623057123454494
0 0.5751179910442361 0.5683063458320529 0.009790897654284763 0.016318162757141364
0 0.5871340927108585 0.5709765906468577 0.007120652839479931 0.01572477502051818
0 0.5847976284979042 0.5447191833012756 0.0077882140431811565 0.013054530205713278
0 0.6009303575873509 0.5444224894329639 0.00623057123454501 0.010680979259219896
0 0.5972587709669941 0.555696856428807 0.015798948487596078 0.007714040576103258
0 0.6152829234669277 0.5559935502971187 0.008678295648116077 0.014834693415583189
0 0.633307075966861 0.5254340818610173 0.009568377253051139 0.008307428312726588
0 0.6366448819853674 0.5211320207704982 0.0060080508333111024 0.011571060864154816
0 0.6400939482044905 0.5206869799680307 0.004450408024674815 0.013054530205713278
0 0.644989397031633 0.5261758165317966 0.003560326419739823 0.008010734444415064
0 0.6711355441765983 0.5218737554412775 0.003782846820973731 0.009494203785973312
0 0.6835966866456882 0.5211320207704982 0.008678295648116148 0.00623057123454494
0 0.6966141301178623 0.5286977144124456 0.008900816049349914 0.008900816049349914
0 0.7031784819542579 0.5175716943507582 0.0068981324382461654 0.015131387283894853
0 0.6382025247940036 0.5554001625604954 0.007788214043181085 0.013054530205713207
0 0.6314156525563743 0.568009651963741 0.011126020061687426 0.018691713703634746
0 0.6600095241149109 0.5623724684658196 0.007343173240713696 0.014537999547271524
0 0.6751409113988057 0.5597022236510146 0.0068981324382461654 0.014537999547271524
0 0.6699116819698127 0.5711249375810135 0.008455775246882524 0.010680979259219896
0 0.6815940030345845 0.5715699783834811 0.0068981324382461654 0.008604122181038178
0 0.6868232324635772 0.5657844479514036 0.009790897654284973 0.020175183045192994
0 0.6850430692537074 0.5506530606675087 0.00623057123454501 0.011274366995843152
0 0.6938326251024407 0.543384060893873 0.01535390768512869 0.008010734444414922
0 0.7005082371394531 0.5525815708115346 0.014463826080193627 0.013944611810648055
0 0.701509578945005 0.5598505705851704 0.012016101666622347 0.017208244362076356
0 0.710187874593121 0.5576253665728328 0.004895448827142417 0.015724775020518108
0 0.7041798237598098 0.564597672478157 0.008010734444414993 0.016021468888829844
0 0.7254305220776327 0.5691964274369877 0.006453091635778776 0.009197509917661505
0 0.7299921903029245 0.559257182848547 0.009790897654284834 0.016614856625453173
0 0.7237616190683795 0.5491695913259504 0.009790897654284975 0.013647917942336534
0 0.7193042729545602 0.5194713375857336 0.012037166708362008 0.005572762364982395
0 0.716211389841995 0.52682738390751 0.00484830325753472 0.007801867310975435
0 0.7107779465361372 0.5359667141860815 0.010365337998867402 0.010922614235365486
0 0.7138708296487024 0.5371927219063777 0.007857594934625354 0.0115913457191634
0 0.7203909616157318 0.537081266659078 0.006520131967029386 0.0073560463217767595
0 0.7284993308567812 0.5290564888535033 0.005684217612282083 0.006018583354181004
0 0.7302547510017507 0.5318428700359945 0.00986378938601888 0.010699703740766182
0 0.7361061514849823 0.5261586524237124 0.0101981551279178 0.008247688300173977
0 0.7493971897254653 0.5377499981428759 0.008693509289372514 0.007801867310975296
0 0.7553321816441716 0.5192484270911344 0.0101981551279178 0.007801867310975296
0 0.7731371574002904 0.5180224193708383 0.010365337998867402 0.006687314837978917
0 0.7742238460614621 0.5565859349365163 0.008191960676524133 0.015603734621950735
0 0.7909421331564093 0.5235951817358205 0.008860692160321974 0.01114552472996479
0 0.7996356424457818 0.5147902171991483 0.009863789386019022 0.010030972256968269
0 0.8199483612661428 0.5391989163577713 0.010365337998867262 0.010699703740766325
0 0.7902734016726114 0.5648336232366904 0.013541812546907436 0.018724481546340856
0 0.7947037477527726 0.5686231016448784 0.005349851870383162 0.002674925935191439
0 0.8256325788784248 0.5619357868068995 0.01103406948266496 0.008470598794773281
0 0.8285582791200405 0.5215889872844268 0.004848303257534639 0.00802477780557453
0 0.8397595314736551 0.518022419370838 0.004513937515635717 0.011591345719163542
0 0.8491217722468258 0.523149360746622 0.008526326418423338 0.010699703740766254
0 0.8456945233923615 0.5256013761872143 0.01069970374076604 0.013374629675957692
0 0.8568121843105014 0.5157933144248451 0.00952942364411996 0.009362240773170357
0 0.861994853309935 0.5311741385521966 0.011201252353614705 0.012482987697560616
0 0.8801341948079527 0.5327345120143917 0.005684217612282083 0.013820450665156372
0 0.8459452976987856 0.5587035846352097 0.00919505790222118 0.010476793246166878
0 0.8455273405214109 0.5657252652150875 0.007356046321776825 0.012037166708362215
0 0.8515459238755929 0.5624930630433979 0.00735604632177683 0.010476793246166878
0 0.8676790709222171 0.567174183429983 0.005851400483231544 0.011814256213762633
0 0.8777100431791854 0.5658367204623872 0.008191960676524133 0.012705898192159922
0 0.8845645408881136 0.5604868685920041 0.010532520869816722 0.01760992907334426
0 0.8956822018062536 0.5658367204623872 0.010699703740766325 0.012260077202961312
0 0.8894128441456485 0.5225920845101237 0.0051826689994338435 0.010030972256968269
0 0.8928400930001126 0.5358552589387818 0.012705898192159993 0.01426627165435498
0 0.9052116254503736 0.5324001462724928 0.011702800966462945 0.011368435224564237
0 0.9173323835942102 0.5273846601440086 0.009529423644119817 0.0115913457191634
0 0.9247677080727373 0.5404249240780675 0.013708995417856756 0.013597540170556997
0 0.933795583104009 0.5300595860792002 0.005684217612282225 0.01203716670836208
0 0.9400649407646142 0.5383072743793741 0.010532520869816864 0.013374629675957692
0 0.9446624697157248 0.5223691740155245 0.009696606515069562 0.01047679324616695
0 0.9544426676662688 0.513675664726152 0.008526326418422912 0.007356046321776688
0 0.9661454686327318 0.5218118977790263 0.011201252353614705 0.010699703740766325
0 0.9781826353410937 0.529502309842702 0.010532520869816722 0.01582664511655004
0 0.9658946943263076 0.5322886910251932 0.011702800966463088 0.011145524729964862
0 0.969907083229095 0.5311741385521966 0.007021680579877909 0.007133135827177455
0 0.9838668529533758 0.5132298437369534 0.011201252353614563 0.0078018673109753675
0 0.9927275451136979 0.5115580150274586 0.007188863450827227 0.009808061762369036
0 0.9189163075895059 0.555805748205419 0.011368435224564166 0.0073560463217767595
0 0.9305355171204943 0.5589264951298092 0.013876178288806074 0.017609929073344476
0 0.9520185160375014 0.563384705021795 0.013374629675957692 0.014489182148954213
0 0.9685696202614992 0.559595226613607 0.011034069482665103 0.017164108084145865
0 0.9758420751478013 0.5494527991093389 0.008526326418423054 0.016049555611149274
0 0.9893002962592337 0.5602639580974049 0.013708995417856756 0.019839034019337305
0 0.988297199033537 0.5648336232366904 0.011368435224564308 0.01426627165435491
0 0.9953188796134148 0.5266044734129111 0.006687314837978988 0.013151719181358459
0 0.9985789455969295 0.5264930181656116 0.0025077430642420494 0.009808061762368965
0 0.9332104430556862 0.569737654117875 0.0061857662251303454 0.005349851870383088
0 0.017266982330655493 0.618080095772128 0.011076932061175222 0.006515842388926529
0 0.0866607037727238 0.6191660695036157 0.014334853255638524 0.011294126807472651
0 0.09855211613251486 0.6337181175055518 0.018570150808440822 0.035185548900203686
0 0.1119095930298144 0.6217724064591864 0.010751139941728898 0.01911313767418477
0 0.1630589557828882 0.6146049798313671 0.010099555702836209 0.0056470634037363255
0 0.19987346528032351 0.6291570278333033 0.017918566569548135 0.0390950543335596
0 0.2189323042679338 0.6156909535628549 0.013031684777853166 0.010425347822282518
0 0.23163819692634072 0.6484873602537854 0.013683269016745854 0.040398222811344836
0 0.2580273586014934 0.6226411854443766 0.010425347822282554 0.027800927526086882
0 0.3502265284048047 0.6328493385203616 0.015638021733423917 0.04126700179653518
0 0.39274239999255095 0.6389307914166932 0.015312229613977575 0.037791885855774365
0 0.3857378694244548 0.6130846166072842 0.013683269016745854 0.006081452896331569
0 0.43476958340112754 0.6282882488481131 0.013357476897299563 0.026063369555706473
0 0.4707696125999469 0.6276366646092203 0.011728516300067824 0.036923106870584095
0 0.48200944072084523 0.6217724064591859 0.011402724180621802 0.024325811585326002
0 0.5790954923158516 0.631328975296278 0.015312229613977359 0.03648871737798892
0 0.5852855425853319 0.6224239906980791 0.00814480298615841 0.016072411226018987
0 0.6053217579312813 0.6148221745776646 0.01759277445010177 0.01737557970380429
0 0.6585887694607564 0.6308945858036836 0.018570150808440787 0.03735749636317919
0 0.7014304331679486 0.6176457062795329 0.016289605972316535 0.014334853255638436
0 0.7400367993223389 0.6371932334463127 0.01922173504733351 0.042135780781725314
0 0.7517653156224067 0.6150393693239623 0.016615398091762757 0.02128508513716021
0 0.7646341043405366 0.6104782796517136 0.011728516300067753 0.007819010866711764
0 0.8016115098976951 0.6130846166072843 0.010751139941728952 0.017375579703804222
0 0.8138287143769327 0.619600458996211 0.011076932061175312 0.029538485496467287
0 0.8464079263215658 0.6287226383407081 0.01694119021120926 0.043438949259510695
0 0.8539011450688312 0.6232927696832692 0.010425347822282589 0.026497759048301647
0 0.8677473101453002 0.61612534305545 0.012705892658406982 0.0260633695557064
0 0.8905527585065434 0.6087407216813331 0.012705892658407124 0.011294126807472722
0 0.9461003148721424 0.6189488747573176 0.02085069564456549 0.025628980063111147
0 0.9864796270429772 0.6100438901591185 0.014660645375084727 0.01042534782228266
