0 0.5059177141704707 0.44507185157381196 0.012751177313222329 0.023540635039795036
0 0.5135193775687378 0.4398405993427461 0.017165046383183738 0.01961719586649612
0 0.4899787425289428 0.40812613269191145 0.021088485556483006 0.011116410991014262
0 0.5637884419766334 0.4503031038048775 0.020598055659820674 0.01569375669319669
0 0.5453973208517935 0.4578230288870342 0.013241607209884662 0.011116410991014333
0 0.5718805352715628 0.43657106669833035 0.018145906176508644 0.018309382808729423
0 0.6422572254426168 0.405183553311937 0.021578915453145556 0.013078130577663884
0 0.6287704032844008 0.4058374598408203 0.00931816803658549 0.011770317519897518
0 0.6648170006890871 0.40681831963414505 0.01471289689987188 0.017655476279846313
0 0.67364473882901 0.4025679271964043 0.023540635039795036 0.018309382808729423
0 0.6797751125372901 0.4087800392207946 0.020107625763158266 0.01765547627984617
0 0.6974305888171363 0.4074722261630282 0.02108848555648308 0.01765547627984624
0 0.697430588817136 0.43591716016944715 0.017165046383183977 0.018309382808729423
0 0.6640813558440933 0.4408214591360711 0.02403106493645751 0.01765547627984617
0 0.7200467027046281 0.4088292173151157 0.022292268030108885 0.018374233042998896
0 0.7409203718600937 0.4096398452434832 0.023508209922660228 0.019995488899734043
0 0.760375442140916 0.4093696359340274 0.02431883785102797 0.02053590751864576
0 0.7832756811173006 0.41234193833804184 0.017428500459903375 0.01891465166191061
0 0.7853022509382196 0.4385522413552609 0.01742850045990309 0.020535907518645757
0 0.7490266511437695 0.43693098549852566 0.009727535140411163 0.017293395805175395
0 0.8379930662821132 0.434228892403967 0.014996616674800692 0.028101768183409988
0 0.36694143432168497 0.45240915264080767 0.0260647943448339 0.017903091065138384
