0 0.737296146883199 0.1447707164316748 0.049546301070550955 0.030966438169094345
0 0.7791745680261647 0.15184875944175352 0.04600727956551154 0.029196927416574675
0 0.7685575035110466 0.3013724180296663 0.12386575267637738 0.034505459674133654
0 0.6446917508346692 0.2686364691080522 0.11442836199627252 0.0486615456942911
0 0.6417425662471363 0.3071233279753552 0.1745917275819415 0.09024504837850354
0 0.6948278888227266 0.3827699126455714 0.1675136845718628 0.09289931450728303
0 0.7903814694587892 0.4115244623740162 0.12268607884136429 0.1450998817066135
0 0.31910177237104853 0.27217549061309154 0.06960075626577393 0.04158350268421241
0 0.19995471503472362 0.2889858427620285 0.069600756265774 0.07520420698208624
0 0.1598458046442776 0.37657662501175254 0.2088022687973219 0.1760663198757079
0 0.35626149817396174 0.3385321438325795 0.17223237991191526 0.10174686826988143
