0 0.16616454848686785 0.4973413931092267 0.007247804586611757 0.010084370965002946
0 0.18460650440989076 0.49696209663096524 0.005421809773989885 0.010801261659120414
0 0.18967471789427268 0.4997015470517567 0.006600464072683324 0.008140081250351672
0 0.19708465446465367 0.5041144232667835 0.009740944617301288 0.013066563990551845
0 0.21788157122259186 0.5057315722755152 0.0075005273553219705 0.010867241338676621
0 0.2068743038050414 0.49945703412163633 0.006136795108899766 0.008409174845404382
0 0.2755479633570152 0.49460558709544145 0.006136795108899804 0.011384729021470932
0 0.27998009315788724 0.5111005069845044 0.007403117909148946 0.01513651472172832
0 0.28757802995938175 0.5136232594381259 0.0097409446173012 0.014748398959632815
0 0.31368376153374955 0.5149816646054604 0.010520220186685272 0.016171490087316585
0 0.3360392294304559 0.5112945648655521 0.009643535171128193 0.01474839895963278
0 0.3632651696358123 0.5096127298964701 0.009156487940263622 0.012419704387059007
0 0.3776817676694188 0.506637175720405 0.009740944617301253 0.011902216704264959
0 0.39657920022698323 0.513946689239872 0.009351306832609154 0.015395258563125297
0 0.4337896086650738 0.5116826806276478 0.008377212370879121 0.014748398959632638
0 0.4550735726538771 0.5090952422136771 0.008084984032360083 0.016042118166617953
0 0.47621142247342085 0.5075427791652948 0.008279802924706132 0.015007142801029758
0 0.49277102832283276 0.5100655316189162 0.00925389738643616 0.013325307831948937
0 0.5180974843278154 0.508965870292978 0.008474621817052021 0.014748398959631806
0 0.5349006137926609 0.5096774158568205 0.006623842339764891 0.012290332466360496
0 0.5557462352736843 0.5100008456585662 0.009351306832609036 0.01423091127683787
0 0.5905701122805376 0.5088364983722798 0.007110889570629909 0.015007142801029756
0 0.5960737459893127 0.5098067877775184 0.005649747878034638 0.014619027038933332
0 0.6030385213906831 0.5128470279139341 0.011202086309896435 0.018370812739191212
0 0.6283428388851725 0.5018739368219591 0.007615647609890103 0.013407635417847957
0 0.6421129924123578 0.49975694175598434 0.005224688476552788 0.012937192069855528
0 0.6479575591827391 0.502211012645791 0.008412633987669454 0.011086932052203518
0 0.6705506069712893 0.500961261946169 0.008891089522842179 0.010201882589188145
0 0.675177602539299 0.5110426498591071 0.010403179577747466 0.016226616401701078
0 0.7296508873891718 0.4985979223988615 0.00746488618305591 0.011080690427973536
0 0.7468493996736632 0.49995870894264777 0.008782219038888997 0.008359117340401099
0 0.7560341370851676 0.5094356152297304 0.008562663562916049 0.015649045253541365
0 0.7613034685085017 0.4975773324910219 0.005342516581990821 0.010011501000712854
0 0.7639747267994972 0.5138581714970355 0.010685033163981785 0.014579855826280835
0 0.7643406525927842 0.5072972363752092 0.009953181577407832 0.011372287544499144
0 0.7723544274657707 0.5152189580408216 0.01002636673606517 0.016329438525434555
0 0.7819050906705627 0.5105534041764119 0.011855995702500621 0.015940642370067124
0 0.7947490860149381 0.5162395479486613 0.012368291813102275 0.017398627952695235
0 0.7696857826266879 0.500734304812145 0.003079165202716041 0.007959951340168416
0 0.9599257538444226 0.5156533557554855 0.01435815236590201 0.016365547968364435
0 0.9973748154256373 0.5128214041942482 0.005250369148725298 0.01297859065018379
