0 0.04178029914979893 0.4806755815569473 0.012979087013990798 0.017717483860368404
0 0.05676805439214544 0.4841778748781828 0.008961750557279347 0.01400917328494245
0 0.049969485003864555 0.49015237524970245 0.013288112895276276 0.020189690910652373
0 0.07160129669384921 0.47943947803180526 0.01452421642041826 0.016069345826845733
0 0.09137895309612087 0.49138847877484443 0.021322785808699153 0.016069345826845733
0 0.16090977638535722 0.49427272033350905 0.015142268182989244 0.017717483860368404
0 0.11795517888667345 0.475525150202189 0.009579802319850348 0.015657311318465192
0 0.1301617011974505 0.47840939176085356 0.02101375992741364 0.013185104268181149
0 0.1320158564851634 0.4872681336910379 0.02039570816484266 0.016069345826845556
0 0.15874659521635878 0.46831454630552743 0.015142268182989298 0.013597138776561834
0 0.1562743881660748 0.4580136835960109 0.007107595269566378 0.011124931726277794
0 0.2265777761585249 0.455541476545727 0.008652724675993824 0.012773069759800464
0 0.25639877370257513 0.45677758007086894 0.01637837170813132 0.007828655659232525
0 0.23677563024094625 0.46316411495076915 0.009888828201135845 0.010712897217897109
0 0.187949540997838 0.4709927706100018 0.014833242301703783 0.010712897217897178
0 0.19331732055576714 0.47697551167168895 0.019443908450483355 0.011466920368233886
0 0.1993000616174543 0.4844539379987979 0.014956852654217947 0.013461167388796156
0 0.19200859594852304 0.487943870284782 0.013835088705151577 0.015455414409358569
0 0.21350907163896132 0.49791510538759404 0.01570469528692886 0.01944390845048332
0 0.21799612743522676 0.4921816452034772 0.015704695286928826 0.014956852654217983
0 0.2314572948240229 0.4946744539791802 0.01420901002150707 0.022933840736467488
0 0.2643623706633025 0.474482702895986 0.014956852654217912 0.014458290899077398
0 0.25557521972894937 0.4764769499165483 0.01458293133786249 0.014458290899077327
0 0.2548273770962385 0.48395537624365725 0.01981782976683878 0.015455414409358497
0 0.2752060888376105 0.49467445397918014 0.01869606581777244 0.018945346695342737
0 0.2873585316191625 0.48943955555020385 0.023557042930393308 0.01744966142992098
0 0.3008196990079587 0.483706095366087 0.021313515032260602 0.016951099674780395
0 0.3163374336367098 0.47124205148757214 0.01944390845048332 0.016951099674780395
0 0.33877271261803676 0.4742334220184156 0.01869606581777248 0.017948223185061566
0 0.3251245845710629 0.4966687009997426 0.02953978399208044 0.020939593715905147
0 0.353385141880931 0.4787470557430931 0.008683371870832061 0.0088536340643779
0 0.35517289491316106 0.486749378839742 0.023496182709310327 0.015323597419115544
0 0.3605361540098515 0.49236803122675127 0.02451775587058478 0.016345170580389878
0 0.410848632202614 0.4646152936787978 0.02298539612867323 0.015323597419115487
0 0.4149349248477114 0.4838549215494649 0.02094224980612452 0.019750414451304366
0 0.4013990804608261 0.4819820374204619 0.01021573161274361 0.012599402322383853
0 0.3952696414931799 0.4927085556138428 0.026560902193133416 0.014302024257841097
0 0.3945034616222241 0.49849747019439744 0.02145303638676168 0.023836707096401854
0 0.4671628527178632 0.4886222629687454 0.027327082064089226 0.017707268128755588
0 0.45630863787932313 0.49355986658157147 0.024006969289947548 0.02349618270931039
0 0.46792903258881907 0.4715960436141727 0.008938765161150641 0.014302024257841169
0 0.4881051025239877 0.4743202387109043 0.005874045677327544 0.014983073032023952
0 0.5061103294914483 0.4521861535499598 0.019409890064212974 0.014302024257841026
0 0.5363744343942014 0.4979866836137603 0.02426236258026613 0.01600464619329827
0 0.5225831967169974 0.4898140983235655 0.028348655225363686 0.022815133935127463
0 0.5385452773619093 0.46665844000134654 0.020431463225487292 0.01328045109656685
0 0.5506764586520424 0.45525087303378287 0.012514271225610898 0.016345170580389805
0 0.5584659540067595 0.47057447045289835 0.02298539612867323 0.014302024257841097
0 0.5808128669096362 0.4658071290336179 0.02170842967708033 0.012258877935292319
0 0.5855376427805301 0.4547400864531456 0.02349618270931032 0.013961499870749634
0 0.6008612401996456 0.4658071290336179 0.02298539612867316 0.014302024257841026
0 0.6041813529737874 0.45865611690469726 0.018388316902938514 0.009534682838560684
0 0.6069906791672918 0.4554211352273285 0.01123730477401793 0.005107865806371876
0 0.6173341074251948 0.45576165961442 0.006895618838601934 0.011918353548200927
0 0.6315084350378766 0.4588263790982431 0.01992067664485006 0.013280451096566708
0 0.6036705663931501 0.48385492154946497 0.018388316902938514 0.01225887793529239
0 0.6195049503929028 0.4915167202590227 0.025028542451221866 0.016004646193298343
0 0.6304868618766021 0.5027540250330407 0.02451775587058478 0.017366743741664196
0 0.6288268054895313 0.47227709238835547 0.022219216257717347 0.012939926709475245
0 0.6487474821343815 0.4666584400013465 0.02221921625771742 0.015323597419115344
0 0.6565369774890983 0.48130098864627896 0.0194098900642129 0.00919415845146922
0 0.6644541694889747 0.4879412141945624 0.02400696928994762 0.01566412180620688
0 0.6661142258760455 0.43822465367921004 0.009449551741787871 0.028604048515682053
0 0.6982937804561881 0.437203080517935 0.015578990709433867 0.03269034116077959
0 0.6791392836822936 0.46206136077561183 0.018643710193257022 0.016345170580389878
0 0.6825870931015947 0.4741499765173585 0.0229853961286733 0.015323597419115487
0 0.6984214771013473 0.46325319613043203 0.022474609548035717 0.01464254864493256
0 0.7261316491009145 0.46529634245298085 0.02273000283835465 0.016685694967481263
0 0.7115742315527547 0.46819079974325817 0.0048524725160532965 0.005448390193463198
0 0.7206406933590647 0.4756823362592701 0.026050115612496257 0.012258877935292319
0 0.7175759738752415 0.4870899032268338 0.03320112774141691 0.01804779251584705
0 0.7258762558105958 0.49117619587193134 0.0242623625802662 0.022815133935127463
0 0.7332826612298351 0.5066700554845925 0.033456521031735346 0.021793560773853145
0 0.7446476626490123 0.4426514707113991 0.016345170580389947 0.029285097289865048
0 0.7695485084550748 0.4979866836137603 0.02170842967708026 0.022134085160944537
0 0.7792534534871812 0.4702339460658068 0.019154496773894324 0.013620975483658171
0 0.7842336226483938 0.4811307264527334 0.028604048515682337 0.021112511999670146
0 0.8299490216154214 0.4629126717433406 0.014812810838478328 0.01600464619329827
0 0.8250965490993685 0.47380945213026704 0.027582475354407877 0.017366743741664196
0 0.8118160980028017 0.5059890067104095 0.026560902193133416 0.017707268128755588
0 0.8369723370991831 0.48964383613001977 0.02528393574154071 0.022474609548035998
0 0.8520405412279797 0.49832720800085184 0.026816295483451852 0.01804779251584705
0 0.8625116661310419 0.44452435484040204 0.020176069935168642 0.024177231483493388
0 0.8830708260016885 0.4470782877435879 0.02247460954803586 0.023155658322218928
0 0.8954574005821402 0.5061592689039552 0.016600563870708386 0.026220377806042094
0 0.9230398759365479 0.4969651104524859 0.014046630967522447 0.018728841290029975
0 0.9098871214851405 0.4906654092912941 0.011748091354655231 0.016345170580389805
0 0.9160165604527868 0.4831738727752821 0.028093261935044894 0.017026219354572804
0 0.9667988722585832 0.49407065316220866 0.015323597419115487 0.01566412180620688
0 0.9891457851614598 0.47840653135600175 0.021197643096443102 0.022474609548035998
0 0.9848040992260438 0.5271015187100797 0.030391801547912392 0.021793560773853072
