0 0.1482705964645788 0.514413870001027 0.01100565252108213 0.00933856366263683
0 0.1990188830895687 0.5125867597192066 0.006114251400601196 0.008120490141423319
0 0.20834194241742585 0.5105114365120927 0.012528347928286008 0.009075933868502657
0 0.2527606305268036 0.5088727262302798 0.007972585045272958 0.00932804314262782
0 0.2818985306327415 0.5087466715932173 0.005884527057225277 0.009580152416752767
0 0.3275510711896019 0.505847414940779 0.00607435051068407 0.00932804314262782
0 0.4944058867799565 0.4885779296632115 0.011769054114450483 0.009580152416752839
0 0.5325604009251912 0.49929257381352715 0.011009760300614957 0.00932804314262775
0 0.5726131496050146 0.49727569962052653 0.011389407207532756 0.010336480239128037
0 0.6266179221140658 0.49677148107227637 0.011958877567909382 0.011849135883878432
0 0.667714699787913 0.4855526183737106 0.005315056696848615 0.00907593386850266
0 0.6691383756888544 0.4962672625240262 0.01157923066099207 0.009832261690877923
0 0.7124181230774783 0.49500671615340097 0.012338524474825929 0.01134491733562824
