0 0.08726333907056798 0.4457831325301205 0.15028686173264483 0.09294320137693632
0 0.11513912794033274 0.5688468158347676 0.1430149168100975 0.18072289156626511
0 0.18058663224325877 0.3493975903614458 0.14786288009179574 0.1135972461273666
0 0.39450301204819277 0.7263339070567986 0.26784997131382665 0.20998278829604133
0 0.5350939472174412 0.4724612736660929 0.19513052208835333 0.10843373493975904
0 0.881723321858864 0.5740103270223752 0.15149885255306955 0.10843373493975904
0 0.9192950372920253 0.3476764199655764 0.14180292598967317 0.12736660929432006
0 0.6884107860011475 0.351118760757315 0.10665519219736083 0.09638554216867469
0 0.42237880091795754 0.310671256454389 0.15392283419391858 0.0912220309810671
0 0.48661431440045894 0.3029259896729776 0.09817125645438893 0.07573149741824438
0 0.5060061675272519 0.3502581755593803 0.1830106138841078 0.12220309810671261
0 0.6393251577739529 0.2547332185886403 0.11029116465863453 0.07917383820998282
0 0.7338604417670679 0.2745266781411359 0.11513912794033279 0.07745266781411363
