0 0.2225341351363232 0.48005810571916213 0.0682455937610895 0.05184892513017843
0 0.28590504362876346 0.4817199302425652 0.053178384748900916 0.056502033795707333
0 0.3244593725717166 0.472081348006827 0.029248111611895524 0.04520162703656567
0 0.39846595801393697 0.4627751306757693 0.06026883604875437 0.038554328942953194
0 0.3966933451889736 0.47906101100512016 0.06558667452364446 0.056502033795707195
0 0.44145181901929853 0.46609877972257563 0.03102072443685884 0.05184892513017836
0 0.4786766883435291 0.4574572922008792 0.041656401386639036 0.04653108665528826
0 0.5110268723991105 0.47341080762554955 0.05140577192393756 0.04786054627401079
0 0.6590400432835513 0.4714166181974657 0.05495099757386413 0.04121324818039817
0 0.6665736477896457 0.45513073786811475 0.052292078336419225 0.04054851837103691
0 0.7135478876511747 0.45446600805875365 0.03633856291174879 0.043207437608481954
0 0.7525453698003688 0.447818709965141 0.048746852686492585 0.0511841953208171
0 0.7693851916375206 0.46543404991321435 0.04697423986152913 0.04919000589273338
