0 0.05672282608695652 0.5252173913043479 0.11344565217391304 0.09043478260869563
0 0.10129076086956523 0.5095652173913043 0.14007065217391307 0.08347826086956527
0 0.1910054347826087 0.5408695652173914 0.1111304347826087 0.08347826086956517
0 0.3414945652173913 0.5547826086956522 0.11344565217391306 0.11130434782608688
0 0.45551902173913045 0.5208695652173914 0.11228804347826085 0.09217391304347827
0 0.48214402173913046 0.5043478260869566 0.11691847826086957 0.08347826086956524
0 0.604850543478261 0.4973913043478261 0.11691847826086957 0.08
0 0.644788043478261 0.48347826086956514 0.11113043478260863 0.0730434782608696
0 0.6483677685950413 0.5222127854179598 0.1243711821775063 0.07970470061738474
0 0.6092299839937279 0.6182504164897267 0.10349769705680592 0.09930421716264354
0 0.4692036879756965 0.6469963740894391 0.1504630385783816 0.12805017476235578
0 0.3165663280305753 0.5966909482899423 0.13915656747133565 0.10061085159899391
0 0.5774848920393296 0.7293143435795251 0.17046679515238622 0.09930421716264334
0 0.7166414595106653 0.6940352137980597 0.14089602456472747 0.13850325025316032
0 0.24526345016822912 0.6622349982033776 0.13045928200437712 0.10845065821709733
0 0.0934958187698037 0.7347532094208343 0.1869916375396074 0.13588998138045963
0 0.12567577499755 0.7308333061117827 0.19047055172639066 0.09146441054453987
0 0.1682924737856466 0.6452487505308204 0.14350521020481488 0.10583738934439622
0 0.0295707705876588 0.6047430830039522 0.0591415411753176 0.13197007807140737
0 0.8338818475810931 0.4819194459869991 0.10958579688367692 0.07709143174468353
0 0.8595388397086206 0.5256916996047433 0.12089226799072293 0.08362460392643661
0 0.9121574167837194 0.4714663704961943 0.03826805605461706 0.024826054290660763
0 0.8491020971482703 0.6485153366216967 0.11915281089733128 0.11237056152614883
0 0.9639062653121223 0.6746480253487083 0.07218746937575546 0.09930421716264341
0 0.9560787083918596 0.5864502008950447 0.08784258321628073 0.10845065821709725
0 0.9591227583052949 0.4897592526051027 0.08175448338940958 0.08754450723548804
