0 0.06376518218623482 0.35728744939271256 0.06376518218623482 0.14777327935222676
0 0.11101973684210527 0.3532388663967611 0.021634615384615384 0.09109311740890685
0 0.3586791497975709 0.40384615384615385 0.07515182186234817 0.22469635627530368
0 0.30459261133603244 0.354251012145749 0.03529858299595137 0.14979757085020243
0 0.3188259109311741 0.305668016194332 0.038714574898785444 0.12955465587044532
0 0.40308704453441296 0.3481781376518219 0.05465587044534417 0.18623481781376516
0 0.4708375506072875 0.4615384615384615 0.11728238866396765 0.22267206477732798
0 0.48108552631578944 0.4129554655870445 0.04213056680161929 0.11740890688259112
0 0.4640055668016194 0.32793522267206476 0.03074392712550612 0.08502024291497978
0 0.49702682186234826 0.34210526315789475 0.04213056680161948 0.16194331983805665
0 0.5192307692307693 0.3502024291497976 0.05237854251012152 0.07287449392712549
0 0.5254934210526316 0.2834008097165992 0.04668522267206477 0.10931174089068825
0 0.6046305668016195 0.38259109311740885 0.05465587044534402 0.15789473684210528
0 0.5636386639676114 0.3674089068825911 0.025050607287449296 0.15991902834008098
0 0.6831983805668017 0.4048582995951417 0.05921052631578945 0.2105263157894737
0 0.7156503036437247 0.39574898785425106 0.05351720647773277 0.16396761133603238
0 0.7435475708502025 0.31376518218623484 0.03871457489878551 0.06882591093117409
0 0.6450531376518219 0.3451417004048583 0.019357287449392756 0.11538461538461543
0 0.6547317813765181 0.31781376518218624 0.025050607287449365 0.1174089068825911
0 0.691169028340081 0.2783400809716599 0.020495951417003937 0.07085020242914983
0 0.7110956477732793 0.2773279352226721 0.01935728744939283 0.052631578947368425
0 0.8397646761133604 0.4230769230769231 0.06718117408906892 0.19433198380566793
0 0.9029605263157896 0.3937246963562753 0.05465587044534417 0.2044534412955466
0 0.9513537449392713 0.37955465587044535 0.05807186234817806 0.159919028340081
0 0.9149164979757086 0.2965587044534413 0.04213056680161955 0.05870445344129557
0 0.9890561740890689 0.2975708502024291 0.021887651821862305 0.10931174089068825
0 0.828378036437247 0.3026315789473684 0.05351720647773277 0.10728744939271255
0 0.789094129554656 0.388663967611336 0.0432692307692308 0.15384615384615383
0 0.7902327935222673 0.3066801619433198 0.03415991902834023 0.09919028340080971
