0 0.8889115867511401 0.4322725558108433 0.04701806350948175 0.04629470868625901
0 0.18411081474400745 0.4477041253729297 0.04795842477967144 0.05315318404718635
0 0.24476411667123904 0.4288433181303796 0.04137589588834402 0.053153184047186317
0 0.32140356019169447 0.41512636740852515 0.04795842477967145 0.02914852028394094
0 0.407916797049141 0.4279860087102638 0.04607770223929222 0.03772161448509998
0 0.42954510626350273 0.40998251088782967 0.04043553461815442 0.029148520283940868
0 0.8019281692585989 0.4425602688522342 0.04795842477967156 0.032577757964404555
0 0.7676049828966769 0.4511333630533933 0.04889878604986108 0.0428654710057954
0 0.7121236679554886 0.43998834059188646 0.039495173347964825 0.04115085216556352
0 0.6444176565018342 0.44341757827235023 0.048898786049861066 0.037721614485100044
0 0.5964592317221633 0.4528479818936251 0.03949517334796467 0.03257775796440439
0 0.5668378517111897 0.4648503137752478 0.04795842477967149 0.0428654710057954
0 0.5908170641010253 0.4425602688522342 0.04137589588834402 0.02571928260347718
