0 0.012869540772695982 0.6375432170081884 0.025739081545391965 0.051277076516210586
0 0.07641289833788241 0.635733437837028 0.06273901126689294 0.04886403762132993
0 0.11984759844573134 0.6481002621732905 0.05630424088054491 0.045847739002729496
0 0.18178226341433074 0.621556834329605 0.040217314914674916 0.05188033623993071
0 0.19988005512593446 0.6402578857649288 0.08284766872423034 0.04464121955528917
0 0.39533620561125477 0.6369399572844682 0.06997812795153444 0.033179284804606725
0 0.4464121955528919 0.6233666135007655 0.054695548283958006 0.03860862231808781
0 0.49708601234538236 0.6200486850203047 0.051478163090784006 0.04283144038412878
0 0.5441402707955519 0.6161274968161239 0.04102166121296847 0.03498906397576718
0 0.5739010838324115 0.6194454252965846 0.042630353809555356 0.0524835959636507
0 0.6109010135539125 0.6188421655728645 0.05067381679249053 0.04041840148924827
0 0.6641854204624642 0.6022525231705609 0.04906512419590356 0.024130388948804996
0 0.6802723464283342 0.6109997891645029 0.05549989458225127 0.04283144038412878
0 0.7168701030006885 0.6094916398552026 0.025739081545391968 0.03619558342320751
0 0.7719678244337931 0.6007443738612608 0.03619558342320744 0.03921188204180808
0 0.8310872773583653 0.5916954780054589 0.05308685568737076 0.0452444792790093
0 0.8725111117204805 0.5926003675910391 0.03297819823003323 0.03378254452832707
0 0.8938262886252581 0.5995378544138206 0.025739081545391968 0.03800536259436783
0 0.9107175608894216 0.5932036273147593 0.014478233369282946 0.03619558342320737
0 0.9320327377941993 0.592298737729179 0.029760813036859447 0.047657518173889815
0 0.9573696461904447 0.5862661404919777 0.02895646673856575 0.04765751817388974
0 0.9863261129290106 0.5844563613208174 0.02573908154539211 0.04645099872644962
