0 0.024835133265393737 0.48105011765045225 0.030748260233344628 0.027857398160124235
0 0.04434845225963168 0.47710803300515164 0.03193088562693481 0.022075674013683298
0 0.08869690451926335 0.43111704547664476 0.012614670864961913 0.014191504723082105
0 0.10564786849405593 0.43032862854758464 0.009461003148721421 0.012614670864961895
0 0.12575250018508893 0.42770057211738416 0.012614670864961913 0.010512225720801637
0 0.13698744142419564 0.4303286285475846 0.007489960826071105 0.015768338581202385
0 0.12397856209470365 0.4781592555772318 0.03350771948505505 0.02312689658576346
0 0.17364882862549108 0.4876202587259531 0.03429613641411515 0.02417811915784358
0 0.15847180274108388 0.42664934954530404 0.01419150472308214 0.013665893437042059
0 0.17739380903852672 0.42559812697322386 0.014191504723082105 0.011563448292881801
0 0.2012434211425953 0.4203420141128231 0.013797296258552052 0.015768338581202385
0 0.2530818342282981 0.42717496083134393 0.02049884015556314 0.01261467086496183
0 0.21090152852358177 0.4781592555772318 0.03626717873676547 0.026280564302004025
0 0.2290351178919645 0.492876371586354 0.03863242952394575 0.02312689658576346
0 0.28284457330031765 0.4870946474399131 0.035872970272235384 0.02522934172992379
0 0.30866522772703653 0.4245469044011437 0.0181335893683827 0.015768338581202385
0 0.34769186571551236 0.4090413714629614 0.011037837006841612 0.012089059578921847
0 0.35872970272235405 0.40772734324786114 0.011826253935901719 0.010512225720801566
0 0.5852024655948732 0.4412858950708536 0.01222046240043177 0.014878256976267188
0 0.6269885628350594 0.41508590125242234 0.012220462400431842 0.009461003148721473
0 0.6299451263190349 0.44110365991140627 0.009461003148721545 0.015242727295162269
0 0.6429540056485266 0.44846221791596735 0.022864090942743734 0.013140282151002013
0 0.6939785856362007 0.44763991276161536 0.02646279946145154 0.015836115031785596
0 0.7067382575814789 0.4236039031427346 0.016911550493764763 0.016614856625453173
0 0.7364447311461843 0.4185601073814363 0.014908866882661157 0.016021468888829844
0 0.7469031900041702 0.42390059701104627 0.011348540462921193 0.011274366995843223
0 0.7766096635688755 0.4216753929987086 0.012461142469089737 0.015724775020518177
0 0.7953013772725103 0.42731257649663035 0.01735659129623244 0.01750493823038809
0 0.8276780956520207 0.42671918876000703 0.019804315709803434 0.01572477502051818
0 0.8485950133679929 0.4149997809616963 0.012238622067856112 0.015428081152206516
0 0.874184859509874 0.4176700257765013 0.026479927746815974 0.010087591522596568
0 0.9255870721948696 0.4328014130603961 0.01713407089499853 0.01186775473246655
0 0.9727963580262314 0.4145365231557145 0.01922173504733351 0.015203632240828782
0 0.9884343797596551 0.42539626047059187 0.011402724180621816 0.011728516300067821
