0 0.28478033472803344 0.15829846582984658 0.0094142259414226 0.015341701534170138
0 0.4962081589958159 0.18131101813110181 0.010198744769874465 0.022315202231520247
0 0.6268305439330544 0.19386331938633194 0.0188284518828452 0.019525801952580225
0 0.7013598326359832 0.19735006973500696 0.021966527196652662 0.023709902370990184
0 0.8323744769874477 0.1931659693165969 0.0188284518828452 0.018131101813110177
0 0.9606433054393305 0.19177126917712692 0.019612970711297067 0.020920502092050198
0 0.09728033472803344 0.4532775453277547 0.02981171548117153 0.03626220362622058
0 0.16239539748953974 0.4302649930264993 0.034518828451882866 0.03486750348675031
0 0.174163179916318 0.4672245467224546 0.028242677824267766 0.039051603905160374
0 0.2753661087866108 0.4721059972105997 0.028242677824267905 0.037656903765690274
0 0.3565638075313807 0.4672245467224546 0.02275104602510453 0.03347280334728033
0 0.39343619246861933 0.4804741980474197 0.027458158995815943 0.026499302649930053
0 0.48561715481171547 0.48256624825662486 0.021966527196652662 0.0334728033472804
0 0.5181746861924686 0.5054323526938063 0.0243200836820084 0.035160399214897824
0 0.6466710202114946 0.5251046025104602 0.021511516062366846 0.02649930264993031
0 0.8368242481901115 0.5183634068553752 0.021485186020789086 0.03415593675099771
