0 0.7569284064665126 0.4880713501468433 0.05889145496535804 0.044999486183751436
0 0.9797921478060045 0.4846098512096317 0.040415704387990845 0.031153490434904826
0 0.4996409052814919 0.4333795607323404 0.057575037230542844 0.0626526342709574
0 0.48899346688954215 0.4469740002439633 0.0394349570072211 0.06383475944588113
0 0.4688816388158595 0.418011933458332 0.01971747850361055 0.0508313825217202
0 0.44364326633123796 0.42983318520756925 0.04495585098823206 0.05319563287156761
0 0.42865798266849386 0.413874495346099 0.040223656147365575 0.05910625874618624
0 0.40618005717437783 0.4085549320589422 0.04416715184808773 0.057924133571262575
0 0.42944668180863826 0.3849124285604677 0.011830487102166316 0.029553129373093227
0 0.40657440674445 0.38313924079808215 0.030759266465632536 0.037828005597559194
0 0.3856738795306228 0.3618609876494551 0.011041787962021843 0.014185502099084672
0 0.3805473351196831 0.3902319918476242 0.01814008022331979 0.0449207566471022
0 0.3454502233832572 0.3583146121246839 0.04258975356779878 0.033099504897864306
0 0.30995876207675827 0.3571324869497602 0.028393169045199257 0.026006753848321865
0 0.36280160446643456 0.3701358638739211 0.01577398280288847 0.026006753848321934
0 0.3419010772526073 0.39968899324701423 0.04337845270794325 0.04964925734679639
0 0.34939371908397937 0.4262868096827981 0.05363154152982077 0.07683813637004207
0 0.2855090887322811 0.35063079848767964 0.009464389681733075 0.015367627274008413
0 0.26500291108852614 0.3760464897485397 0.031547965605776905 0.03546375524771186
0 0.2839316904519923 0.38195711562315837 0.029970567325488064 0.05437775804649128
0 0.2933960801337253 0.4038264313592473 0.04416715184808766 0.07210963567034724
0 0.2512006761359987 0.4085549320589422 0.026027071624765946 0.0768381363700422
0 0.23345494548274917 0.3648163005867644 0.029970567325488064 0.039010130772482936
0 0.2216244583805828 0.34649336037544665 0.020506177643754987 0.026006753848322007
0 0.21452616611928307 0.3742733019861542 0.014196584522599628 0.05319563287156761
0 0.20111828073682786 0.3860945537353915 0.025238372484621508 0.06738113497065236
0 0.19520303718574467 0.41269237017117516 0.03864625786707673 0.0780202615449658
0 0.19559738675581692 0.3328989208638238 0.026815770764910346 0.04137438112233035
0 0.13131840683404644 0.3931873047849338 0.04495585098823211 0.05555988322141516
0 0.14314889393621277 0.40205324359686173 0.03706885958678786 0.08274876224466077
0 0.16680986814054546 0.3482665481378322 0.01498528366274405 0.020096127973703304
0 0.14275454436614055 0.35240398625006525 0.03312536388606576 0.021278253148627045
0 0.1699646647011227 0.3790018026858487 0.02287227506418825 0.057924133571262984
0 0.07571511745386461 0.4115102449962515 0.04732194840866538 0.05674200839633883
0 0.06585637820205932 0.3931873047849338 0.04811064754880981 0.05555988322141516
0 0.09819304294798066 0.3553592991873746 0.026027071624765946 0.039010130772482936
0 0.07374336960350356 0.35654142436229835 0.01971747850361056 0.04846713217187265
0 0.04811064754880981 0.3730911768112304 0.028393169045199233 0.06028838392111005
0 0.028787518615271436 0.35240398625006525 0.038646257867076726 0.04019225594740661
0 0.014196584522599613 0.39141411702254814 0.026815770764910384 0.08511301259450825
