0 0.9904554656896494 0.6555891136078813 0.018354873673751087 0.02789940798410143
0 0.9919238555835496 0.6663993694153174 0.01615228883290072 0.02015212172097236
0 0.9930251480039746 0.6857331696850016 0.013949703992050786 0.03238870417013956
0 0.9774235053812862 0.6621968681304315 0.010645826730775384 0.01957853191866775
0 0.969714458438311 0.6707624758448486 0.012114216624675577 0.035730820751568616
0 0.9566824981299479 0.6807964734531657 0.02496262819630118 0.03719921064546852
0 0.9533786208686726 0.6595048199916148 0.009544534310350485 0.0210469218125678
0 0.8370087217770918 0.6484918957873641 0.011747119151200707 0.015662825534934085
0 0.7738679563393888 0.6286686322197133 0.0095445343103502 0.009299802661367096
0 0.7835960393864768 0.6269555106768299 0.010645826730775526 0.00881033936340046
0 0.9260298590947837 0.6555891136078813 0.0055064621021253405 0.024962628196301323
0 0.9302514800397464 0.6636652580243316 0.018354873673750945 0.026431018090201236
0 0.9256627616213089 0.6727203290367153 0.023127140828926116 0.03768867394343516
0 0.9140991912068458 0.6778596936653656 0.020557458514601022 0.0381781372414018
0 0.9078585341577704 0.6504497489792308 0.009544534310350485 0.013704972343067397
0 0.917403068468121 0.6526523338200811 0.008076144416450432 0.01615228883290072
0 0.8221412741013537 0.644820921052614 0.014316801465525657 0.014194435641034104
0 0.8212235304176662 0.6634205263753483 0.008810339363400602 0.02202584840850122
0 0.8291161260973791 0.6727203290367154 0.017253581253325764 0.024962628196301323
0 0.8315022596749667 0.686670033028766 0.01835487367375066 0.03524135745360169
0 0.8406796965118423 0.6749229138775655 0.015418093885950697 0.03426243085766828
0 0.847838097244605 0.6624415997794147 0.014316801465525941 0.0259415547922346
0 0.8584839239753805 0.6719861340897654 0.00991163178382564 0.01468389893900067
0 0.8601358626060182 0.6874042279757161 0.026431018090201236 0.0337729675597015
0 0.8689462019694186 0.6678256960570486 0.014683898939000812 0.028878334580034703
0 0.89684560995352 0.673209792334682 0.01615228883290072 0.026920481388168015
0 0.8876681731166446 0.685201643134866 0.019823263567650854 0.03622028404953511
0 0.6800745518665217 0.660483746587548 0.01578519135942571 0.01321550904510076
0 0.8037864004276029 0.6338079968483634 0.008443241889925304 0.018599605322734334
0 0.734404986978553 0.6323395974034246 0.005506462102125198 0.01468389893900067
0 0.726328833524374 0.6599942832895814 0.010645826730775526 0.017131215428834282
0 0.7140310681629609 0.6573022351507646 0.015418093885950697 0.01468389893900067
0 0.7571650212962754 0.6555891136078812 0.01211421662467572 0.01321550904510076
0 0.7979128408520024 0.6274449739747965 0.011380021677725552 0.01076819255526715
0 0.6890684399666597 0.6284239005707298 0.009544534310350343 0.013704972343067397
0 0.6831948803910594 0.6296475588156465 0.009544534310350343 0.010278729257300511
0 0.6753022847113465 0.6318501436564966 0.00991163178382564 0.011747119151200636
0 0.7105436421649481 0.6666020378121317 0.017253581253325764 0.013704972343067254
0 0.7143981656364359 0.6805517418041823 0.019823263567650996 0.02594155479223474
0 0.654928374933483 0.6506944806282142 0.011012924204250539 0.011257655853233928
0 0.6532764363028454 0.639192093125997 0.006974851996025251 0.01272604574713384
0 0.6415293171516449 0.6431077995097305 0.006974851996025464 0.01272604574713384
0 0.6622703244029833 0.6568127718527978 0.01468389893900067 0.010768192555267292
0 0.7883683065416522 0.6788386202612989 0.023861335775876142 0.03328350426173486
0 0.7799250646517266 0.6883831545716496 0.025329725669776336 0.03377296755970164
0 0.746152097092025 0.6756571088245156 0.015785191359425566 0.03573082075156833
0 0.6756693731470927 0.6807964591266077 0.021658750935026207 0.03719921064546852
0 0.57453403125503 0.6663573252652255 0.014683898939000673 0.01713121542883414
0 0.6387760861005822 0.6497155540322808 0.01688648377985082 0.016152288832901006
0 0.5471852664685651 0.6538759920649977 0.009911631783825356 0.014683898939000954
0 0.6167502376920811 0.6252423891339463 0.008076144416450432 0.01027872925730044
0 0.6200541149533563 0.654120723713981 0.014683898939000812 0.015173362236967448
0 0.5883001834977672 0.6599942832895814 0.009177436836875543 0.013215509045100618
0 0.5192491487371165 0.6542186163735744 0.009691373299740463 0.01507546957737418
0 0.5275271967639781 0.6534110019319295 0.010902794962208162 0.010229782927503948
0 0.5259119678806878 0.6668712426260135 0.014940867170433237 0.015613879205137522
0 0.49582832992941017 0.6528725923041663 0.010498987741385548 0.011306602183030492
0 0.46785550245061364 0.6294028271666632 0.008443241889925446 0.01027872925730044
0 0.49593845917145246 0.6281791689217465 0.010679199228364168 0.009789265959333732
0 0.4498844124991321 0.6390808514673683 0.012014099131909645 0.011124165862879494
0 0.4492169625473592 0.6539872337236267 0.008676849373045812 0.01245906576642497
0 0.45572459957714373 0.6597717999723238 0.015017623914887111 0.009789265959333875
0 0.47224398588351946 0.6622191164621573 0.014016448987228003 0.015573832208031036
0 0.48742847228634983 0.6350761517567318 0.015017623914887111 0.012014099131909645
0 0.41250721519985745 0.6550996503099146 0.01601879884254629 0.011124165862879351
0 0.41801367730198274 0.6668912661245667 0.01568507386665985 0.016018798842546433
0 0.37813354268356036 0.6653338829037636 0.013348999035455193 0.01468389893900067
0 0.36611944355165066 0.665111399586506 0.010679199228364168 0.01423893230448556
0 0.40065997855589097 0.6648889162692484 0.01568507386665985 0.013793965669970305
0 0.4041640962801092 0.6430855642021486 0.01001174927659136 0.0164637654770614
0 0.42685738916297183 0.6355211183912469 0.01001174927659136 0.012014099131909787
0 0.37212649311760543 0.6332962852186711 0.006674499517727525 0.011124165862879351
0 0.26566822580985017 0.6550996503099146 0.009344299324818657 0.012014099131909716
0 0.020524086017012375 0.6517624005510507 0.013015274059568822 0.008899332690303368
0 0.03454053500424034 0.6493150840612171 0.008343124397159497 0.015573832208031178
0 0.050058746382957015 0.6350761517567317 0.008676849373045891 0.011124165862879423
0 0.08393183143542458 0.6582144167515207 0.007675674445386722 0.009344299324818763
0 0.10562395486803929 0.6524298505028233 0.013015274059568841 0.012014099131909716
0 0.11613629160846027 0.6550996503099146 0.006674499517727615 0.013793965669970447
0 0.09594593056733429 0.6755681154976125 0.009678024300705025 0.017353698746091765
0 0.0886039810978339 0.674233215594067 0.00767567444538674 0.01468389893900067
0 0.10679199228364164 0.6775704653529305 0.011346649180136907 0.014238932304485702
0 0.11797177897583538 0.6760130821321276 0.006340774541841245 0.015573832208031036
0 0.12447941600561979 0.6760130821321276 0.006007049565954841 0.015573832208031036
0 0.15584956373893952 0.6631090497311877 0.010011749276591396 0.012014099131909716
0 0.21909044666940855 0.6760130821321276 0.01435017396311441 0.01646376547706154
0 0.2507943193786146 0.67579059881487 0.013682724011341598 0.01423893230448556
0 0.2814970171601616 0.6695610659316575 0.0036709747347501674 0.011569132497394606
0 0.28466740443108224 0.6688936159798848 0.004004699710636608 0.012014099131909716
0 0.28933955409349155 0.670450999200688 0.0046721496624093466 0.01423893230448556
0 0.30152051571334443 0.6615516665103846 0.009678024300705062 0.016018798842546433
0 0.03387308505246758 0.6773479820356733 0.014350173963114355 0.015573832208030894
0 0.014850761426943913 0.6737882489595518 0.00901057434893226 0.017353698746091908
0 0.16702935043113323 0.6740107322768094 0.012347824107796087 0.01690873211157651
0 0.2970152285388783 0.6357436017085045 0.01735369874609173 0.010679199228364099
0 0.19039009874317983 0.6573244834824902 0.010345474252477765 0.013793965669970447
0 0.198399498164453 0.660661733241354 0.0103454742524778 0.013348999035455193
0 0.20874497241693077 0.6642214663174755 0.01234782410779605 0.01423893230448556
0 0.2190904466694085 0.6597717999723238 0.00767567444538674 0.01245906576642497
