0 0.031355907132528185 0.3807112228653818 0.020903938088352125 0.03817240868307778
0 0.09997535607472754 0.36844152007439235 0.023630538708571968 0.03544580806285785
0 0.06362068113846293 0.4550110897663719 0.018177337468132194 0.04498891023362737
0 0.15905170284615747 0.4679624427124167 0.027266006202198413 0.0463522105437373
0 0.14769086692857478 0.5068165015505494 0.020903938088352145 0.04226230961340747
0 0.01226970279098929 0.5749815170560456 0.02453940558197858 0.039535708993187695
0 0.049234863606121095 0.6656686626746507 0.02661343978709249 0.04990019960079849
0 0.18030605455755155 0.6287425149700598 0.025282767797737863 0.04391217564870253
0 0.19161676646706588 0.5758483033932136 0.031936127744510934 0.03393213572854293
0 0.27345309381237526 0.6746506986027945 0.02528276779773787 0.047904191616766525
0 0.27811044577511607 0.5332994280546208 0.02661343978709241 0.05116561494864224
0 0.3621834490525355 0.5483971610089013 0.02453940558197839 0.046352210543737254
0 0.4039913252292399 0.20143723208592715 0.020903938088352093 0.039535708993187695
0 0.4326206317415482 0.21507023518702628 0.032719207442638065 0.034082507752748
0 0.3701678920443633 0.4993803180408583 0.024787278365635167 0.039659645385015825
0 0.433788573182826 0.6592582634992042 0.04957455673126978 0.037180917548452416
0 0.7064486352048107 0.26576021944474965 0.04131213060939174 0.03594155363017047
0 0.6903369042671474 0.3264890514405551 0.02065606530469548 0.04337773713986114
0 0.7543707067117046 0.333305552991105 0.021482307916883485 0.042138373221579394
0 0.7204947596120036 0.35499442156103556 0.018177337468132413 0.038420281466734145
0 0.6556347145552586 0.3500369658879086 0.019003580080319944 0.03842028146673421
0 0.6420017114541595 0.37048647053955736 0.01652485224375674 0.047095828894706454
0 0.6291949509652481 0.3927950210686288 0.02065606530469566 0.04957455673126986
0 0.7490001297324838 0.40518866025144634 0.047095828894706385 0.0371809175484524
0 0.8084895978100073 0.42192007314824986 0.027266006202198413 0.03594155363017066
0 0.8423655449097086 0.44670735151388485 0.04874831411908232 0.04337773713986117
0 0.8886351311922271 0.47645208555264673 0.027266006202198555 0.04833519281298813
0 0.511455378728482 0.45538289894185674 0.023134793141259255 0.040899009303298095
0 0.5854040925192932 0.48017017730749195 0.023961035753447088 0.043377737139861094
0 0.5804466368461663 0.5756011990151861 0.04213837322157936 0.038420281466734124
0 0.6382836196993142 0.615880526359343 0.04544334367033074 0.04213837322157934
0 0.7535444640995165 0.6481039882346685 0.041312130609391116 0.03470218971188901
0 0.8398868170731449 0.6697928568045992 0.04874831411908232 0.04585646497642457
0 0.7081011204291859 0.7237051872498549 0.047922071506894225 0.05453201240439667
0 0.5812728794583539 0.6921014073336706 0.04213837322157942 0.050813920649551605
0 0.5003011034639465 0.7156493217810237 0.05205328456783327 0.040899009303297616
