0 0.032652451600973 0.4743958122928551 0.046941010796432474 0.052630830286909215
0 0.1046642295273183 0.4637274007482112 0.03733944040625312 0.042673646178575025
0 0.12973499665723107 0.47297335742023594 0.0384062815607175 0.04978592054167088
0 0.16174023129116233 0.4793744043470221 0.03200523463393126 0.04551855592381337
0 0.20494729804696948 0.46230494587559207 0.04800785195089688 0.0512083754142899
0 0.2785593377050113 0.5305827797613121 0.0437404873330393 0.05120837541428998
0 0.3532382185175175 0.5412511913059559 0.045874169641968054 0.06116555952262409
0 0.5009957184108333 0.5704115161946486 0.04480732848750378 0.05689819490476651
0 0.5602054024836061 0.5775237905577445 0.05440889887768307 0.07112274363095836
0 0.7826417831894281 0.512090866417263 0.042673646178574956 0.05405328515952838
0 0.9069287776845277 0.5248929602708354 0.03947312271518186 0.054053285159528175
