0 0.11573221043429935 0.39397076022343425 0.015743600261684705 0.021884720931136244
0 0.0879296823126008 0.396650521970104 0.014403719388349839 0.02099146701557963
0 0.08675728654843279 0.39084437151898627 0.008709225676676624 0.021884720931136244
0 0.07168362672341551 0.3970971489278823 0.009379166113344092 0.022777974846692858
0 0.05292529449672734 0.3973204624067715 0.016078570480018425 0.023224601804471164
0 0.03316205161503802 0.41317571940790077 0.016748510916685867 0.018311705268909934
0 0.04572343480255241 0.4129524059290107 0.010384076768345258 0.011612300902235462
0 0.007704315021675499 0.4187585563801294 0.015408630043350998 0.015185316564461857
0 0.07319099270591725 0.42344813943680143 0.01507365982501728 0.015631943522240163
0 0.0762057246709207 0.41161252505567636 0.013733778951682435 0.013398808733348621
0 0.12277904258941075 0.4147647516833021 0.010519725865025843 0.014764527529860771
0 0.12070278090552408 0.41993233631875343 0.011903900320950279 0.011811622023888689
0 0.1180728494392676 0.4223315720423557 0.01273440499450496 0.012918961588628264
0 0.147417347904866 0.41218095936557647 0.012734404994504995 0.014764527529860771
0 0.167626294961363 0.4140265253068091 0.00996605608265604 0.014026301153367697
0 0.17786918593520393 0.40738248791837167 0.011627065429765437 0.011811622023888689
0 0.1622280145832576 0.4166103176245347 0.013011239885689817 0.011811622023888618
0 0.2065215971728401 0.4009230071240576 0.010796560756210738 0.008489603329669962
0 0.2208907007603335 0.4075899234291218 0.013498560809841784 0.011897036645962231
0 0.21551415535302368 0.4049969795447454 0.009151566650740222 0.01281219331103621
0 0.23919383406181388 0.39981109177599256 0.012125825812230708 0.010371775537505528
0 0.24754463863061432 0.3990484612217643 0.014642506641184312 0.012507141089344885
0 0.2636742748525439 0.403319192325443 0.01532887413998978 0.014337454419492985
0 0.29719188771087973 0.40042119621937533 0.010524301648351227 0.010981879980888181
0 0.2934168664674494 0.40103130066275794 0.012583404144767697 0.011591984424270904
0 0.2889554777252136 0.40499697954474534 0.009151566650740186 0.010371775537505528
0 0.3034835897832637 0.4149111767497139 0.011210669147156658 0.0100667233158142
0 0.29913659562416206 0.41963948618592967 0.012583404144767768 0.012812193311036281
0 0.3216723285016097 0.3984383567783816 0.010524301648351227 0.012507141089344954
0 0.32556174432817436 0.3964555173373878 0.00732125332059212 0.009761671094122874
0 0.31412228601474906 0.40667476676404773 0.011439458313425242 0.013117245532727705
0 0.34500882346099715 0.39965856566514696 0.012354614978499257 0.011897036645962231
0 0.3535884171960661 0.3966080434482335 0.01349856080984182 0.009456618872431478
0 0.3516437092827839 0.39813330455669016 0.013727349976110262 0.0100667233158142
0 0.36559984842516285 0.39676056955907896 0.009609144983277437 0.015252611084567038
0 0.35015657970203856 0.4161313856364792 0.013956139142378704 0.013117245532727537
0 0.3581642005214362 0.41536875508225085 0.0066348858217865824 0.012812193311036281
0 0.34661034762487675 0.4121657067544918 0.012812193311036281 0.012507141089344885
0 0.3951136508737996 0.3941676256747028 0.011897036645962231 0.011897036645962231
0 0.39145302421350386 0.3970656217807701 0.011897036645962507 0.011591984424270946
0 0.3887075542182815 0.4011838267736036 0.010981879980888181 0.0100667233158142
0 0.40872660626677565 0.3924898384554006 0.013498560809841818 0.01159198442427108
0 0.41227283834393746 0.40713234509658475 0.013269771643573236 0.01647281997133227
0 0.4165054379199048 0.40408182287967137 0.010753090814619668 0.015862715527949548
0 0.43560933330332496 0.3946252040072398 0.012354614978499257 0.01464250664118424
0 0.4396131437130238 0.39538783456146825 0.011210669147156693 0.008846514429048824
0 0.4604329578434576 0.3920322601228636 0.007092464154323677 0.013117245532727605
0 0.47290196740509116 0.4045394012122084 0.013727349976110262 0.012507141089344814
0 0.5042460831838763 0.39233731234455477 0.008236409985666241 0.009456618872431549
0 0.5130544660852138 0.3894393162384871 0.009837934149545759 0.009761671094122803
0 0.4960096731982101 0.3932524690096289 0.0068636749880551665 0.008846514429048824
0 0.5288409185577405 0.3959979390048509 0.009837934149545617 0.014947558862875639
0 0.5073347369285011 0.4057596100989737 0.01349856080984182 0.012507141089344814
0 0.5646464230787615 0.3889817379059501 0.0068636749880551665 0.012507141089344814
0 0.5559524347605582 0.3915746817903265 0.008236409985666241 0.010981879980888181
0 0.5355901989626615 0.39096457734694395 0.010066723315814199 0.01159198442427106
0 0.5576683535075722 0.40942023675926975 0.013040982477304652 0.012507141089344954
0 0.604341343426347 0.4152162289714053 0.012125825812230744 0.013727349976110262
0 0.6049133163420184 0.401946457327832 0.013727349976110264 0.011591984424270976
0 0.6014814788479907 0.40530203176643664 0.01281219331103621 0.012202088867653558
0 0.6184118771518601 0.4080475017616588 0.019675868299091376 0.014032402197801658
0 0.6577636137500429 0.41033539342434383 0.017845554968943276 0.014337454419492985
0 0.6520438845933313 0.39020194679271597 0.013727349976108296 0.014337454419492936
0 0.6147512504915639 0.3929474167879375 0.01281219331103621 0.01006672331581413
0 0.5735692005632331 0.4059121362098195 0.01647281997133234 0.010371775537505528
0 0.6407188208630393 0.3859312156890367 0.010295512482082785 0.013117245532727537
0 0.6327112000436416 0.3969130956699249 0.015786452472526805 0.0082364099856661
0 0.6640553158224267 0.3860837417998823 0.01258340414476791 0.015862715527949618
0 0.679612979128685 0.3926423645662462 0.01166824747969386 0.010066723315814272
0 0.6887645457794251 0.3963029912265422 0.013040982477304794 0.0100667233158142
0 0.6783546387142081 0.4147586506388683 0.009609144983277246 0.01281219331103621
0 0.686819837866143 0.4120131806436462 0.007778831653129004 0.01464250664118424
0 0.677782665798537 0.40484445343389974 0.013498560809841818 0.012507141089344986
0 0.7101563328255303 0.402861613992906 0.02013344663162826 0.013422297754418935
0 0.7126730136544839 0.3906595251252524 0.007778831653129145 0.010981879980888181
0 0.7203374507244787 0.3926423645662462 0.01441371747491587 0.01189703664596216
0 0.7403565027729729 0.3908120512360982 0.010981879980888181 0.013727349976110262
0 0.74538986443088 0.4059121362098194 0.01921828996655435 0.01586271552794969
0 0.7328064602861123 0.402404035660369 0.011439458313425063 0.014337454419492985
0 0.7236548936353719 0.4129283373087203 0.01235461497849897 0.014642506641184322
0 0.729489017375219 0.43260420560781154 0.010753090814619668 0.013117245532727537
0 0.7752468506289197 0.4022515095495234 0.017159187470137876 0.014642506641184357
0 0.7551134039972913 0.3958454128940052 0.014413717474915728 0.011591984424270904
0 0.8036167072462144 0.3993535134434556 0.01441371747491587 0.01555766330625829
0 0.8160857168078479 0.40118382677360365 0.008693988318203054 0.01311724553272768
0 0.7888598060218959 0.39798077844584456 0.014642506641184383 0.011591984424270904
0 0.8199751326344125 0.4114030762002635 0.020133446631628183 0.01525261108456689
0 0.8390790280178325 0.4118606545328005 0.021277392462970966 0.017387976636406323
0 0.8691648033821409 0.406979818985739 0.01555766330625829 0.014337454419492914
0 0.8967338979174957 0.402404035660369 0.01944707913282272 0.01555766330625829
0 0.9278492245300123 0.3950827823397769 0.00938035581700859 0.014337454419493184
0 0.910918826226143 0.3993535134434556 0.009380355817008593 0.014337454419492985
0 0.9153802149683788 0.39294741678793743 0.008693988318203196 0.014337454419492914
0 0.9633115453016304 0.3987434090000729 0.017159187470137737 0.013117245532727537
0 0.4863683217272077 0.39096457734694384 0.0064060966555180695 0.009761671094122803
0 0.5467686616220928 0.3944726778963942 0.006863674988055238 0.01555766330625829
0 0.3913064231426441 0.4126232850870288 0.02265012746058197 0.022573864405159086
0 0.39393749855473204 0.41262328508702906 0.016930398303869654 0.022573864405159093
0 0.31614918202344033 0.4231475867353801 0.00823640998566617 0.014337454419492914
0 0.5859290548136399 0.38959184234933275 0.01555766330625829 0.0100667233158142
