0 0.06238064991463361 0.4937976914373332 0.012442501600223413 0.022777974846692785
0 0.07045146176342718 0.5261781458762592 0.015132772216487931 0.0294773792133671
0 0.0850798082393655 0.530421101975153 0.02017702962198391 0.029030752255588866
0 0.13014184106179624 0.5344407445951576 0.018831894313851655 0.03439027574892826
0 0.18125698277082214 0.5268480863129267 0.018831894313851655 0.029030752255588793
0 0.234557969355563 0.5237216976084786 0.018495610486818564 0.024564482677805942
0 0.2643190880479892 0.5179155471573599 0.018831894313851513 0.023671228762249304
0 0.30063774136756033 0.5322076098062661 0.018831894313851655 0.03081726008670202
0 0.3752927509689009 0.528857907622929 0.017486759005719322 0.02858412529781056
0 0.41783265508858364 0.5234983841295895 0.01647790752462015 0.030370633128923786
0 0.4596999915542002 0.5203719954251415 0.01681419135165328 0.028584125297810486
0 0.49248766468992417 0.5252848919607027 0.01916817814088482 0.026797617466697402
0 0.5429302387448839 0.5234983841295895 0.017150475178686408 0.030370633128923786
0 0.5755497699670912 0.5234983841295895 0.019840745794950793 0.023224601804471022
0 0.61876224174084 0.5239450110873678 0.018159326659785435 0.026797617466697333
0 0.6885411358502012 0.5234983841295894 0.013115069254289579 0.030370633128923713
0 0.6998066440558088 0.5246149515240351 0.008743379502859767 0.029030752255588793
0 0.7146031324452631 0.5310910424118194 0.022194732584182374 0.03662341053782003
0 0.765550132240773 0.5098762619173516 0.014460204562421808 0.025457736593362482
0 0.7802785301032668 0.502956228531339 0.014653990960118506 0.022482348738651722
0 0.7930376084392321 0.5088284837988973 0.013896025910457155 0.0201334466316284
0 0.8433159567334321 0.5063118029699437 0.017433196142209936 0.019126774300046917
0 0.8612544629087495 0.5279552580989443 0.018949126241532638 0.029529055059721542
0 0.9711743594750019 0.5010801573679373 0.015388987371911326 0.021658707740085034
