0 0.6192315793504902 0.7231446509267769 0.05113944259344363 0.05572094886131536
0 0.48468393064012716 0.7260549507889092 0.047037670659083944 0.05015741485396242
0 0.4647555033365885 0.7841526804406658 0.05644492355047488 0.04475472643484477
0 0.061372416627173326 0.5347404330384498 0.01563431234920726 0.025613901973549836
0 0.07342071533203125 0.4983365127463746 0.025294733982460172 0.020064808963950163
0 0.5013642404593673 0.7555127112694037 0.07085729860791973 0.0707940793504902
0 0.3551051719515931 0.7320046418632558 0.0707247864966299 0.07953934015012255
0 0.3662371737500203 0.7539992867988035 0.08153593773935355 0.09033562155330882
0 0.10960498510622511 0.4953286563648897 0.024625942753810512 0.01725124782986111
0 0.1561192232019761 0.5280634661905127 0.014258380964690563 0.017149562461703433
0 0.08981956407135608 0.5326578576580372 0.012452839870078891 0.019859682968239378
0 0.13892812541886873 0.5298768884995405 0.014859352859796261 0.023127577039930555
0 0.291715719185623 0.760067259325973 0.05875516405292578 0.07812781036967592
0 0.35579800469447853 0.7504801816735419 0.07072478649662929 0.05921624635880787
0 0.11223890434749022 0.7547372090184471 0.059583615888173826 0.08775881409886069
0 0.16108361272093505 0.7187099063883886 0.047805459259116195 0.050807734478287896
0 0.15969794723516353 0.7704414178571907 0.06859044154568847 0.0951490300229753
0 0.19780374809387935 0.748732658580104 0.057505117659516575 0.08683503710834657
0 0.24249146001000974 0.7288714532840461 0.04572696103045896 0.0748259362316601
0 0.26674060601101074 0.7450375506180467 0.03325597165851562 0.06835949729805989
0 0.23036688700950925 0.7769078567907909 0.06997610703145994 0.10253924594708977
0 0.1379419059840132 0.4999477667062292 0.02224106202829715 0.0138809465141145
0 0.18691956385483782 0.4980549103633954 0.020821419771171818 0.02019046765689396
0 0.20987044701169766 0.4977394343062565 0.02034820568546337 0.014511898628392502
0 0.19780348782613216 0.5248703752202074 0.019874991599754886 0.027130940913951136
0 0.19023206245479696 0.5106739526489541 0.014196422571253536 0.015142850742670433
0 0.2254865118400765 0.5062572878490086 0.01183035214271122 0.018928563428338093
0 0.24181239779701802 0.4933227695063108 0.020821419771171818 0.01451189862839243
0 0.23849989919705883 0.5087810963061203 0.013249994399836566 0.01388094651411464
0 0.25529899923970883 0.5094120484203982 0.01940177751404647 0.020190467656893887
0 0.2858213077679039 0.5157215695631775 0.02176784794258868 0.01892856342833781
0 0.294339161310656 0.5094120484203982 0.013249994399836602 0.020190467656893887
0 0.30522308528195036 0.511620380820371 0.01987499159975485 0.01829761131406002
0 0.31539718812468204 0.5075191920775644 0.021294633856880303 0.01892856342833795
0 0.3310132529530609 0.5024715751633408 0.02034820568546337 0.02271427611400547
0 0.3665043093811946 0.5049953836204527 0.025080346542547857 0.016404754971226298
0 0.11539455035759445 0.4493677311512361 0.012821616706399386 0.011396992627910479
0 0.14370895391755978 0.4484773411021807 0.013355850735832675 0.011040836608288345
