0 0.45815360264686616 0.5288327984952035 0.019708495173936455 0.02043843943963786
0 0.46253326824107427 0.5043796655942082 0.01751866237683245 0.018248606642533787
0 0.5331553759476799 0.5032847491956562 0.02846782636235254 0.014598885314026972
0 0.53452402144587 0.5321175476908596 0.030110200960180578 0.018248606642533645
0 0.5550537039187204 0.5288327984952034 0.018613578775384453 0.04233676741067839
0 0.5651816806053266 0.5200734673067872 0.022445786170316565 0.02043843943963786
0 0.7209335382993516 0.5310226312923075 0.03832207394932081 0.039416990347873
0 0.16115752953962917 0.535037324753665 0.021350869771764477 0.015328829579728379
0 0.2257575970541987 0.5240881607681446 0.01697120417755638 0.019708495173936455
0 0.2840618952770941 0.5284678263623528 0.024088160768144604 0.03138760342515816
0 0.3010330994546505 0.5208034115724886 0.012044080384072266 0.030657659159456615
0 0.8655990120777389 0.535037324753665 0.03011020096018072 0.029927714893755352
0 0.9293778922933943 0.5591254855218095 0.047081405137737134 0.029927714893755352
