0 0.7026480724813231 0.5540593954871578 0.045011025277522376 0.03231560789155459
0 0.6203178374754448 0.5564725739985399 0.02439408712593 0.028328617307531445
0 0.6069404348579994 0.5417836613205606 0.019672650908008082 0.028328617307531587
0 0.5868743309318313 0.5454558894900555 0.026754805234890922 0.03777148974337528
0 0.5180200527538031 0.5522757418048316 0.029115523343851847 0.038820697791802555
0 0.532577814425729 0.5171272721825239 0.026754805234890922 0.02518099316225033
0 0.4377556370491304 0.5312915808362897 0.016525026762726682 0.0346238655980941
0 0.4940194186460333 0.5155534601098833 0.01573812072640635 0.028328617307531587
0 0.3633930166168601 0.5291931647394356 0.023607181089609595 0.028328617307531587
0 0.4047055835236769 0.5213241043762323 0.024394087125929928 0.02518099316225033
0 0.38660674468830947 0.5118812319403884 0.021246462980648674 0.027279409259104385
0 0.3708686239619031 0.4819788025602162 0.022820275053289266 0.022033369016969003
0 0.42791931159512636 0.468339097930664 0.022033369016969003 0.03042703340438578
0 0.40745975465079803 0.4651914737853826 0.02518099316225033 0.03042703340438571
0 0.4086401137052785 0.4966677152381955 0.030689335416492512 0.028328617307531515
0 0.42555859348616537 0.5092582118193206 0.023607181089609595 0.026230201210677394
0 0.4503461336302555 0.5160780641340967 0.021246462980648743 0.02518099316225026
0 0.46411698926586115 0.5061105876740394 0.022033369016968934 0.03042703340438564
0 0.29689945654779293 0.5323407888847167 0.03698458370705513 0.030427033404385854
0 0.3185393725466018 0.5223733124246593 0.02203336901696904 0.02937782535595872
0 0.33939238250909026 0.5008645474319039 0.027541711271211255 0.026230201210677463
0 0.34608108381781305 0.490372466947633 0.02518099316225026 0.022033369016969003
0 0.5172331467174829 0.5008645474319039 0.027541711271211185 0.028328617307531515
0 0.5400534217707721 0.49929073535926327 0.02754171127121147 0.016787328774833413
0 0.5600134198578912 0.4909277815339685 0.02785058402012922 0.020195745137403662
0 0.5729614983935652 0.5000484406282797 0.021498696436590876 0.013680988641466954
0 0.5670982175472222 0.5036315567010449 0.02345312338537198 0.018241318188622485
0 0.5876197005094227 0.5111235266713721 0.025407550334152942 0.018892793838216307
0 0.6025222059938778 0.5023286054018575 0.02394173012256708 0.0208472207869972
0 0.632327216962788 0.4964653245555147 0.02589615707134804 0.016938366889435414
0 0.6550474302423672 0.5000484406282797 0.023453123385371987 0.014983939940654382
0 0.6364803742289475 0.5088433618977942 0.02443033685976239 0.018241318188622485
0 0.6416107449694978 0.513077953620153 0.024918943596957774 0.01498393994065431
0 0.6675069020408461 0.5094948375473879 0.02296451664817667 0.01824131818862277
0 0.6711714525698105 0.5241530396632454 0.03029361770610535 0.02019574513740359
0 0.8850156425007925 0.49956656401143135 0.017767517716190895 0.020997975482771027
0 0.8797661486300994 0.4955284918032062 0.01453705994961055 0.016152288832900794
0 0.8650271850700776 0.5033354314057749 0.020594168261948625 0.017767517716190825
0 0.8468558601330642 0.49714372068649637 0.014940867170433166 0.02369002362158774
0 0.8288864388064618 0.5060274795445917 0.02019036104112601 0.017767517716190753
0 0.8288864388064618 0.4982205399420229 0.02665127657428641 0.02045956585500768
0 0.8107151138694485 0.5084503228695267 0.02503604769099624 0.01830592734395431
0 0.7788907967825819 0.5041458774532759 0.020630271236612572 0.012135453668595631
0 0.7719129109231392 0.5077865135538545 0.021843816603472278 0.01618060489146089
0 0.7801043421494414 0.5124384374601496 0.026091225387480675 0.017394150258320522
0 0.7857169894711669 0.5191129369778771 0.030035247829774223 0.025079937581764397
0 0.7832898987374477 0.49362848427382633 0.024574293678906116 0.015371574646887893
0 0.7482487762693776 0.5170903613664446 0.02730477075434024 0.022652846848045128
0 0.756136821153965 0.48816753012295827 0.017596407819463592 0.017394150258320452
0 0.7632664001842648 0.5005052413526972 0.009404976593161791 0.020225756114326074
0 0.7520411055408138 0.49302171159039654 0.01789979416117859 0.010112878057163073
0 0.7433945948019395 0.4903923632955341 0.02002349855318272 0.00889933269030351
0 0.7523444918825288 0.5027300745252731 0.017293021477748596 0.01577608976917439
0 0.7347480840630652 0.506572968186995 0.023967520995476405 0.014562544402314756
0 0.7253431074699036 0.4863472120726689 0.019720112211467865 0.009708362934876504
0 0.7218541645401823 0.4889765603675313 0.010921908301735783 0.00849481756801687
0 0.7286803572287672 0.4932239691515398 0.008191431226302085 0.01698963513603388
0 0.7153313581933122 0.4946397720795426 0.016686248794319028 0.006876757078870881
0 0.7127525742887354 0.5011120140361269 0.01941672586975315 0.016585120013747387
0 0.6878748942681144 0.5021233018418433 0.01941672586975315 0.016989635136033954
0 0.7042577567207187 0.5164835886830148 0.02609122538748067 0.018203180502893518
0 0.7003137342784251 0.527607754545894 0.032158952221778635 0.021034786358899212
0 0.296488846340859 0.4651498124733159 0.020133820859260895 0.034199914884224115
0 0.25070508931842994 0.45889821512888784 0.01847898626808881 0.03714184304630777
0 0.21719468884719426 0.4590820856390181 0.010480619077423512 0.03456765590448455
0 0.3162089585523269 0.48390460450660017 0.02206446121562845 0.018019309992763296
0 0.30393560200113356 0.48942071981050717 0.025649936163168015 0.0165483459117214
0 0.30641785388789183 0.49640779919545625 0.02289187851121447 0.015077381830679429
0 0.2931791771585147 0.4976948927663679 0.026201547693558817 0.017651568972502786
0 0.2871114503242169 0.5057851952120983 0.02895960534551229 0.02353542529667038
0 0.280630014842126 0.5107496989856147 0.025925741928363378 0.020225756114326216
0 0.2671155323475536 0.49751102225623767 0.013238676729377055 0.014341899790158479
0 0.27442438512523054 0.48408847501673036 0.026201547693558817 0.012503194688856141
0 0.25746233056571616 0.49530457613467477 0.02537413039797265 0.0165483459117214
0 0.24698171148829268 0.4824336404255582 0.02206446121562845 0.015077381830679429
0 0.22795111368981313 0.4785723597128232 0.02206446121562841 0.011767712648335262
0 0.2250551531552619 0.4872142736889444 0.023443490041605203 0.015812863871200306
0 0.20974793318691964 0.48408847501673036 0.015996734381330598 0.015445122850939939
0 0.217746300377585 0.4984303748068888 0.026477353458754144 0.018387051013023736
0 0.22767530792461776 0.510198087455224 0.02758057651953557 0.01618060489146096
0 0.19678506222273795 0.5249077282656429 0.03033863417148911 0.017651568972502644
0 0.17568592118529325 0.5100142169450937 0.022340266980823777 0.017283827952242207
0 0.16782545687722564 0.475262690530479 0.02261607274601916 0.016916086931981697
0 0.18726976332349818 0.48077880583438604 0.022340266980823812 0.017651568972502644
0 0.1663085251686512 0.4875820147092048 0.025649936163168085 0.015812863871200306
0 0.09804894952694887 0.4745272084899581 0.015169317085744555 0.019858015094065637
0 0.10053120141370708 0.48794975572946536 0.025098324632777357 0.01434189979015855
0 0.12314727415972623 0.4919949069523306 0.025649936163168033 0.018754792033284246
0 0.09404976593161624 0.5098303464349636 0.035854749475396214 0.022064461215628484
0 0.09211912557524872 0.5228851526542104 0.028683799580316974 0.023167684276409802
0 0.044404728196452234 0.4710336687974835 0.012135453668595643 0.0165483459117214
0 0.016824151676916685 0.5098303464349635 0.03199346876266124 0.01912253305354483
0 0.008136270073262987 0.520526438766446 0.016272540146525974 0.016117399403603586
