0 0.8752886836027713 0.14817644573327088 0.24711316397228628 0.20003820173991568
0 0.8833718244803694 0.2667176023198875 0.23094688221709006 0.18151614602325675
0 0.8366050808314088 0.4148940480531584 0.29445727482678974 0.1741073237365933
0 0.8048498845265588 0.5565877742855986 0.29099307159353344 0.15002865130493676
0 0.6893764434180136 0.3278403861848617 0.21709006928406466 0.10742792315662135
0 0.5086605080831409 0.2861657608223793 0.2159353348729792 0.20929922959824512
0 0.36778290993071594 0.31024443325403583 0.12355658198614318 0.20559481845491331
0 0.5773672055427251 0.4260072814831537 0.22863741339491908 0.1889249683099203
0 0.5115473441108545 0.5445484380697704 0.25173210161662823 0.0777926340099672
0 0.4058891454965358 0.598262399648081 0.09353348729792145 0.10001910086995779
0 0.5663972286374134 0.6112278386497423 0.2505773672055427 0.16299409030659803
0 0.22055427251732102 0.2500477521748945 0.21478060046189376 0.21856025745657445
0 0.20612009237875292 0.37321942269067593 0.23441108545034645 0.1907771738815862
0 0.2217090069284065 0.5288046907106103 0.19399538106235567 0.13521100673160955
0 0.06812933025404157 0.5232480739956127 0.13625866050808313 0.17225511816492742
0 0.4093533487297921 0.6593851835130553 0.3521939953810624 0.24078672431656514
0 0.20727482678983836 0.7529215648821824 0.315242494226328 0.23152569645823562
