0 0.9376809512867647 0.6591026754940258 0.014653344247855393 0.04016484279258578
0 0.592247906853171 0.8033565346711602 0.029797662473192398 0.09535063699959151
0 0.8931681015912224 0.7536262861264298 0.023755541034773283 0.07069482741013072
0 0.20429051818106042 0.8103867075801674 0.07025864343069457 0.10455848843443624
0 0.5246958265117571 0.8000688939312706 0.06521250406901041 0.07572005527471405
0 0.0777000726438036 0.7373218411713642 0.01477798761106005 0.03438712724673203
0 0.48816742242551314 0.7331189523335375 0.038468454398360906 0.057486340890522875
0 0.8648254095339307 0.7557868907654209 0.0195187437768076 0.05952874476613562
0 0.3715476989746094 0.8114506341273489 0.05981119193282782 0.09477195989072712
0 0.4195226472550182 0.69467498180913 0.023473730190949213 0.0373650843801062
0 0.7239897185680914 0.7696348103043301 0.021716488108915445 0.04432141671772876
0 0.8800515567555148 0.7043589536288863 0.023358992034313707 0.04067588997466199
0 0.8517120660520067 0.7123883016748366 0.023270969764859067 0.036742206648284315
0 0.6819079530005362 0.7106516719643586 0.020286589977787994 0.035433979907066995
0 0.7537396599264681 0.7348155866811151 0.028675872204350486 0.03500686023662268
0 0.10156414484529347 0.7604922226051879 0.018763731489376875 0.05031594669117643
0 0.5256908341950062 0.7156034182878881 0.026883473115808822 0.051602312474468955
0 0.634923688103171 0.7242595996732025 0.028245215322457103 0.04244999106413399
0 0.38558116239659923 0.701840469260621 0.023514930874693626 0.032370493770424835
0 0.825940300436581 0.7640838822508171 0.02271094228707108 0.06509028416053922
0 0.1490094451453214 0.7476851319955066 0.025692639609402743 0.036512586805555504
0 0.44685508313860806 0.6996630039275586 0.0255452287518873 0.03978298166026644
0 0.3868765288708257 0.7787809085222631 0.024554772470511643 0.07211483226102941
0 0.4978586533490349 0.6922855551725899 0.029048126819087014 0.04115652445874183
0 0.9072420408003548 0.678809382392065 0.025068200314420617 0.021612785517354037
0 0.38223996629901963 0.7275855768739787 0.019021486768535538 0.03030407475490196
0 0.5525817763224449 0.6842130629381984 0.02266213573593004 0.03327105038994077
0 0.7951023267382756 0.7662859748391544 0.03082195785157219 0.07677640229268785
0 0.4667541354310279 0.6922170601639094 0.020794228946461393 0.03904486762152778
0 0.19386032052559984 0.7171882579529207 0.028256631448335325 0.03333389182495913
0 0.5526307648303462 0.7082723779616014 0.016398171817555148 0.031972369025735296
0 0.8892467124789368 0.6613253524880004 0.017236986347273286 0.03562167298560049
0 0.33456917557061894 0.709481671900531 0.019590370327818626 0.04115317350898693
0 0.28211499382467836 0.7184228834763071 0.01925677131204044 0.04171932444852941
0 0.32088621550915286 0.7190688588260825 0.023168496524586395 0.05384840622446895
0 0.17640122058344818 0.7308001748876634 0.01772317325367647 0.04142412173202614
0 0.8068341951285936 0.7484523798126022 0.03247095659483473 0.05954470166973038
0 0.6167392113028906 0.6854000714869283 0.016978742682217593 0.031193352992238736
0 0.3066231774487715 0.7164297864328023 0.018873336240630978 0.0221121195874183
0 0.6041321501683763 0.714827617559893 0.016099617593713655 0.035202716524416325
0 0.35193238584908615 0.7182402841776273 0.015542650125564677 0.03987257706958328
0 0.3595491895488664 0.6998426649305556 0.025774787454044115 0.039067287071078434
0 0.24243742212378244 0.7230207307737156 0.013179819212683172 0.019879549785842252
0 0.28527432588117796 0.7128144581717253 0.012296584083664651 0.019879549785842266
0 0.4984474767683837 0.6887526146565189 0.029636950238435315 0.026239664501983048
0 0.5938368707023822 0.699351436204744 0.017860481851524973 0.03958632867381587
0 0.6034906843676161 0.6859888949062752 0.015801095843526698 0.037866685078154425
0 0.7485742064802572 0.7148662492336807 0.01692001263711506 0.035006860236622535
