0 0.685201108455658 0.43246931188246784 0.043462395668029785 0.034174331964231
0 0.2658852934837342 0.4370161916695389 0.04623432954152426 0.04160733690448836
0 0.782204270362854 0.4354770735198376 0.025941133499145508 0.02726596009497549
0 0.6286386847496033 0.4663245107613358 0.0489271879196167 0.02765826056985294
0 0.7428608735402427 0.4366771024816177 0.023061275482177734 0.03133706485523897
0 0.5124017397562662 0.4465355517817479 0.023749351501464844 0.028560294357000613
0 0.609495222568512 0.4316704245174632 0.03242981433868408 0.028208175359987746
0 0.506216843922933 0.4120277703977099 0.02905042966206868 0.02326567406747855
0 0.9494524399439495 0.5027957691865809 0.04323442776997885 0.03233690448835784
0 0.5556728839874268 0.46015786563648897 0.057800928751627595 0.026828840667126225
0 0.636699914932251 0.4286524454752604 0.019009828567504883 0.018510107900582107
0 0.5527777075767517 0.42074023976045494 0.03228890895843506 0.01784192253561581
0 0.35913622379302984 0.4250232023351333 0.04217998186747232 0.030620111203661152
0 0.32053297758102417 0.411492665608724 0.042032599449157715 0.016729945762484683
0 0.45706009864807134 0.4921209597120098 0.08906666437784833 0.034760598575367646
0 0.4300341804822285 0.3941409241919424 0.014676928520202637 0.01052850461473652
0 0.37475178259707875 0.3999972491882403 0.02701985130500485 0.017951179464653605
0 0.6502071022987366 0.40201830396465227 0.010698437690734863 0.009496501847809436
0 0.5161119103431702 0.3876912883683747 0.011271357536315918 0.008542378743489584
0 0.5614417056206848 0.39344899882473705 0.010098048058356401 0.007854774064676722
0 0.4900964606610552 0.39054226022511157 0.021003188452649098 0.007008305678038646
0 0.35881231228510546 0.4782866982852711 0.05026042461395264 0.05961276783662684
0 0.4879956107975561 0.40061550114696165 0.02714010705366021 0.01153264564572157
0 0.3940330147743225 0.4150530347637102 0.029361367225646973 0.0200927734375
0 0.37888315501410735 0.3975199806995577 0.010349372190646388 0.009779212223291756
0 0.39667996938067573 0.40869122672523855 0.009131798991748565 0.005958946479319358
0 0.4788638118058091 0.4011884767699735 0.014355588465214097 0.0103866943996982
0 0.4111386511176085 0.38737653354920937 0.010044978890920786 0.008250848971365982
0 0.42757588930275126 0.3849700359325611 0.010044978890920785 0.007104897725343023
0 0.48536110374154506 0.38453188823225964 0.013493016291335565 0.006543373005090274
0 0.5332640496965639 0.3871747062890247 0.020876555574217814 0.007164826531890173
0 0.580194711313728 0.39224364063958783 0.016501513416955382 0.0064772218530784855
0 0.5928872944352392 0.3944821629834328 0.011241524015249497 0.008543550170475095
0 0.5537804167095032 0.3883692750444693 0.013071085546278212 0.007338191985327876
0 0.6209773522290362 0.39968496255983754 0.014407797056849879 0.007232149110889445
0 0.6103430258299329 0.3964132760572923 0.01966778645855704 0.006198984952190857
0 0.6121725873609616 0.39348597760764653 0.009605198037899854 0.00447704468769339
