0 0.02092050209205021 0.405857740585774 0.0397489539748954 0.0167364016736402
0 0.0350418410041841 0.39260808926080876 0.04497907949790795 0.012552301255230129
0 0.14801255230125523 0.617852161785216 0.10355648535564849 0.06415620641562066
0 0.0198744769874477 0.5836820083682008 0.03765690376569038 0.026499302649930244
0 0.04079497907949791 0.47838214783821476 0.06485355648535565 0.03905160390516045
0 0.0967573221757322 0.5627615062761508 0.10564853556485355 0.051603905160390554
0 0.16370292887029295 0.5167364016736401 0.1035564853556486 0.032078103207810224
0 0.2353556485355645 0.5097629009762903 0.037656903765690364 0.026499302649930088
0 0.13232217573221758 0.4881450488145049 0.04288702928870294 0.027894002789400244
0 0.13448600210817077 0.42668254112216014 0.05139878245901912 0.039243007016489445
0 0.14201143539629327 0.39261611707205707 0.040268956097978655 0.03550596129069104
0 0.1423361850422448 0.3488831647505963 0.04611444972510462 0.031175966011338332
0 0.212482108567756 0.34368717041537367 0.0487124468927161 0.029443967899596368
0 0.2572975597090549 0.33935717513602065 0.06170243273077375 0.022515975452633227
0 0.33004148040217757 0.331563183633186 0.02273247521660089 0.041567954681784404
0 0.21345635750561043 0.3852551250971578 0.06235193202267632 0.024247973564374182
0 0.19981687237564982 0.41469909299675534 0.06235193202267679 0.015587983005670259
0 0.21150785962990176 0.42509108166720055 0.07274392069312266 0.029443967899597356
0 0.24106007741148283 0.4701230325724675 0.07599141715263716 0.020783977340892223
0 0.3287424818183718 0.47488602737975555 0.026629470968017963 0.03723795940243257
0 0.29366952005561625 0.4831130184105251 0.04091845538988146 0.039835956570043435
0 0.3271187335886148 0.41599809158056117 0.08183691077976323 0.019917978285022543
0 0.3969399074681745 0.40907009913359665 0.08508440723927756 0.01818598017328071
0 0.4560443430313368 0.4142660934688201 0.07339341998502563 0.028577968843727663
0 0.3985636556979313 0.4852780160502014 0.07404291927692855 0.0303099669554683
0 0.46806007993154 0.48744301368987775 0.08963090228259767 0.024247973564374317
0 0.4794263175398406 0.5744759188048646 0.07469241856883178 0.02857796884372842
0 0.5570414829222348 0.5636509306064825 0.06624892777409386 0.024247973564374234
0 0.6453733866210267 0.5948268966178205 0.07014592352551118 0.0329079641230793
0 0.4375336132121045 0.3618731505886539 0.041567954681784515 0.020783977340892223
0 0.4355851153363959 0.3311301841052508 0.028577968843726823 0.023381974508503732
0 0.45182259763396787 0.3380581765522149 0.02597997167611531 0.021649976396762794
0 0.5021587927564413 0.31987219637893416 0.03312446388704693 0.0320419650672088
0 0.5138497800106933 0.36403814822833014 0.0370214596384642 0.016453982061539345
0 0.5125507814268873 0.3666361453959417 0.055207439811744835 0.03723795940243193
0 0.6018569340635337 0.3146762020437114 0.04676394901700686 0.03377396317895007
0 0.5904906964552333 0.32420219165828684 0.056506438395552167 0.037237959402432186
0 0.5690572198224385 0.3588421538931071 0.05520743981174581 0.03896995751417329
0 0.6187439156530092 0.3679351439797485 0.04546495043320306 0.0277119697878563
0 0.5917896950390389 0.3415221727756969 0.05910443556316224 0.03550596129069085
0 0.6564148745833756 0.33632617844047424 0.04416595184939617 0.0285779688437268
0 0.6992818278489659 0.3540791590858193 0.02078397734089208 0.034639962234820416
0 0.73857653500909 0.3514811619182078 0.07599141715263713 0.03810395845830243
0 0.728834045630547 0.31987219637893416 0.03832045822227002 0.016453982061539668
0 0.8428211713595027 0.30471721290120024 0.05195994335223062 0.017319981117410174
0 0.9025751062145679 0.3220371940186104 0.050660944768424795 0.03810395845830243
0 0.9175135899283342 0.3259341897700277 0.03767095893036711 0.033773963178949845
0 0.939596565853032 0.3120782048761 0.023381974508503132 0.037237959402432116
0 0.9740200283238849 0.31640820015545223 0.031175966011338273 0.032041965067208876
0 0.643424888745318 0.4246580821392658 0.03637196034656135 0.01818598017328064
0 0.6833690951973455 0.42335908355546004 0.05131044406032779 0.01905197922915122
0 0.5956866907904572 0.438081067505259 0.08118741148785906 0.019051979229151708
0 0.6005579354797275 0.4813810202987844 0.06494992919028823 0.01905197922915165
0 0.6518683795400555 0.4787830231311726 0.041567954681784446 0.022515975452633227
0 0.6077024276906597 0.5000000000000001 0.08443490794737443 0.04070195562591387
0 0.7035035732463345 0.3835231269854167 0.07729041573644281 0.024247973564374307
0 0.7583862634121289 0.3973791118793447 0.07793991502834444 0.031175966011338256
0 0.8100214571184056 0.37832713265019374 0.05131044406032806 0.01905197922915086
0 0.8889356210846074 0.38309012745748133 0.03247496459514409 0.033773963178949915
0 0.9006266083388593 0.37226513925909993 0.07404291927692837 0.031175966011338298
0 0.9363490693935179 0.38092512981780524 0.041567954681783724 0.041567954681784494
0 0.9568082970884584 0.39867811046315055 0.034423462470852685 0.032041965067208834
0 0.981164520534817 0.4272560793068773 0.02727897025992127 0.01818598017328053
0 0.8334034316269109 0.40430710432630884 0.03702145963846434 0.020783977340892223
0 0.8545121586137546 0.41296709488501393 0.04416595184939581 0.019051979229151216
0 0.8733476380789392 0.43158607458622983 0.035072961762757565 0.02511397262024476
0 0.8415221727756985 0.44847305617570454 0.057155937687455555 0.029443967899597384
0 0.7996294684479621 0.45453504956679813 0.0630014313145789 0.043299952793525866
0 0.8285321869376401 0.4735870287959496 0.08183691077976178 0.03290796412307937
0 0.8801673806439182 0.4787830231311728 0.09547639590972352 0.020783977340891987
0 0.9045236040902764 0.4644940387093092 0.07664091644454003 0.01818598017328064
0 0.809047208180553 0.5575889372153885 0.10781688245587823 0.06408393013441761
