0 0.51926699421753 0.5504544496202285 0.02838062791137865 0.025775642740768916
0 0.045098039215686274 0.4715686274509804 0.00980392156862745 0.01470588235294123
0 0.008333333333333333 0.5197712418300654 0.016666666666666666 0.013071895424836626
0 0.016544117647058824 0.5104575163398691 0.027696078431372548 0.019281045751634026
0 0.09215686274509803 0.5202614379084967 0.03284313725490196 0.01732026143790847
0 0.0946078431372549 0.509313725490196 0.03284313725490195 0.022222222222222143
0 0.12365196078431374 0.4913398692810458 0.024754901960784323 0.01764705882352942
0 0.10012254901960783 0.48807189542483653 0.02328431372549021 0.016339869281045694
0 0.09779411764705884 0.4736928104575163 0.011764705882352953 0.013725490196078525
0 0.19754901960784313 0.5245098039215687 0.026960784313725485 0.018627450980392198
0 0.1756127450980392 0.5111111111111112 0.020343137254901934 0.019934640522875854
0 0.18762254901960784 0.48104575163398694 0.02279411764705884 0.013398692810457503
0 0.16654411764705881 0.4875816993464052 0.023774509803921564 0.014052287581699331
0 0.16752450980392156 0.4751633986928104 0.01691176470588232 0.01470588235294123
0 0.1527113313636389 0.5020514241608314 0.008822677301914971 0.019193192726972938
0 0.21725618109870098 0.4580928214635709 0.008822677301914971 0.030337627213602333
0 0.2281684398668589 0.5083975604657175 0.02507497759491617 0.015787948856058234
0 0.21679182966175808 0.4988009641022311 0.02182451753631593 0.018883625102344297
0 0.22491797980825873 0.48781131342791595 0.02228886897325882 0.015478381231429736
0 0.22793626414838747 0.47960777137525823 0.019967111788544364 0.010834866862000752
0 0.20971047024837894 0.48378693430774433 0.013234015952872404 0.013620975483658171
0 0.2504573088401178 0.4590215243374567 0.016252300293001235 0.03281416821063111
0 0.24918034238852485 0.48177474474765836 0.02159234181784452 0.01578794885605845
0 0.2959637496605213 0.4649033092054 0.017645354603829943 0.028480221465830836
0 0.2748357592796196 0.48502520480625866 0.02275322041020168 0.014859245982172524
0 0.2574225803942612 0.4952409364190023 0.020431463225487258 0.015478381231429807
0 0.2690313663178335 0.5009679374746312 0.010215731612743646 0.019502760351601367
0 0.2827297337076488 0.512267155773575 0.02553932903185906 0.019193192726972796
0 0.2849354030331276 0.5042183975332315 0.019734936070072918 0.01609751648068688
0 0.2931776410388639 0.4986461802899168 0.020895814662430182 0.018574057477715657
0 0.3067599205694435 0.49663399072983094 0.01834188175924421 0.01640708410531552
0 0.3039738119477861 0.4892043677387447 0.02391409900255898 0.013311407859029529
0 0.31720782790065855 0.48471563718163 0.018806233196187173 0.01733578697920137
0 0.29689245253440705 0.5297577265650907 0.030647194838230904 0.021360166099373076
0 0.31778826719683717 0.5203159140139185 0.01950276035160151 0.02105059847474429
0 0.3425149812140462 0.5011227212869456 0.0262358561872734 0.01919319272697287
0 0.34704240772423944 0.48966871917568755 0.02321757184714464 0.015478381231429736
0 0.37095650672679836 0.4833225828708014 0.020895814662430116 0.01640708410531552
0 0.3632947080172406 0.5271264017557477 0.022753220410201606 0.018574057477715657
0 0.38697663130132826 0.5110288852750606 0.014394894545229632 0.022908004222515998
0 0.40473807376439375 0.5187680758907756 0.02298539612867316 0.018574057477715657
0 0.4094976759930584 0.467998985451686 0.01950276035160151 0.023527139471773283
0 0.4286521727669528 0.46939203976251465 0.017877530322301355 0.025074977594916205
0 0.4103102910077085 0.495086152606688 0.02344974756561605 0.020741030850115864
0 0.4269108548784169 0.5099453985888605 0.021360166099373076 0.016407084105315592
0 0.43840355294275346 0.5297577265650907 0.014627070263701114 0.028789789090459265
0 0.45070886602174004 0.5142793453336608 0.011376610205100945 0.01640708410531552
0 0.4644072334115555 0.5053018842194317 0.01694882744841557 0.01950276035160151
0 0.49493834039055057 0.5128862910228322 0.016252300293001128 0.016716651729944233
0 0.5175754729415165 0.5006583698500028 0.022056693254787377 0.02074103085011579
0 0.5332473339383392 0.5173750215799469 0.025074977594916135 0.014549678357543954
0 0.5608762444364414 0.491990476360402 0.02321757184714457 0.015787948856058307
0 0.5423021869587257 0.5046827489701744 0.018574057477715726 0.015168813606801095
0 0.540096517633247 0.49524093641900224 0.01973493607007285 0.007429622991086262
0 0.5665645495389917 0.5032896946593457 0.02019928750701581 0.015478381231429665
0 0.5791020383364498 0.49988445078843113 0.006733095835672031 0.011763569735886605
0 0.6034804887759516 0.5029801270347172 0.02112799038090152 0.016097516480686806
0 0.5883890670753077 0.510719317650432 0.019734936070072918 0.01671665172994409
0 0.5888534185122505 0.539354322928577 0.02577150475033058 0.025074977594916063
0 0.6095170574562093 0.537806484805434 0.017413178885358534 0.021979301348630145
0 0.6210097555205459 0.5532848660368639 0.02228886897325886 0.025694112844173347
0 0.632270277866411 0.4967887745421452 0.022521044691730198 0.013620975483658242
0 0.6417894823237402 0.5166011025183753 0.015555773137586968 0.014859245982172595
0 0.6355207379250112 0.5083975604657176 0.022521044691730267 0.015168813606801095
0 0.655720025432027 0.5003488022253741 0.021127990380901594 0.014549678357543954
0 0.668373602088721 0.5097906147765463 0.0199671117885444 0.015478381231429807
0 0.6715079742880853 0.5226376711986329 0.027628910498102073 0.01702621935457273
0 0.8468801136680811 0.4974079097914024 0.014162718826758293 0.019193192726972938
0 0.8658024347235039 0.5037540460962887 0.020895814662430182 0.016407084105315592
0 0.8806616807056764 0.496169639292888 0.012073137360515318 0.014240110732915312
0 0.8853051950751055 0.49942009935148834 0.015323597419115487 0.019502760351601436
0 0.8107767894457713 0.5088619119026605 0.02321757184714471 0.014240110732915454
0 0.8295830226419584 0.504992316594803 0.016252300293000985 0.013930543108286812
0 0.8283060561903653 0.4967887745421453 0.023449747565615978 0.014859245982172595
0 0.7322879490913737 0.48731869261633143 0.005233111610926642 0.012686331178004053
0 0.7280063123187975 0.4908074336902826 0.00586742816982678 0.013743525442837665
0 0.7183329847955694 0.4890102034400654 0.012527752038278947 0.009726187236469811
0 0.721425278020208 0.4976791964117014 0.005074532471201536 0.015646475119538296
0 0.707866761573716 0.4949304913231339 0.006501744728727204 0.012686331178003982
0 0.6874893421190471 0.5020136928975195 0.01934665504645608 0.015012158560638226
0 0.7433091993022649 0.4903845559843491 0.01807802192865566 0.008246115265702585
0 0.7578191905871069 0.4866843760574312 0.015382176553329997 0.011417698060203705
0 0.7502073918803045 0.4937675776318169 0.019822392465631253 0.010783381501303424
0 0.7636073291870713 0.49873639067653514 0.009831906662953003 0.01606935282547177
0 0.7522689206967301 0.501590815191586 0.013479226876629297 0.012897770030970718
0 0.7345080570475245 0.5069825059422377 0.021408183862881743 0.012263453472070439
0 0.7480665734940166 0.5168144126051915 0.02442118751765775 0.020086691031838667
0 0.7033472560915521 0.5161800960462907 0.025372662356007963 0.014589280854704683
0 0.7009685689956763 0.526646319268144 0.030764353106659856 0.018606619061072607
0 0.7032679665216897 0.5513846650652529 0.0375832561148368 0.026218417767875136
0 0.7092939738312416 0.5003221820737871 0.022042500421781887 0.014166403148771135
0 0.7835883007924277 0.4930275416464333 0.022201079561506843 0.012263453472070508
0 0.7719327340226363 0.5081454196335549 0.01982239246563111 0.016280791678438433
0 0.7794652431595762 0.5046566785596036 0.01839518020810587 0.00972618723646974
0 0.781526771976002 0.5120570384134393 0.020298129884806428 0.01606935282547184
0 0.7871563314362412 0.5178716068700244 0.023311133539582442 0.020509568737773095
