0 0.7847078809551163 0.49968335519429125 0.04058682310814951 0.06270891576031454
0 0.9435200111538756 0.49664007448682596 0.042799826229319854 0.05292513978247549
0 0.8861535764208028 0.481077406141493 0.03276450961243873 0.06567051706750408
0 0.7427568323471967 0.5104390262778289 0.036706004423253676 0.04237559200112337
0 0.46674665563246776 0.546200501685049 0.04838421391505821 0.04531489353553922
0 0.5720120897480085 0.5400113573261336 0.051327694163602944 0.07117939868004493
0 0.3801523206208759 0.5559650242363735 0.047559317377865534 0.058964298370622385
0 0.2455888112386068 0.6000878627004187 0.027020069197112438 0.05905127431832108
0 0.33024123971188835 0.5397650273440512 0.04824973660716711 0.06414454894241364
0 0.03550730219074323 0.5482962207666389 0.04784739625220203 0.04905961818258397
0 0.03409507487529384 0.5617702119878099 0.054656226899326005 0.05205354942792951
0 0.03695802009382996 0.5995957912387719 0.06038211733639824 0.0846737737360987
0 0.1098329892929313 0.6447088674096443 0.04580712349657798 0.09161424699315603
0 0.16709189366365376 0.6672654054950804 0.03331427163387486 0.06593449594204408
0 0.19728295233185292 0.6464439857239086 0.026026774713964793 0.06593449594204408
0 0.13143521230552205 0.5492773601251068 0.04945087195653304 0.05205354942792951
0 0.1829682262391723 0.5600350936735455 0.059861581842118955 0.054135691405046774
0 0.19129679414764098 0.5846737737360989 0.04736872997941585 0.04927736012510664
0 0.15069502559385597 0.6002898385644777 0.03487587811671277 0.04580712349657801
0 0.06636827552061014 0.6728177841007262 0.05153301393365023 0.05899402268498676
0 0.02706784570252335 0.6884338489291048 0.04893033646225375 0.051359502102224355
0 0.2711989925195128 0.5850207973989519 0.03227320064531629 0.06524044861633847
0 0.28056863141654015 0.6238874476384725 0.04788926547369513 0.08744996303892165
0 0.2907190735549864 0.5877969867017747 0.029670523173919817 0.04858331279940103
0 0.31466370629183393 0.5860618683875104 0.035916949105271385 0.04650117082228377
0 0.39560697565226444 0.5718338982105429 0.040601768553785146 0.03747855558810919
0 0.14626617194624825 0.6436850042060205 0.05592530103827139 0.05162335480455816
0 0.013981325259567846 0.6267640156867487 0.026241872025650415 0.06252161859663154
