0 0.14135111876075732 0.8115318416523235 0.2284853700516351 0.23235800344234078
0 0.9145869191049915 0.9397590361445782 0.16910499139414795 0.12048192771084346
0 0.7635542168674698 0.5585197934595524 0.08132530120481932 0.16006884681583472
0 0.7519363166953528 0.45438898450946646 0.05808950086058531 0.1514629948364889
0 0.9421256454388984 0.5619621342512908 0.1157487091222032 0.1531841652323579
0 0.6609294320137693 0.43889845094664365 0.0671256454388984 0.12048192771084337
0 0.5382960413080895 0.4939759036144578 0.11876075731497415 0.16179001721170402
0 0.5744406196213425 0.40877796901893293 0.12392426850258176 0.11187607573149741
0 0.5944492254733218 0.36230636833046476 0.03485370051635123 0.08433734939759034
0 0.5357142857142856 0.38468158347676423 0.0335628227194492 0.08777969018932871
0 0.49246987951807225 0.4061962134251291 0.03743545611015499 0.08950086058519795
0 0.42663511187607567 0.37091222030981064 0.027108433734939794 0.07056798623063684
0 0.35821858864027534 0.37091222030981064 0.13296041308089498 0.1703958691910499
0 0.23042168674698793 0.45955249569707407 0.1277969018932874 0.13080895008605858
0 0.08584337349397592 0.427710843373494 0.16910499139414803 0.14974182444061968
0 0.21364027538726338 0.3235800344234077 0.09939759036144581 0.13769363166953524
0 0.1716867469879518 0.29948364888123924 0.05938037865748711 0.0585197934595525
0 0.09036144578313252 0.2943201376936317 0.05163511187607574 0.044750430292598974
0 0.096815834767642 0.2375215146299484 0.05679862306368329 0.07228915662650603
0 0.3001290877796901 0.25215146299483654 0.05292598967297761 0.04991394148020653
0 0.28399311531841653 0.28055077452667815 0.06196213425129088 0.09638554216867469
0 0.2762478485370051 0.14027538726333907 0.028399311531841675 0.0430292598967298
0 0.3724738214066335 0.24992153253727661 0.04167974457712063 0.03954232177829389
0 0.4341919047227543 0.2638147807296501 0.05610734846920074 0.0331300533818138
0 0.487093118993715 0.2622117136305301 0.043282811676240485 0.027786496384747075
0 0.5315782309942956 0.26862398202701016 0.045687412324920726 0.0299239191835737
0 0.5432004674629157 0.24885282113786325 0.019236805189440247 0.028855207784160408
0 0.5973039820582166 0.25900557943229 0.02484754003636027 0.03419876478122713
0 0.6317699246892968 0.2675552706275968 0.034465942631080326 0.029923919183573736
0 0.935476549260419 0.22816988377474975 0.02484754003636027 0.058779126967734074
0 0.9366788495847592 0.2575594472586168 0.024046006486800452 0.05984783836714744
0 0.9759539935131997 0.2682465612527503 0.04809201297360062 0.04488587877536055
0 0.941087284107339 0.11061162983928151 0.029656741333720475 0.02458036218650701
0 0.7447115644651364 0.11328340833781486 0.013626070342520223 0.021374227988266964
0 0.6701689443560553 0.12717665653018836 0.04408434522580066 0.03633618758005383
0 0.5787941197062143 0.12023003243400161 0.05530581491964071 0.050229435772427354
0 0.4633732885695727 0.1084742070404548 0.05530581491964078 0.030992630582987086
0 0.5335074741560736 0.10740549564104143 0.04167974457712056 0.024580362186506992
