0 0.07715349737797181 0.29307264170923986 0.012735510123811088 0.014611282932744487
0 0.04271279101681785 0.3744937466022731 0.015420663805498714 0.020560885073998277
0 0.06364083475285183 0.3947282684211285 0.015665436246855836 0.023171791115141005
0 0.04587725809317082 0.39245544207598704 0.017833238896491053 0.012704734068850707
0 0.053727550877888365 0.37008784265784483 0.00954612521292777 0.0208872483291411
0 0.06486469695963723 0.37008784265784445 0.009301352771570624 0.023498154370283453
0 0.07310775160375646 0.3663350669719739 0.009317654616165046 0.02914753495313157
0 0.08278377755131247 0.3840147193205948 0.014334853255638515 0.023413593650876266
0 0.0969394451412555 0.379475349122976 0.011826253935901771 0.021024451441603205
0 0.1134245263852398 0.3844925477624494 0.013259739261465614 0.023413593650876266
0 0.12292136666710034 0.3778029495764848 0.015051595918420447 0.02054662299974858
0 0.13636029159426094 0.3887930037391403 0.01612670991259344 0.025324907418294504
0 0.1385105195826072 0.36848529496031973 0.0175601952381572 0.021024451441603132
0 0.1560707148207644 0.37589163580906626 0.012542996598683697 0.017679652348620876
0 0.16968882541362096 0.3737414078207202 0.014693224587029612 0.020068794557893867
0 0.19047436263429687 0.36896312340217435 0.006809055296428319 0.01529051013934783
0 0.19369970461681446 0.38282014821595695 0.011826253935901724 0.011467882604513306
0 0.20015038858185286 0.37350249359979315 0.012542996598683694 0.01385702481378388
0 0.20821374353814953 0.37660837847184825 0.008600911953383097 0.01911313767418477
0 0.21520198450027334 0.3720690082742293 0.006092312633646415 0.02245793676716701
0 0.2230861537908745 0.39333237393675974 0.01684345257537526 0.018157480790475446
0 0.22560538847318823 0.37792429143474693 0.014270233331120288 0.022616973581398126
0 0.2447221161431795 0.3732572968862044 0.005115744024363877 0.019744976936141186
0 0.25104948375226116 0.37325729688620457 0.014539483016613085 0.021180975258769698
0 0.26666596551084576 0.38025778870901944 0.012923984903656437 0.021539974839428475
0 0.2977643041852684 0.37720629227343383 0.014808732702106616 0.01759097945220037
0 0.3113614133026563 0.37666779290244784 0.011846986161684486 0.020821975678113263
0 0.34649849725947107 0.3816937870316465 0.013731733960134562 0.020821975678112566
0 0.36857697146988394 0.40592625872600224 0.017501229557034193 0.025488970226655486
0 0.39186706926501375 0.384745283467232 0.01561648175858437 0.02118097525876962
0 0.438716514540767 0.40646475809698734 0.016154981129570062 0.025847969807312125
0 0.4582371167389976 0.3892327782254462 0.01642423081506295 0.01723197987154195
0 0.46698773151751505 0.4114907522261877 0.02046297609745602 0.022975973162055824
0 0.5481304913879037 0.41599409812623533 0.021001475468440986 0.024052971904026565
0 0.5724975879250053 0.4131221014809785 0.01965522704097687 0.023334972742712238
0 0.6395407596127218 0.4016341148999512 0.015347232073091492 0.021898974420084354
0 0.6528686190446177 0.3878126310446524 0.016154981129570156 0.010051988258399864
0 0.6742739690412983 0.4167120972875508 0.01965522704097719 0.02620696938797009
0 0.8376424396478208 0.3930181249641802 0.01507798238759861 0.02118097525876969
0 0.9100706050453933 0.4001981165773224 0.018847477984498654 0.019026977774827
0 0.9298604569291168 0.42173809141674923 0.015347232073091726 0.024052971904026565
0 0.9706517842812826 0.4036086125935672 0.015077982387599746 0.0208219756781138
0 0.11577736476191895 0.2869337488800032 0.014539483016613062 0.014359983226284534
0 0.1285667248228286 0.2903442448962458 0.009423738992249202 0.0096929886777421
0 0.13677884023036024 0.28765174804131743 0.011846986161684468 0.014359983226284572
0 0.1534723207309158 0.28872874678328886 0.009692988677742048 0.012205985742341845
0 0.16181906098119367 0.2881902474123031 0.009154489306756356 0.012564985322998936
0 0.4127597678605157 0.2978832360900452 0.011308486790699063 0.010410987839056246
0 0.4508585983577518 0.29931923441267366 0.013193234589148872 0.011846986161684718
0 0.5014775392304047 0.29967823399333077 0.012654735218163182 0.009692988677742029
0 0.6491609917232247 0.3064992260258159 0.01669348050055575 0.008256990355113594
0 0.6756820857442689 0.30470422812253034 0.014270233331120324 0.011128987000370466
0 0.7936134479901304 0.3111662205743584 0.0061927427663351865 0.010410987839056283
0 0.8353471492415199 0.31242271910665825 0.009962238363234946 0.00933398909708501
0 0.9029288203002213 0.31511521596158665 0.007808240879292185 0.006820992032485123
0 0.22742166464759328 0.31151579282602737 0.008238956908678218 0.016767000024678572
0 0.26991733712393373 0.2921470169354505 0.013442508640475026 0.013876137951458034
