0 0.01498144449432306 0.4908128834785009 0.009247805243409297 0.010808372378234737
0 0.0033292098876273467 0.495037973749435 0.006658419775254693 0.00746760123475596
0 0.010727454082354784 0.41613685613797086 0.007398244194727438 0.006878055149785709
0 0.003329209887627346 0.4171194354450832 0.005918595355781948 0.006878055149785709
0 0.012977280395716271 0.4268209898978775 0.008957768768724502 0.005795992212135415
0 0.020786617271014555 0.4361250826594633 0.0066609049818720685 0.0067111488772094675
0 0.03847246842977832 0.42270278490504437 0.007579650496613049 0.004880835547061437
0 0.027332679063544002 0.4300240382256365 0.004593727573704878 0.006101044433826815
0 0.050760689689438844 0.49210216533982404 0.011943691691632674 0.011286932202579435
0 0.06144110629830266 0.4936274264482807 0.015848360129281834 0.014337454419492914
0 0.05604347639919945 0.4805101809155532 0.009646827904780234 0.011286932202579649
0 0.059259085700792864 0.47578187147933737 0.008268709632668774 0.010981879980888181
0 0.05879971294342238 0.4588514731754681 0.015159300993226078 0.008846514429048824
0 0.08349099865208608 0.455648424847709 0.009876514283465481 0.009761671094122874
0 0.0787824278890386 0.47898491980709645 0.009187455147409746 0.01006672331581413
0 0.08555817606025325 0.473646505927498 0.009417141526094977 0.008541462207357426
0 0.0968128086158302 0.4741040842600351 0.010795259798206424 0.009456618872431533
0 0.03916152756583405 0.4345998215510066 0.0057421594671310935 0.007931357763974774
0 0.04329588238216843 0.43093919489071053 0.0057421594671310935 0.007931357763974845
0 0.04662633487310447 0.43536245210523505 0.0050531003310753594 0.007626305542283447
0 0.10565573419521211 0.4719687187081956 0.013321809963744134 0.009456618872431549
0 0.11243148236642679 0.4687656703804366 0.008957768768724516 0.010371775537505528
0 0.12540876276214305 0.4519877981874129 0.01378118272111461 0.00732125332059212
0 0.056158319588542074 0.41675426658206327 0.007120277739242553 0.005185887768752764
0 0.06902075679491572 0.42788867267379715 0.008957768768724507 0.006101044433826815
0 0.06121141991961745 0.43398971710762396 0.010335887040835958 0.007931357763974845
0 0.050301316932068366 0.4252957287894208 0.010106200662150728 0.005185887768752693
0 0.06247469500238628 0.4230078371267356 0.009187455147409746 0.005490939990444091
0 0.06316375413844201 0.42514320267857514 0.008268709632668765 0.004880835547061366
0 0.13735245445377572 0.4815778636914729 0.013321809963744134 0.010371775537505528
0 0.1362040225603495 0.45824136873208543 0.01102494617689171 0.0070162010989007935
0 0.0868214511430221 0.4257533071219578 0.006431218603186828 0.008541462207357426
0 0.08245740994800248 0.42270278490504437 0.008268709632668765 0.004880835547061437
0 0.14171649564879535 0.47806976314202243 0.011024946176891693 0.008846514429048824
0 0.15388987371911325 0.47364650592749796 0.007809336875298278 0.010371775537505457
0 0.11472834615327923 0.4249906765677294 0.007120277739242571 0.007626305542283447
0 0.1024401248936187 0.4162966882495263 0.00826870963266875 0.0061010444338267435
0 0.09703887109222212 0.4142860021932541 0.003969035845049315 0.0061881367285245405
0 0.11205218059306073 0.4170362851837095 0.0056947036037663604 0.00527137573170613
0 0.10998137928260021 0.423224421912234 0.007765504914226878 0.005729756230115299
0 0.12249247053329906 0.4155465485638794 0.0075929381383551585 0.006417326977729161
0 0.13379559435289587 0.42150549504319945 0.009836306224687372 0.005500565980910694
0 0.13931773118079063 0.41233788507501484 0.007075237810740038 0.0050421854825014375
0 0.14492615139662113 0.41382762169484477 0.0055221368278946595 0.004812995233296888
0 0.14924032079341384 0.4174946656821186 0.004486736172664418 0.004812995233296817
0 0.1675323990358149 0.4201303535479717 0.006557537483124918 0.008250848971365982
0 0.16459876384599587 0.4515294176890036 0.011389407207532738 0.008709229469775365
0 0.1576098094231917 0.4843036233252632 0.01018143977643076 0.01191789295863984
0 0.16735983225994322 0.48155334033480784 0.012424807862762961 0.009625990466593777
0 0.18427137629537058 0.48281388670543324 0.008628338793585391 0.010313561214207498
0 0.17961207334683446 0.40981679233376417 0.0086283387935854 0.004583804984092268
0 0.17253683553609447 0.4168070949345049 0.009318605897072259 0.004812995233296812
0 0.14665966309969602 0.421338811225596 0.004706366614682977 0.010001029056201318
0 0.17128964838320343 0.44852910897214315 0.007216428809180506 0.007709126564155113
0 0.1649321638941958 0.41829614277822913 0.0055750348328200165 0.007404343137339069
0 0.1875564331576166 0.408825471323493 0.005445382859963743 0.004649238714143138
0 0.20298501792751383 0.4515295898830301 0.013483805177053085 0.009815059507635553
0 0.20006784853824755 0.4568676047029722 0.011798329529921468 0.006715567031540104
0 0.19073290649259542 0.4536820152136519 0.010761113747071213 0.008265313269587793
0 0.21316269779673178 0.47701430579759263 0.010761113747071213 0.011536999772133
0 0.22223833589667139 0.4655634030386849 0.014909976878472151 0.007920925216688158
0 0.2024015840496606 0.4188127248575783 0.009205290072795833 0.006715567031540104
0 0.19760446105397825 0.4083088892441438 0.005834338778532633 0.005338014819942103
0 0.19222390418044263 0.40744791911189504 0.005445382859963707 0.004649238714143138
0 0.20635596922177712 0.4124415458789377 0.005445382859963743 0.004649238714143209
0 0.2116717001088846 0.40598426988707215 0.004667471022826106 0.0048214327405928965
0 0.21646882310456697 0.4065869489796463 0.0062232946971014155 0.004993626767042656
0 0.22690580691949744 0.409514247429292 0.007130858507095396 0.006026790925741068
0 0.2346849252908742 0.452304463002054 0.008168074289945615 0.005854596899291309
0 0.23662970488371837 0.4049511057283736 0.008427378235658195 0.006887761057989863
0 0.2495300761829182 0.4078784041780193 0.005704686805676325 0.006198984952190898
0 0.2488169903322087 0.4166602995269564 0.00816807428994565 0.005510208846391862
0 0.2597725820385643 0.4040901355961249 0.003370951294263236 0.005165820793492344
0 0.2488169903322085 0.4785640520356402 0.019836751847010763 0.01394771614242935
0 0.2621711435364055 0.45101300780368075 0.00816807428994565 0.009126283401836587
0 0.2877125821890925 0.4149383592624589 0.00972389796422096 0.005854596899291451
0 0.29315796504905633 0.4065869489796462 0.008686682181370742 0.007059955084439622
0 0.2862864104876735 0.45118520183013056 0.00790877034423307 0.00878189534893707
0 0.27299708326990485 0.47081532084540173 0.01192798150277774 0.008437507296037481
0 0.27980381184485953 0.4884652085565007 0.015947192661322374 0.00895408937538683
0 0.3007426054611486 0.48364377581590773 0.022300139331280097 0.01308674601018087
0 0.306447292266825 0.44782741831436057 0.014002413068478213 0.006198984952190827
0 0.3098182435610882 0.4588478360071443 0.012446589394202796 0.0075765371637888275
0 0.31292989090963896 0.4537681122268768 0.008297726262801888 0.009126283401836516
0 0.31448571458391433 0.46065587328486657 0.007001206534239088 0.0070599550844395505
0 0.3341279884716407 0.44834400039370975 0.01387276109562194 0.006543373005090345
0 0.3481304015401189 0.4652190149857849 0.00816807428994565 0.012742357957281243
0 0.36472585406572283 0.4643580448535359 0.015947192661322225 0.009987253534085227
0 0.3832660861841707 0.47331213422892304 0.009205290072795833 0.009642865481185864
0 0.3854701697227274 0.46117245536421586 0.016725104498460083 0.010159447560535
0 0.405177269596882 0.46797411940898087 0.01127972163849634 0.010676029639884278
0 0.4122433021175492 0.4531654331343026 0.015298932797040976 0.007920925216688275
0 0.41593838334395317 0.44214501544151885 0.008945986127083288 0.007232149110889381
0 0.4203465504210666 0.4442974407721407 0.007908770344232962 0.009126283401836587
0 0.43266348784241315 0.45084081377723106 0.007908770344232962 0.009470671454736106
0 0.4486106805037356 0.46306658965516306 0.014650672932759647 0.009126283401836587
0 0.4655302629614804 0.4736565222818222 0.010631461774215 0.008954089375387202
0 0.4642337432329194 0.48992885778131745 0.015298932797037012 0.010159447560534917
0 0.4788844161656769 0.4918229920722707 0.019707099874154393 0.014292104195328932
0 0.4725314694957193 0.44421134375891586 0.009594245991364617 0.006887761057989934
0 0.4738279892242821 0.45755638080877115 0.01503962885132843 0.008437507296037552
0 0.4894510519534638 0.4789945371017646 0.00998320190993354 0.010331641586984758
0 0.5031293350898012 0.4887234995961752 0.019188491982729445 0.008781895348937141
0 0.501638337401954 0.44851619442015944 0.012316937421346595 0.00860970132248724
0 0.5115567133254594 0.47563675358599455 0.009594245991364688 0.011192611719233555
0 0.522512305031815 0.44369476167956656 0.00894598612708343 0.00723214911088931
0 0.5367091960595777 0.4362043215290026 0.010372157828502537 0.0070599550844395505
0 0.5345051125210208 0.44713864220856153 0.008816334154226979 0.00860970132248731
0 0.5476647877659333 0.4446418288250402 0.009723897964220924 0.007748731190238658
0 0.543386272661676 0.4548873733988002 0.013354153204196705 0.00895408937538683
0 0.5354775023174431 0.47994160424723814 0.016984408444172486 0.009126283401836587
0 0.5514246949787655 0.4886374025829504 0.021911183412711283 0.01170919379858269
0 0.5564668990987381 0.4759700867823959 0.017684529097596526 0.01022832517111496
0 0.5630272889252658 0.4887554932462895 0.01312077965305562 0.008902431167451753
0 0.5740801196112651 0.48941844024812103 0.017541911927451533 0.010228325171114848
0 0.5687319757309421 0.4450009911254089 0.010838904930784992 0.00814477745107311
0 0.5792856463214433 0.4543769558655976 0.011979842291920235 0.008334190880167682
0 0.590338477007442 0.4519145812873665 0.007843944357805057 0.012880113178440664
0 0.5976832612697494 0.4461374716999773 0.008842264548798226 0.0077659505928835415
0 0.5985389642906007 0.46299526688940745 0.015973123055893622 0.00966008488383075
0 0.5927629688998547 0.47919011507700626 0.021535192691428128 0.012122459462062448
0 0.6227838832147251 0.48439898437711093 0.017399294757312733 0.010038911742020176
0 0.6266345468085565 0.4506833939982506 0.012550310972487821 0.0077659505928835415
0 0.6390422406109026 0.44822101942001924 0.010268436250217405 0.0077659505928835415
0 0.6342645654111487 0.4702876839095542 0.017541911927454593 0.007955364021978256
0 0.6382578461751223 0.4781483412169855 0.016686208906602863 0.010038911742020176
0 0.6492393682760489 0.486766652240795 0.018112380608022248 0.01174363260387274
0 0.6574398555592086 0.4678253093313229 0.0134060139933392 0.010607152029304387
0 0.6684926862452062 0.4886607865317423 0.014119099844049332 0.01098597888749388
0 0.6751243846568051 0.44111801582896715 0.006845624166811603 0.009849498312925462
0 0.6677796003944968 0.43761386739071484 0.011266756441210788 0.008902431167451964
0 0.6709884867226898 0.4487892597073034 0.00827179586823064 0.009281258025641321
0 0.673698212955386 0.45731286401656585 0.008271795868230783 0.010796565458399101
0 0.6762653220179403 0.46782530933132294 0.01968116947958322 0.012122459462062167
0 0.6752670018269469 0.4810842493679535 0.02053687250043466 0.011364805745683427
0 0.7159842039024616 0.4446221642672195 0.017827146267738386 0.01231187289115688
0 0.7194070159858674 0.4449062844108616 0.015260037205184318 0.009470671454736035
0 0.7412987516026504 0.44140213597260924 0.013976482673907071 0.01079656545839903
0 0.7482156843545329 0.4630899736039548 0.00955535039950803 0.010607152029304316
0 0.7390881854654506 0.4698141503368174 0.010411053420359195 0.014206007182104088
0 0.7198348674962932 0.4766330337842274 0.0206794896705766 0.00966008488383075
0 0.744935489441269 0.48241014337161636 0.00984058473979161 0.01022832517111496
0 0.7860805430272092 0.4896078536772158 0.01140937361135272 0.01288011317844096
0 0.7851535314212869 0.4712347510550277 0.015830505885751894 0.0106071520293042
0 0.8218061441477572 0.45049398056915585 0.010125819080075473 0.010038911742020247
0 0.8292935455802075 0.47900070164791125 0.011409373611352998 0.014395420611198726
0 0.8488320978896485 0.4657417616112809 0.009983201909933398 0.01325894003663052
0 0.8884020643639573 0.44755807241818774 0.014119099844049004 0.010607152029304387
0 0.8968164774023302 0.4449062844108618 0.0075587100175208725 0.01060715202930438
0 0.9016654611871547 0.4779589277878904 0.021820427031711772 0.011933046032967552
0 0.9122904403627268 0.47587538006784846 0.009127498889081948 0.011554219174777955
0 0.9630621529332458 0.4794742352206481 0.013691248333623207 0.01079656545839903
0 0.9683389882284965 0.466025881754923 0.00998320190993354 0.011175392316588458
0 0.9883767006334345 0.4721818182005015 0.018682849288589695 0.009849498312925462
