0 0.011620394709495883 0.7227939282688576 0.023240789418991766 0.01600464619329827
0 0.04379994928963834 0.7260289099462264 0.017111350451345587 0.01225887793529239
0 0.045715398967027754 0.7198994709785802 0.01787753032230137 0.010896780386926536
0 0.036776633805877076 0.7474819463329879 0.020431463225487268 0.019069365677121367
0 0.07431944748270994 0.7621244949779205 0.020431463225487265 0.017707268128755657
0 0.09334624761144493 0.7558247938167287 0.018643710193257147 0.016004646193298413
0 0.05937893999907237 0.759400299881189 0.021708429677080216 0.014983073032024095
0 0.055931130579771386 0.7524195499458142 0.018899103483575718 0.01328045109656685
0 0.06704073870863009 0.7439064402685278 0.02119764309644305 0.01668569496748134
0 0.00472477587089393 0.7954958849128831 0.00944955174178786 0.022474609548035998
0 0.012003484644973767 0.7977092934289775 0.015834383999752632 0.027582475354407877
0 0.01200348464497377 0.7541221718812713 0.021963822967398815 0.016004646193298413
0 0.04150140967677102 0.8074142384610841 0.011492698064336589 0.01225887793529239
0 0.04201219625740818 0.7971985068483405 0.022730002838354576 0.02247460954803614
0 0.059506636644231656 0.7953256227193374 0.015323597419115452 0.022134085160944606
0 0.08159815625678978 0.7861314642678682 0.023240789418991766 0.023496182709310462
0 0.09143079793405551 0.7946445739451545 0.018899103483575725 0.02145303638676168
0 0.11224535109502068 0.7711483912358443 0.013025057806248146 0.013961499870749634
0 0.11339462090145432 0.7820451716227708 0.025028542451221884 0.013280451096566708
0 0.11850248670782614 0.8016253238805294 0.031157981418868063 0.021112511999670146
0 0.12424883573999498 0.7621244949779235 0.010981911483700537 0.018388316902933202
0 0.13548614051401242 0.7553140072360915 0.013535844386885288 0.019750414451304293
0 0.14250945599777368 0.7660405254294724 0.011237304774018018 0.020771987612578896
0 0.14697883857834904 0.747481946332988 0.01149269806433658 0.01430202425784131
0 0.1561729970298183 0.7507169280103569 0.010471124903062208 0.0194098900642129
0 0.15936541315880068 0.7903880191065114 0.016855957161027016 0.021112511999670146
0 0.16243013264262376 0.801795586074075 0.020942249806124434 0.020090938838395828
0 0.17060271793281867 0.8058818787191726 0.02145303638676161 0.026220377806042024
0 0.18043535961008444 0.746290110978168 0.013535844386885322 0.022134085160944325
0 0.16932575148122575 0.7537816474941801 0.012258877935292354 0.015323597419115487
0 0.21108255444831536 0.7486737816878082 0.021197643096442995 0.018728841290029833
0 0.22972626464157245 0.7129187210432054 0.01762213703198274 0.013961499870749777
0 0.24798688489935167 0.7103647881400196 0.014812810838478291 0.016345170580389805
0 0.25015772786705975 0.744417226849165 0.018643710193257126 0.017707268128755657
0 0.25679795341534306 0.750035879236174 0.020686856515805836 0.015323597419115487
0 0.27442009044732585 0.7507169280103569 0.018643710193257057 0.017366743741664265
0 0.20380384567423548 0.7890259215581454 0.028093261935045036 0.023836707096401854
0 0.19792979999690785 0.8053710921385354 0.01838831690293855 0.021793560773853072
0 0.21848895986755446 0.8009442751063464 0.024262362580266164 0.017707268128755657
0 0.21619042025468715 0.8157570859448248 0.029881014967275164 0.013280451096566708
0 0.30787661147906126 0.825462030976931 0.015068204128796836 0.02043146322548722
0 0.31132442089836226 0.8084358116223583 0.01940989006421294 0.022474609548035998
0 0.283997338834273 0.80996817136427 0.021963822967398804 0.022815133935127675
0 0.28552969857618454 0.8038387323966237 0.014302024257841097 0.016004646193298413
0 0.2768463267053525 0.7941337873645173 0.006129438967646195 0.016345170580389805
0 0.24977463793158186 0.8052008299449896 0.01583438399975268 0.022134085160944606
0 0.23789884993176735 0.79123933007424 0.009449551741787871 0.02145303638676168
0 0.23892042309304173 0.7840883179453195 0.016089777290071227 0.018728841290030118
0 0.26688598838292743 0.7954958849128831 0.012258877935292354 0.021793560773853072
0 0.2576918299314581 0.7810235984614964 0.008172585290194868 0.00919415845146915
0 0.26535362864101586 0.7779588789776732 0.006640225548283354 0.013961499870749634
0 0.28578509186650314 0.7777886167841275 0.018388316902938514 0.0177072681287558
0 0.3041734087694417 0.7844288423324108 0.012769664515929513 0.02009093883839597
0 0.31566610683377827 0.7789804521389476 0.012769664515929513 0.016004646193298413
0 0.32179554580142444 0.7866422508485053 0.011748091354655195 0.02043146322548722
0 0.3325220639948053 0.7764265192357616 0.007661798709557743 0.0136209754836581
0 0.3405669526398408 0.7716591778164812 0.009449551741787871 0.01906936567712151
0 0.3488672345751951 0.7747238973003044 0.004597079225734575 0.01566412180620688
0 0.36125380915564675 0.7696160314939325 0.008427978580513482 0.01838831690293844
0 0.35180425741385885 0.7801722874937677 0.01200348464497381 0.01702621935457273
0 0.33392672709155746 0.8043495189772608 0.015068204128796765 0.014983073032023952
0 0.3468240882526463 0.8043495189772608 0.010215731612743681 0.01838831690293844
0 0.35435819031704474 0.8099681713642698 0.013535844386885288 0.02349618270931032
0 0.34593021173653127 0.8244404578156568 0.014557417548159606 0.024517755870584638
0 0.36955409109100096 0.7750644216873959 0.006640225548283354 0.013620975483658242
0 0.37555583341348786 0.7781291411712189 0.013025057806248129 0.023836707096401854
0 0.3810467891553375 0.7599110864618259 0.017366743741664196 0.01804779251584719
0 0.3874316214133023 0.750035879236174 0.024006969289947548 0.015323597419115487
0 0.3755558334134878 0.8033279458159864 0.02017606993516871 0.021793560773853072
0 0.3820683623166119 0.8137139396222759 0.011748091354655231 0.020771987612578754
0 0.3869208348326651 0.7903880191065114 0.008683371870832133 0.017707268128755657
0 0.37466195689737275 0.8297185858155742 0.019409890064212832 0.025539329031859098
0 0.3936887570261078 0.8244404578156568 0.014557417548159748 0.022474609548035998
0 0.39509342012286 0.8050305677514439 0.013791237677203938 0.02383670709640171
0 0.39700886980024946 0.7842585801388651 0.009960338322425101 0.016345170580389663
0 0.4055645450259223 0.7825559582034077 0.007151012128920584 0.01906936567712151
0 0.4138648269612764 0.7789804521389476 0.01098191148369949 0.018047792515846907
0 0.40862926450974535 0.8135436774287302 0.013791237677203867 0.025198804644767706
0 0.41833420954185185 0.7978795556225233 0.006640225548283425 0.01838831690293844
0 0.4230589854127457 0.8034982080095322 0.01200348464497374 0.01804779251584705
0 0.42280359212242713 0.8273349151059342 0.026816295483452067 0.022134085160944606
0 0.4354455599931974 0.7835775313646822 0.018899103483575742 0.018388316902938583
0 0.44987528089619777 0.7910690678806942 0.013025057806248129 0.02247460954803586
0 0.4419580888963215 0.8159273481383704 0.015068204128796978 0.02043146322548722
0 0.4506414607671536 0.8293780614284827 0.019154496773894393 0.026220377806042024
0 0.4374887063157461 0.7423740805266162 0.023496182709310462 0.018388316902938583
0 0.45574932657352535 0.810478957944907 0.0094495517417878 0.0136209754836581
0 0.4608571923798972 0.799241653170889 0.009449551741787942 0.011577829161109322
0 0.47005135083136645 0.7994119153644348 0.018132923612620006 0.020771987612578754
0 0.474964920963155 0.8328804889965206 0.016294091922326146 0.026969531457643258
0 0.4833928995436685 0.8145262245322911 0.019103418115830523 0.01648138033522642
0 0.4897138834790536 0.8107804562742851 0.007023315483761223 0.010488151122416838
0 0.49252320967255814 0.8029143429324725 0.01994621597388196 0.014233919380422861
0 0.5092387005239098 0.8104058794484845 0.016294091922326216 0.0202271485932323
0 0.524970927207535 0.8152753781838925 0.014046630967522589 0.02172545589643491
0 0.5003893230143707 0.8253889524805086 0.026688598838292707 0.020976302244833534
0 0.4860617594274978 0.8399974486867321 0.016575024541676555 0.027718685109244346
0 0.5041819133756017 0.8725856325313842 0.02191274430933511 0.023223763199637232
0 0.5269374555429883 0.8562915406090582 0.018541552877129632 0.022100032722235454
0 0.5304491132848689 0.8439305053576382 0.016575024541676555 0.022100032722235454
0 0.5165429486270215 0.8313821816933182 0.02247460954803593 0.018728841290029975
0 0.5356463667428522 0.8010414588034694 0.011237304774017999 0.01947799494163135
0 0.5451980758007674 0.7892422887907506 0.016855957161026894 0.014608496206223407
0 0.5554521164070588 0.7922389033971555 0.02050808121258271 0.022100032722235312
0 0.5397198897234337 0.8167736854870946 0.015451294064274706 0.02547122415444079
0 0.5464622725878445 0.8098440142097837 0.01208010263206937 0.022849186373836688
0 0.5591042404586146 0.8117168983387867 0.017698755019078263 0.01835426446422943
0 0.5537665206909561 0.8289474323256144 0.014327563586872927 0.022100032722235454
0 0.5550307174780332 0.8486127156801458 0.015170361444924224 0.020976302244833534
0 0.5662680222520512 0.8336296426481218 0.014608496206223407 0.02247460954803586
0 0.5725890061874364 0.8227669146999044 0.008708911199864104 0.01947799494163121
0 0.5744150682132143 0.7892422887907506 0.022474609548035998 0.013859342554622033
0 0.5812979173873002 0.804412650235675 0.014889428825573744 0.018728841290029975
0 0.5821407152453516 0.8173355507257957 0.017698755019078406 0.022100032722235312
0 0.563458696058546 0.7607744500299054 0.01685595716102703 0.013110188903021317
0 0.5650038254649742 0.766954967655615 0.024441137883489217 0.018728841290029975
0 0.6044748584837124 0.7686405633717177 0.01179917001271896 0.01835426446422943
0 0.577939495619611 0.8428748797576548 0.015578990709433995 0.021112511999670146
0 0.5908368567806999 0.8544527089187642 0.01583438399975272 0.026560902193133416
0 0.592241519877452 0.7907746485326622 0.007917191999876394 0.007491536516012047
0 0.6362968624574088 0.8655197514992365 0.03217955458014238 0.02485828025767603
0 0.6443417511024445 0.8556445442735843 0.01200348464497374 0.026220377806041882
0 0.6306782100703999 0.7824318010489216 0.014302024257841097 0.022815133935127394
0 0.6216117482640899 0.7761320998877298 0.015068204128796694 0.017707268128755657
0 0.6138222529093729 0.7870288802746562 0.011748091354655089 0.021112511999670288
0 0.6001587118773283 0.7933285814358482 0.006384832257964846 0.018728841290029975
0 0.6103744434900719 0.8047361484034119 0.014557417548159677 0.019750414451304436
0 0.6256980409091875 0.8038848374356832 0.013535844386885359 0.020771987612578896
0 0.6199516918770192 0.847131434596298 0.01123730477401807 0.02553932903185924
0 0.6292735469736478 0.8392993736931945 0.008938765161150641 0.022815133935127532
0 0.6541743927797102 0.7683000389846262 0.014812810838478185 0.016345170580389663
0 0.6705195633601019 0.7768131486619183 0.022474609548035242 0.01770726812875255
0 0.6675825405214363 0.7919664838874823 0.014046630967522447 0.020090938838395828
0 0.6439586611669667 0.7906043863391164 0.013280451096566708 0.02145303638676168
0 0.6558344491667811 0.7970743496938542 0.009960338322425173 0.020090938838395828
0 0.6435755712314893 0.8115466361452413 0.02273000283835455 0.014983073032023377
0 0.6576222021990114 0.8491745809188467 0.015578990709434066 0.022134085160944606
0 0.6637516411666575 0.8365751785964629 0.016600563870708386 0.024177231483493246
0 0.6775428788438614 0.8484935321446637 0.015068204128796623 0.02690142658022495
0 0.6839277111018263 0.8748841721442514 0.017111350451345687 0.012939926709475316
0 0.6724350130374895 0.8186976482741615 0.02119764309644296 0.02928509728986512
0 0.6743504627148791 0.8098440142097837 0.009704945032106308 0.014302024257841026
0 0.6834169245211891 0.7991174960164028 0.015578990709434066 0.01940989006421276
0 0.6876309138114456 0.789753075371388 0.01021573161274361 0.01702621935457273
0 0.6963142856822779 0.7868586180811105 0.011748091354655371 0.01600464619329827
0 0.7062746240047028 0.7802183925328271 0.01123730477401807 0.017707268128755515
