0 0.004367793174216902 0.5567674452547431 0.008735586348433804 0.006655684836901869
0 0.06094111428788345 0.5524689821309107 0.00665568483690194 0.0063783646353643775
0 0.08111615894974249 0.549557120014766 0.008735586348433806 0.008319606046127461
0 0.0952594892281591 0.5544102235416737 0.005407743929982836 0.009706207053815348
0 0.10649095739043114 0.5506664008209163 0.007487645441514665 0.008874246449202658
0 0.12084227782000097 0.545535977092471 0.004991763627676456 0.008596926247664954
0 0.1420968866886532 0.5473798126473222 0.004844248449097499 0.008334190880167753
0 0.13678384000254626 0.5568599547735129 0.005781844923116353 0.007292417020146757
0 0.17749115358286546 0.5479006995773326 0.004687982370094339 0.00812583610816354
0 0.17936634653090308 0.5437336041372487 0.004062918054082059 0.008125836108163524
0 0.19499295443121756 0.5444628458392635 0.0046879823700940815 0.00833419088016775
0 0.20522838260592371 0.5431085398212362 0.004219184133084895 0.0072924170201468285
0 0.2096038328180117 0.5414417016452027 0.004531716291091179 0.006458997932130117
0 0.20679104339595514 0.5485257638933452 0.005156780607103784 0.007292417020146686
0 0.20702544251445987 0.5542555201234606 0.004687982370094375 0.006667352704134259
0 0.22171445394075545 0.5432127172072383 0.005000514528100623 0.007084062248142615
0 0.22819949621938598 0.5416500564172069 0.004219184133084895 0.0072924170201468285
0 0.23359067594499447 0.5432127172072383 0.005000514528100694 0.008334190880167682
0 0.23663786448555585 0.5518594402454123 0.005156780607103819 0.009375964740188607
0 0.26210923536306846 0.5507134889993892 0.006094377081122673 0.00958431951219282
0 0.26203110232356686 0.5408166373291902 0.004062918054081699 0.00812583610816354
0 0.25148314199085464 0.5487341186653495 0.009532230819191802 0.008542545652171966
0 0.25515539484742855 0.5460255066292948 0.005938111002119548 0.01020938382820546
0 0.269688140194721 0.543941958909253 0.00812583610816354 0.008125836108163469
0 0.27140706706375556 0.5432127172072382 0.004687982370094331 0.005833933616117403
0 0.2766419807103609 0.5523803271754227 0.007031973555141633 0.008750900424176094
0 0.27797024238188767 0.5473798126473222 0.008750900424176145 0.009584319512192963
0 0.2871899410430732 0.5414417016452027 0.00437545021208809 0.008959255196180323
0 0.29250298772918015 0.5387330896091481 0.003750385896075521 0.007709126564155113
0 0.2975035022572808 0.542900185049232 0.005000514528100659 0.00812583610816354
0 0.2998474934423279 0.5456087970852865 0.00781330395015722 0.007292417020146757
0 0.2993786952053184 0.5504009568413831 0.007188239634144686 0.006458997932130117
0 0.3015664203113625 0.553630455807448 0.004687982370094339 0.007917481336159327
0 0.3121143806440749 0.5422751207332194 0.004531716291091241 0.008125836108163533
0 0.31109865113055435 0.5385247348371439 0.005313046686106873 0.007709126564155113
0 0.32641272687286255 0.5419625885752131 0.004375450212088109 0.007084062248142607
0 0.32492819912233273 0.5473798126473222 0.00796957002916038 0.007917481336159327
0 0.3280535207023956 0.5510260211573955 0.004844248449097535 0.00937596474018875
0 0.3357886916130512 0.5380038479071335 0.0031253215800629165 0.008750900424176039
0 0.3379764167190953 0.5402957503991797 0.002500257264050347 0.007917481336159398
0 0.3472742484197824 0.5446712006112676 0.004531716291091214 0.010001029056201389
0 0.35407182285641925 0.5486299412793474 0.004375450212088125 0.00875090042417611
0 0.35250916206638777 0.5429001850492321 0.003750385896075485 0.008542545652171902
0 0.3496182396048296 0.5406082825571857 0.003281587659066173 0.008125836108163606
0 0.3548531532514349 0.5376913157491272 0.004062918054081734 0.0072924170201468285
0 0.38001199197094127 0.5377954931351293 0.0037503858960754853 0.007500771792151042
0 0.37891812941791925 0.5469631031033138 0.005000514528100623 0.0075007717921509
0 0.39384153996271953 0.5395665086971648 0.004219184133084895 0.007709126564155256
0 0.3966543293847761 0.5436294267512466 0.003906651975078574 0.007917481336159327
0 0.40665535844097744 0.5466505709453074 0.005469312765110103 0.011459512460230598
0 0.40946814786303404 0.541754233803209 0.0035941198170723254 0.010001029056201247
0 0.41360919895661735 0.5425876528912257 0.0040629180540818054 0.00958431951219282
0 0.42056303947225726 0.5352952358710789 0.006406909239128922 0.007500771792151042
0 0.42454782448683753 0.5405041051711837 0.004062918054081734 0.005833933616117406
0 0.42853260950141775 0.5422751207332195 0.003906651975078645 0.0072924170201468285
0 0.4406432306241614 0.5340451072390537 0.004062918054081658 0.007500771792151039
0 0.4497847962458454 0.5405041051711837 0.003906651975078645 0.007500771792151042
0 0.45408211341843185 0.5383163800651398 0.004062918054081663 0.009375964740188607
0 0.460645288736564 0.5309197856589909 0.0046879823700943036 0.006667352704134117
0 0.4651770050276552 0.5409208147151922 0.004687982370094375 0.008334190880167682
0 0.45517597597145387 0.534253462011058 0.0037503858960755564 0.005833933616117477
0 0.4722871116222982 0.5302947213429783 0.006094377081122673 0.007084062248142544
0 0.48127241116497915 0.5327949786070286 0.005000514528100623 0.007084062248142615
0 0.47478736888634854 0.5441503136812571 0.005469312765110103 0.008125836108163469
0 0.477443892229402 0.5388372669951503 0.004531716291091143 0.005833933616117406
0 0.48424146666603884 0.5426918302772278 0.0034378537380690337 0.008125836108163533
0 0.48205374155999486 0.539774863469169 0.0028127894220565963 0.006042288388121549
0 0.5025245979094067 0.5297738344129678 0.0037503858960754853 0.00687570747613826
0 0.4986960789738298 0.538628912223146 0.004531716291091143 0.008334190880167682
0 0.5033840613439241 0.5417542338032089 0.005156780607103784 0.0075007717921509705
0 0.5115880304915892 0.5400873956271753 0.005000514528100694 0.009167609968184607
0 0.5183074718887244 0.5390456217671544 0.004687982370094375 0.007917481336159327
0 0.531355689485487 0.5344618167830621 0.004844248449097464 0.00875090042417618
0 0.5396377916726537 0.5362328323450978 0.005469312765109962 0.008125836108163469
0 0.5440913749242433 0.528836237938949 0.005313046686107015 0.010001029056201247
0 0.5610462444960844 0.5347743489410681 0.004844248449097654 0.008125836108163535
0 0.5672187546167088 0.5362328323450978 0.004375450212088055 0.008125836108163469
0 0.568078218051226 0.5302947213429783 0.003906651975078574 0.0075007717921509
0 0.5823765642800138 0.5401915730131774 0.005000514528100623 0.007292417020146686
0 0.5904491880725722 0.5331760927184713 0.003874365595119329 0.007748731190238587
0 0.5758557443309563 0.5294739211498017 0.002582910396746243 0.006887761057989792
0 0.5816027199637165 0.5269771077662804 0.006328130472028164 0.004993626767042656
0 0.5944526991875289 0.5317124434936484 0.003616074555444655 0.006543373005090345
0 0.6034283128162217 0.5297322121894762 0.004261802154630786 0.007748731190238511
0 0.6109833257267046 0.5355007120755428 0.008523604309262396 0.008265313269587864
0 0.6104021708874366 0.52732149581918 0.004003511114956595 0.008093119243138033
0 0.5759848898507935 0.5336926747978206 0.003357783515770123 0.005682402872841621
0 0.6209275307541775 0.5266327197133809 0.002841201436420846 0.006371178978640586
0 0.6245436053096222 0.528010271924979 0.002582910396746172 0.004993626767042656
0 0.6218961221529572 0.5337787718110454 0.004003511114956666 0.006198984952190827
0 0.643269705686032 0.5365338762342414 0.004132656634793932 0.004821432740592968
0 0.6433988512058693 0.5309375703746245 0.005165820793492486 0.005682402872841621
0 0.6571528490685428 0.5321429285597727 0.00452009319430573 0.0070599550844395505
0 0.6572174218284615 0.5363616822077916 0.003874365595119258 0.006543373005090416
0 0.6676136361753648 0.5302487942688257 0.005036675273655078 0.006715567031540033
0 0.6746520670064982 0.5293878241365768 0.005940693912516366 0.007059955084439693
0 0.665741026137724 0.5260300406208068 0.00413265663479379 0.006887761057989934
0 0.69809197885697 0.5228444511314865 0.00761958567040125 0.007748731190238587
0 0.7092630663228973 0.5302487942688257 0.006973858071214636 0.005682402872841621
0 0.7155911967949254 0.5282685629646535 0.005682402872841692 0.006543373005090487
0 0.732315541613857 0.5272353988059549 0.004261802154630913 0.005854596899291451
0 0.7281183122191445 0.5260300406208067 0.003874365595119258 0.005854596899291451
0 0.7392893996850717 0.5284407569911032 0.004520093194305872 0.006543373005090416
0 0.7609212742578211 0.5262022346472566 0.00335778351576991 0.008265313269587935
0 0.8159372657085151 0.5331760927184712 0.003616074555444726 0.008093119243138033
0 0.8263980528153371 0.5307653763481749 0.00413265663479379 0.007404343137339069
0 0.8361485395630541 0.5331760927184712 0.00348692903560746 0.006715567031540104
0 0.8426703883148382 0.5299044062159262 0.0038743655951194 0.006371178978640586
0 0.8501608284654015 0.5307653763481739 0.004390947674467784 0.0077487311902384995
0 0.8025061316454349 0.532056831546548 0.004132656634793932 0.005854596899291309
0 0.8043787416830759 0.527235398805955 0.00271205591658358 0.007232149110889452
0 0.8145166649903046 0.5274936898456297 0.003357783515770052 0.006715567031540175
0 0.7957905646138949 0.5277519808853043 0.003874365595119258 0.006198984952190969
0 0.8307890004898058 0.5285268540043282 0.00464923871414328 0.005682402872841692
0 0.8756024958733523 0.5308514733613997 0.004649238714143138 0.006543373005090345
0 0.9034333553982927 0.5308514733613997 0.0040035111149567095 0.00688776105798986
0 0.9364300357167252 0.5297322121894763 0.005424111833167018 0.007748731190238516
0 0.9421770113494854 0.5305070853085002 0.004261802154631198 0.007920925216688275
0 0.9585784923688233 0.5305070853084995 0.004520093194306243 0.007232149110889107
0 0.9741708960325383 0.5309375703746246 0.004390947674468606 0.006715567031540033
0 0.9726857225544091 0.5256856525679073 0.003745220075281992 0.00723214911088931
0 0.9857294200579776 0.5240498093166348 0.004003511114956666 0.006715567031540246
0 0.993090714688704 0.5290434360836774 0.004520093194305872 0.004993626767042656
0 0.7498885817500467 0.5280316129737282 0.0037438227207573505 0.007210325239976996
0 0.7786952176847628 0.5301115144852603 0.006863674988055819 0.007487645441514698
0 0.9003727175976239 0.5273383124698843 0.0037438227207573505 0.0058237242322891096
0 0.895484949045524 0.5260903715629652 0.004783773476523407 0.006101044433826815
0 0.9199237918060235 0.5271996523691155 0.00415980302306366 0.0066556848369020115
0 0.9181558755212214 0.526229031663734 0.003535832569604196 0.006933005038439504
0 0.9143080577248874 0.5263676917645028 0.00415980302306366 0.005546404030751617
0 0.9676575314956796 0.5247037705552774 0.003951812871910505 0.006655684836902083
0 0.9519542750836141 0.5271996523691155 0.00499176362767642 0.006101044433826815
