0 0.0027279837381627586 0.5985083732653258 0.005079693857268585 0.009532265016108923
0 0.0015050944762277287 0.6050304493289793 0.0030101889524554574 0.009532265016108923
0 0.007901746000195577 0.5799455413918504 0.0048915570477401195 0.005016981587425775
0 0.008466156428780975 0.5834574285030485 0.00827801961925251 0.004013585269940663
0 0.009218703666894838 0.5951219106938133 0.01204075580982183 0.008779717777995017
0 0.018719612548082378 0.603023656694009 0.008089882809724044 0.008528868698623881
0 0.028973068667383785 0.5791929941537366 0.00827801961925251 0.006522076063653515
0 0.050326596548864684 0.587471013772989 0.0073373355716101684 0.006522076063653515
0 0.05371305912037708 0.5778133242171946 0.008089882809724037 0.004766132508054497
0 0.06669449897784123 0.5771862015187662 0.005455967476325512 0.004013585269940663
0 0.06989282473982517 0.5750539843441104 0.0043271466191547245 0.0037627361905693845
0 0.07092757719223172 0.5799455413918504 0.006772925143024784 0.004515283428683219
0 0.07929966521624847 0.5842099757411623 0.008089882809724065 0.004013585269940592
0 0.07299708209704486 0.5868438910745608 0.00564410428585397 0.006772925143024721
0 0.07120978240652442 0.6012677131384099 0.0065847883334963254 0.011037359492336592
0 0.0785471179781346 0.573799738947254 0.004327146619154707 0.004766132508054426
0 0.08268612778776084 0.5761828052012811 0.00319832576198392 0.007023774222396071
0 0.0856022483354521 0.5778133242171946 0.002257641714341592 0.007776321460509834
0 0.08992939495460683 0.5800709659315356 0.004891557047740105 0.006772925143024785
0 0.09924216702626584 0.6030236566940087 0.004703420238211657 0.009532265016108621
0 0.10657950259787606 0.5750539843441104 0.006961061952553252 0.004264434349312012
0 0.11645668509812053 0.5756811070425385 0.00639665152396784 0.0035118871111979645
0 0.1035693136454206 0.5793184186934223 0.008089882809724037 0.005769528825539609
0 0.10667357100264029 0.5870947401539321 0.008654293238309449 0.0057695288255397515
0 0.11598634307429936 0.5891015327889025 0.005455967476325512 0.0067729251430247925
0 0.12247706300303143 0.6001388922812388 0.007149198762081752 0.00777632146050983
0 0.14778146388461014 0.5746777107250534 0.006961061952553269 0.0035118871111980356
0 0.1447712749321547 0.5770607769790805 0.006208514714439399 0.0037627361905693134
0 0.1440187276940408 0.5783150223759371 0.003950873000097772 0.004766132508054497
0 0.13897819417007246 0.5826786552941046 0.007371698286712096 0.005203551731796807
0 0.14628538561713417 0.5814745276206308 0.0035837133139096267 0.004300455976691424
0 0.1509442129252167 0.5857749835973223 0.009317654616165055 0.008123083511528364
0 0.14019307298348782 0.5872084689228863 0.009317654616165055 0.005256112860400606
0 0.13625098833818722 0.5934202386669962 0.0043004559766915305 0.007167426627819467
0 0.1412681869776607 0.6015433221785247 0.008600911953383078 0.009078740395237546
0 0.15882838221581788 0.5891197826903046 0.006450683965037332 0.006211769744110001
0 0.16097861020416368 0.5941369813297781 0.0064506839650373135 0.004778284418546121
0 0.15631978289608114 0.6013044079575975 0.006450683965037332 0.008600911953383061
0 0.1536319979106489 0.6175505749806544 0.007525797959210205 0.010512225720801708
0 0.16241209552972752 0.6146836043295267 0.005017198639473488 0.006689598185964698
0 0.16886277949476486 0.5991541799692517 0.00573394130225541 0.007167426627819182
0 0.17603020612258413 0.5938980671088508 0.004300455976691566 0.008123083511528578
0 0.17334242113715193 0.6142057758876721 0.006092312633646379 0.007645255069673951
0 0.1857062320701401 0.6165949180969451 0.00501719863947347 0.006689598185964627
0 0.19000668804683166 0.6120555478993264 0.0043004559766915305 0.008123083511528364
0 0.18248089008762144 0.5912700106786505 0.0043004559766915305 0.008600911953383203
0 0.19179854470378652 0.589358696911232 0.009317654616165037 0.008600911953383132
0 0.20057864232286504 0.586252812039177 0.006092312633646379 0.006211769744110001
0 0.1672501085035055 0.5723957872253931 0.008242540621992162 0.0033447990929822424
0 0.17047545048602417 0.57621841476023 0.006809055296428319 0.007167426627819253
0 0.18050984776497114 0.5807577849578489 0.0068090552964282835 0.004778284418546335
0 0.1799722907678847 0.5745460152137389 0.008600911953383132 0.006689598185964698
0 0.2169659859310155 0.5880338089588171 0.005864258150033912 0.00868778985190204
0 0.21484833715461435 0.5952012355866362 0.008796387225050885 0.0056470634037363255
0 0.21517412927406063 0.5960700145718266 0.004235297552802315 0.009122179344497211
0 0.20279402873510008 0.6017170779755628 0.004886881791694968 0.007384621374116947
0 0.2102872474823657 0.6045406096774311 0.006841634508372892 0.006950231881521631
0 0.20686643022817924 0.611925231051548 0.0065158423889265646 0.008687789851902251
0 0.21468544109489116 0.6097532835885724 0.006515842388926636 0.007819010866711978
0 0.23016056676859178 0.595852819825529 0.004235297552802244 0.006950231881521773
0 0.2270655416338517 0.6101876730811675 0.0052126739111412945 0.008687789851902111
0 0.22902029435052967 0.6134455942756308 0.0052126739111412945 0.008253400359307009
0 0.24628727668118514 0.594332456601446 0.004561089672248677 0.007384621374116733
0 0.24335514760616817 0.6149659574997136 0.006515842388926636 0.008687789851902182
0 0.2475904451589705 0.6095360888422747 0.0065158423889266 0.006515842388926529
0 0.2537804954284507 0.6030202464533484 0.005212673911141258 0.009122179344497222
0 0.2625768826535017 0.5984591567810996 0.00847059510560463 0.006950231881521702
0 0.2661605959674113 0.5886853931977097 0.008470595105604595 0.006515842388926671
0 0.2703958935202136 0.5906401459143877 0.007819010866711941 0.006950231881521773
0 0.26844114080353565 0.6106220625737626 0.005864258150033948 0.007819010866711907
0 0.2801696571036035 0.5823867455550806 0.0065158423889266 0.004343894925951161
0 0.2918981734036714 0.5849930825106512 0.007167426627819253 0.006950231881521631
0 0.2853823310147448 0.5949840408403387 0.004561089672248677 0.008687789851902182
0 0.28896604432865447 0.6093188940959773 0.0052126739111412945 0.007819010866711835
0 0.2923868615828408 0.602151467468158 0.005538466030587416 0.007384621374116801
0 0.29825111973287477 0.6036718306922408 0.004886881791694897 0.007819010866711978
0 0.30232352122595396 0.5967215988107192 0.003909505433355989 0.006950231881521631
0 0.30721040301764885 0.608450115110787 0.0065158423889266 0.009556568837092314
0 0.3143778296454682 0.5995451305125873 0.003257921194463229 0.008253400359307009
0 0.3221968405121801 0.5954184303329338 0.005212673911141259 0.007819010866711835
0 0.3158852594560957 0.6032109434405973 0.006092312633646379 0.010990054162656264
0 0.31803548744444143 0.6089448847428528 0.006092312633646308 0.008123083511528364
0 0.33971695299359467 0.6058389998707977 0.005017198639473506 0.009556568837092314
0 0.3579938908945339 0.6075113994172889 0.005017198639473577 0.0071674266278193245
0 0.3522599495922784 0.59054848973145 0.007884169290601192 0.0076452550696738085
0 0.3593785074021808 0.5892670407282946 0.0071674266278193245 0.008253400359307151
0 0.364591181313322 0.5873122880116166 0.005864258150034019 0.006950231881521631
0 0.38462739665927137 0.5912217934449726 0.007493218747265615 0.004343894925951161
0 0.3883740060329041 0.607077009924694 0.007167426627819253 0.007384621374116876
0 0.39179482328709064 0.6101177363728598 0.004886881791694862 0.007384621374116733
0 0.3921206154065369 0.6029503097450405 0.0061900502694803095 0.008687789851902251
0 0.3974961853774015 0.6049050624617185 0.009122179344497211 0.009122179344497211
0 0.40759574108023755 0.6066426204320989 0.0052126739111412945 0.009122179344497282
0 0.42193059433587615 0.6059910361932062 0.004561089672248641 0.008687789851902182
0 0.40955049379691566 0.5957828831172212 0.005864258150033948 0.005647063403736397
0 0.404012027766328 0.5873122880116166 0.0065158423889266 0.008687789851902111
0 0.40629257260245166 0.5855747300412362 0.004561089672248497 0.00347511594076095
0 0.43870888848736217 0.59143898819127 0.007493218747265506 0.006515842388926529
0 0.44294418604016444 0.5853575352949387 0.006190050269480238 0.0056470634037363255
0 0.44555052299573505 0.5996923885505772 0.008144802986158267 0.009122179344497354
0 0.4641206738041759 0.5864435090264264 0.0061900502694803095 0.006950231881521631
0 0.4597224801916505 0.6090317626413719 0.005864258150033877 0.006950231881521773
0 0.4657496344014074 0.6001267780431722 0.004886881791694728 0.009990958329687556
0 0.4782926310000913 0.593393740907948 0.0071674266278193245 0.010425347822282518
0 0.4797586955375997 0.5797104718912023 0.004886881791695004 0.006515842388926671
0 0.22372556130391102 0.5685833925455068 0.005587663242995439 0.003587141835009362
0 0.22931322454690645 0.5605813069135628 0.003518158338182289 0.0041390098096262306
0 0.23169315518744157 0.5619609768501048 0.0041390098096262306 0.0024834058857757667
0 0.2414198282400632 0.5623748778310674 0.0037251088286636147 0.003311207847700999
0 0.2406955015233788 0.5659620196660768 0.0035181583381822907 0.003311207847701091
0 0.2418337292210259 0.572032567386862 0.0037251088286636503 0.006622415695402069
0 0.24597273903065248 0.5669277886216566 0.0020695049048131526 0.003587141835009479
0 0.24845614491642787 0.5585118020087496 0.004966811771551533 0.0022074718984673326
0 0.26542608513589555 0.5596155379579832 0.004552910790588882 0.0016556039238504639
0 0.2688407682288372 0.5641684487485722 0.005587663242995439 0.0030352738603925643
0 0.28146474814819733 0.5576840000468244 0.0026903563762570924 0.003311207847700999
0 0.2840516292792137 0.5612711418818338 0.004966811771551569 0.0027593398730842013
0 0.2918122726722629 0.5585118020087496 0.0022764553952944766 0.004414943796934665
0 0.2947095795390013 0.5608572409008711 0.0031042573572196376 0.003587141835009433
0 0.2991590150843495 0.5586497690024038 0.0024834058857757667 0.0030352738603924225
0 0.3069196584773987 0.5605813069135627 0.0051737622620328235 0.003587141835009433
0 0.30174589621536596 0.572722402355133 0.005173762262032752 0.00469087778424317
0 0.284258579769695 0.5638925147612638 0.004966811771551569 0.0024834058857757667
0 0.3060918565154735 0.5796207520378435 0.004759861281070172 0.004690877784243029
0 0.3239930739421071 0.5681694915645442 0.004966811771551533 0.0033112078477009277
0 0.33309889552328487 0.5651342177041516 0.0049668117715516045 0.00331120784770107
0 0.33547882616381997 0.5738261383043667 0.006001564223958056 0.0046908777842431
0 0.35400089506189736 0.569963062482049 0.005380712752514114 0.0041390098096262306
0 0.35596692472146985 0.5767234451711052 0.0031042573572197087 0.004414943796934736
0 0.35958855830489306 0.5734122373234044 0.0028973068667382286 0.004414943796934596
0 0.36248586517163117 0.5778271811203388 0.002897306866738418 0.0033112078477011407
0 0.3639345186050004 0.5681694915645443 0.006208514714439417 0.004414943796934736
0 0.3657970730193323 0.571342732418591 0.002897306866738418 0.003587141835009433
0 0.37345424116714093 0.5734122373234043 0.006208514714439347 0.004414943796934613
0 0.37893842916489556 0.5745159732726378 0.0051737622620328235 0.004414943796934665
0 0.3796627558815801 0.5698250954883948 0.006208514714439346 0.003311207847700999
0 0.39073460712233044 0.5694111945074322 0.004759861281070172 0.003587141835009433
0 0.40273773557024656 0.5649962507104975 0.003932059319144869 0.003587141835009433
0 0.42043200250639884 0.5698250954883948 0.004966811771551462 0.003311207847700999
0 0.4312969032566677 0.56803152457089 0.004759861281070101 0.0030352738603926354
0 0.495658505796356 0.5800346530188062 0.00682936618588343 0.005518679746168331
0 0.4986592879083351 0.5756197092218716 0.003725108828663579 0.0038630758223177964
0 0.5083859609609567 0.5724464683678248 0.005380712752514185 0.0041390098096262306
0 0.5168709310706906 0.571342732418591 0.005380712752514185 0.003587141835009433
0 0.520078663673151 0.5749298742536005 0.0022764553952944054 0.003587141835009362
0 0.5169744063159313 0.5760336102028342 0.006829366185883359 0.005242745758859968
0 0.5133527727325083 0.580586520993423 0.006622415695401998 0.0060705477207852
0 0.5144910004301555 0.5865191017205541 0.009726673052621777 0.007450217657327087
0 0.5172848320516532 0.590520144536526 0.009519722562140486 0.009381755568486128
0 0.525769802161387 0.5742400392853295 0.004966811771551391 0.0038630758223177964
0 0.5355999504592494 0.5742400392853294 0.004345960300107592 0.004966811771551462
0 0.5304261881972167 0.5764475111837968 0.0031042573572196376 0.0038630758223177253
0 0.5294949109900507 0.583207893872853 0.006622415695401927 0.005242745758859968
0 0.5353929999687681 0.5819661909299652 0.005173762262032895 0.004966811771551533
0 0.529081010009088 0.589140474599984 0.007450217657327229 0.007726151644635664
0 0.536013851440212 0.5927276164349934 0.008898871090696474 0.0060705477207852
0 0.5599166330908036 0.5746539402662921 0.0037251088286637214 0.004690877784243029
0 0.5527768411691985 0.5855533327649746 0.006415465204920779 0.0060705477207851286
0 0.5502934352834227 0.5803105870061149 0.00351815833818217 0.006070547720785272
0 0.5529837916596796 0.577965148113993 0.004345960300107592 0.005242745758859897
0 0.5874410483248182 0.5747919072599462 0.0033112078477009277 0.004966811771551462
0 0.5818533850818228 0.5775512471330305 0.004139009809626373 0.0038630758223177964
0 0.5861993453819304 0.57851701608861 0.0033112078477009277 0.005794613733476766
0 0.5840263652318769 0.5832078938728533 0.0022764553952944054 0.005794613733476836
0 0.5837159394961546 0.5916238804857598 0.005794613733476766 0.0060705477207852
0 0.5980989985846058 0.5935554183969186 0.006829366185883217 0.007174283670018866
0 0.5919939591154072 0.597142560231928 0.007036316676364649 0.008278019619252461
0 0.599858077753697 0.5756197092218716 0.002897306866738418 0.0060705477207852
0 0.6087569488443936 0.5764475111837969 0.004552910790588953 0.004966811771551462
0 0.5975816223584026 0.5796207520378436 0.004139009809626302 0.0046908777842431
0 0.6141376615969076 0.5774132801393762 0.006622415695401998 0.0046908777842431
0 0.6088604240896341 0.5814143229553483 0.007243267166845868 0.004966811771551533
0 0.6136202853707045 0.5856912997586288 0.006829366185883217 0.006346481708093563
0 0.6265546910257863 0.5811383889680398 0.0037251088286637214 0.0038630758223178675
0 0.6326597304949851 0.5837597618474698 0.00393205931914494 0.006346481708093563
0 0.6280033444591555 0.588450639631713 0.00786411863828981 0.0041390098096262306
0 0.6069978696753023 0.5927276164349934 0.005173762262032895 0.006622415695401998
0 0.6262442652900644 0.599074098143087 0.0051737622620328235 0.007174283670018866
0 0.643835056980976 0.6008676690605916 0.003932059319144656 0.0074502176573273005
0 0.6678413138768083 0.6110772265910032 0.007657168147808591 0.00800208563194417
0 0.6842938778700727 0.6095595896608068 0.007450217657327158 0.008278019619252603
0 0.6865703332653671 0.6154921703879377 0.008278019619252461 0.008553953606560966
0 0.6519061261097473 0.5797587190314978 0.00641546520492085 0.0038630758223179382
0 0.6542860567502824 0.5826560258982362 0.003725108828663508 0.004139009809626302
0 0.6539756310145602 0.5877608046634418 0.0051737622620328235 0.008278019619252532
0 0.6597702447480371 0.57851701608861 0.00724326716684601 0.0041390098096262306
0 0.6644266307838665 0.5812763559616941 0.006208514714439417 0.004690877784243029
0 0.6729116008936006 0.5843116298220867 0.00331120784770107 0.006346481708093634
0 0.6760158582508202 0.5881747056444045 0.0037251088286636503 0.005794613733476836
0 0.6793270660985212 0.5912099795047971 0.005794613733476836 0.00469087778424317
0 0.6797409670794837 0.5808624549807315 0.0041390098096262306 0.004414943796934665
0 0.6883294124344584 0.5848634977967034 0.00393205931914494 0.004690877784243029
0 0.6939170756774539 0.582518058904582 0.0064154652049207075 0.0038630758223178675
0 0.7014707685800217 0.5815522899490025 0.004966811771551533 0.00469087778424317
0 0.7033333229943534 0.5847255308030493 0.00703631667636472 0.003863075822317654
0 0.7017811943157437 0.5874848706761334 0.007243267166845868 0.0038630758223177964
0 0.7027124715229095 0.5960388242826944 0.008691920600215041 0.008278019619252461
0 0.7278569561163889 0.6066622827940685 0.006829366185883288 0.010209557530411431
0 0.7689366284769297 0.6099734906417695 0.009105821581177622 0.007450217657327229
0 0.7734895392675185 0.5896923425746007 0.009105821581177906 0.0060705477207852
0 0.7640732919506188 0.5800346530188062 0.007657168147808591 0.0038630758223179382
0 0.7551744208599223 0.5793448180505352 0.006829366185883288 0.003587141835009504
0 0.7462755497692258 0.5789309170695726 0.005587663242995405 0.0038630758223179382
0 0.73903228260238 0.5794827850441894 0.0051737622620328235 0.004414943796934736
0 0.7292021343045175 0.5786549830822643 0.00703631667636472 0.004414943796934736
0 0.7454477478073005 0.5735502043170585 0.004759861281070101 0.0024834058857757667
0 0.7631420147434528 0.5736881713107127 0.004966811771551533 0.0038630758223178675
0 0.7089209862373488 0.5816902569426567 0.004552910790588953 0.0033112078477011407
0 0.7525875397289059 0.5716186664058995 0.0033112078477009277 0.0030352738603926354
0 0.8684829632991259 0.5823800919109278 0.008484970109733894 0.005242745758859826
0 0.9140120712050147 0.5729983363424416 0.002690356376257057 0.0041390098096262306
0 0.9463998229653402 0.5685833925455068 0.004552910790588953 0.003587141835009433
0 0.972061683785023 0.5707908644439741 0.0037251088286637925 0.0041390098096262306
0 0.9838578617424577 0.5589257029897123 0.004966811771551391 0.0041390098096262306
0 0.9877899210616028 0.5579599340341328 0.004552910790588811 0.0038630758223178675
0 0.9660601195610649 0.5605813069135627 0.004966811771551533 0.003587141835009433
0 0.9628523869586044 0.5567182310912449 0.00393205931914494 0.0030352738603925643
0 0.9578855751870531 0.5565802640975908 0.004345960300107663 0.0022074718984674037
0 0.9508492585106884 0.5561663631166281 0.003518158338182218 0.0019315379111589691
0 0.9441233675700457 0.5590636699833665 0.004966811771551391 0.0038630758223177964
0 0.9378113776103657 0.5564422971039364 0.004345960300107521 0.0030352738603925643
0 0.9324306648578516 0.5550626271673944 0.0031042573572197794 0.002483405885775909
0 0.9261186748981715 0.5586497690024038 0.0016556039238504639 0.003587141835009291
0 0.8811069432184861 0.556580264097591 0.003104257357219451 0.0022074718984674505
0 0.8208141544679992 0.5513676824222419 0.003731639197258829 0.003109699331049072
0 0.8263338707806114 0.5559285747744471 0.0035761542307062655 0.002695072753575829
0 0.8117960264079571 0.5576907377287083 0.004353579063468516 0.0029023860423124147
0 0.7985020617677224 0.5595565573273376 0.0035761542307064078 0.002487759464839243
0 0.7857522945104216 0.5589346174611278 0.004198094096916378 0.002902386042312486
0 0.7651505364422218 0.5543737251089226 0.004664548996573359 0.0033170126197856575
0 0.761807609661344 0.5591419307498644 0.002954214364496579 0.0020731328873660002
0 0.7326541784327594 0.5704405049860093 0.004664548996573643 0.003938952485995415
0 0.7180385915768289 0.5660869259225406 0.004042609130363672 0.003938952485995557
0 0.7409726241433156 0.5559285747744471 0.0035761542307062655 0.0035243259085222436
0 0.7440045809910883 0.5581053643061814 0.004353579063468658 0.0016585063098928288
0 0.7012462151891643 0.5665015525000139 0.002176789531734329 0.002695072753575829
0 0.7716031625541485 0.5612150636372304 0.00606391369554558 0.0016585063098927576
0 0.7695041155056904 0.5592455873942328 0.004353579063468516 0.0022804461761026574
0 0.7487468724709382 0.5626662566583867 0.0045090640300210795 0.0020731328873660002
0 0.6636188532834711 0.5557212614857104 0.004042609130363672 0.003938952485995344
0 0.6502471461599602 0.5601784971935474 0.004353579063468658 0.0020731328873660002
0 0.6234259894296623 0.5563432013519203 0.0032651842976014933 0.0018658195986294146
0 0.6062449006256165 0.5519896222884516 0.003731639197258687 0.0035243259085223143
0 0.6699937369121216 0.558623647528023 0.0037316391972589714 0.002695072753575829
0 0.6911396923632549 0.5576907377287081 0.003420669264153986 0.002902386042312557
0 0.572349177917182 0.5533371586652396 0.002798729397944015 0.002902386042312557
0 0.4400314713810459 0.5577943943730765 0.004353579063468729 0.0018658195986293435
0 0.47260557187378455 0.5663978958556456 0.004509064030021151 0.002487759464839243
0 0.45215929877213723 0.5619406601478086 0.004353579063468658 0.004353579063468658
0 0.48963117571127796 0.5535444719539763 0.003420669264153986 0.0020731328873660002
0 0.40574703625623043 0.5506420859116637 0.0032651842976014933 0.002487759464839243
0 0.3748055279122927 0.5949034730569283 0.007929733294175066 0.006426711950834658
0 0.16357920085078753 0.5575870810843397 0.004042609130363708 0.0035243259085222436
0 0.15844819695455667 0.5566541712850251 0.0037316391972588114 0.003731639197258829
0 0.09376645086873692 0.5577943943730764 0.003731639197258829 0.0031096993310489296
0 0.07845118166332045 0.5553066349082373 0.004509064030021071 0.003109699331049072
0 0.5988179188533216 0.5999705829810372 0.004368999060151566 0.007195998452014223
0 0.5881524211476576 0.5917465847501637 0.0033409992812922697 0.006167998673155068
