0 0.7765086206896552 0.2982758620689655 0.12025862068965523 0.19655172413793104
0 0.8334051724137932 0.6534482758620689 0.2806034482758622 0.34137931034482755
0 0.9355603448275863 0.6137931034482759 0.12801724137931048 0.1034482758620689
0 0.5275862068965518 0.36724137931034484 0.12413793103448277 0.22758620689655173
0 0.35366379310344825 0.40086206896551724 0.16681034482758628 0.23620689655172408
0 0.08857758620689657 0.3353448275862068 0.13577586206896552 0.20517241379310341
0 0.04073275862068966 0.4068965517241379 0.06336206896551726 0.22413793103448276
0 0.37241379310344824 0.0706896551724138 0.025862068965517224 0.031034482758620693
0 0.32844827586206904 0.12413793103448274 0.038793103448275905 0.07586206896551721
0 0.0827586206896552 0.07931034482758621 0.0413793103448276 0.03793103448275862
0 0.11637931034482758 0.09482758620689655 0.038793103448275856 0.03793103448275863
0 0.20172413793103453 0.0939655172413793 0.04396551724137932 0.05344827586206897
0 0.234698275862069 0.10603448275862068 0.05301724137931039 0.05689655172413792
0 0.26896551724137935 0.07586206896551724 0.018103448275862064 0.03448275862068967
0 0.9239224137931035 0.10344827586206896 0.05560344827586206 0.05172413793103448
