0 0.04237740993698135 0.39724299357916465 0.014585713187612134 0.021024451441603115
0 0.04572818188548688 0.4177418337347276 0.017345172439322612 0.022075674013683436
0 0.13028589752718467 0.3935637145768838 0.0177393809038527 0.024178119157843694
0 0.24283241415051662 0.48107799370255705 0.056766018892328594 0.0362671787367654
0 0.2499281665120577 0.4009222725814449 0.017345172439322633 0.02312689658576339
0 0.28173036425181125 0.40390001255318436 0.032579211944632966 0.019981916659374904
0 0.305187396851947 0.3884791855660581 0.0162896059723165 0.01867874818158967
0 0.3421648024091056 0.390216743536438 0.008144802986158444 0.016072411226018966
0 0.35161277387304907 0.3921714962531165 0.012705892658406982 0.01476924274823368
0 0.4434030745664551 0.4903435215796098 0.04952040215584203 0.03214482245203728
0 0.4533397342095683 0.4084611022254315 0.023131240480689274 0.021285085137159706
0 0.4764709746902578 0.4275742398996176 0.01922173504733344 0.028235317018681982
0 0.49911352699177775 0.41085024443470614 0.018244358688994565 0.018244358688994496
0 0.5222447674724671 0.4345244717811394 0.013683269016745854 0.02128508513716021
0 0.5336474916530887 0.4427778721404457 0.013683269016746094 0.022153864122350417
0 0.5644348469407668 0.39673258592536514 0.021828072002904195 0.02389142209273089
0 0.5764891553602817 0.39521222270128065 0.017918566569547097 0.016506800718614205
0 0.5836565819881003 0.4178004763162278 0.0361629252585427 0.009556568837092314
0 0.5795841804950211 0.4421262879015538 0.016289605972316466 0.022588253614945587
0 0.6027154209757107 0.4421262879015538 0.01694119021120919 0.031276043466847696
0 0.6217742599633218 0.4469045723200981 0.012054308419513849 0.022588253614944723
0 0.7677102188347666 0.4425606773941489 0.02736653803349171 0.01737557970380429
0 0.7901898750765634 0.4460357933349098 0.016289605972316535 0.0260633695557064
0 0.8232577752003658 0.41736608682363274 0.025737577436260182 0.0260633695557064
0 0.8491582486963491 0.4403887299311734 0.026714953794599126 0.028669706511277013
0 0.8815745645812589 0.4510312724997535 0.022479656241796847 0.017809969196399322
0 0.9027510523452681 0.4412575089163637 0.015312229613976965 0.02258825361494559
0 0.909103998674474 0.4393027561996856 0.015638021733423955 0.020416306151969935
0 0.9297917982593159 0.4419090931552563 0.019873319286226234 0.024760201077921096
0 0.948687741187203 0.42344753971996424 0.025085993197367457 0.03214482245203783
0 0.9767058634595875 0.4130221918976817 0.02704074591404563 0.021719474629755382
0 0.9794750964748812 0.42692265566072507 0.014986437494531372 0.01737557970380429
0 0.9942986379096892 0.444949819603422 0.01075113994172881 0.025628980063111227
