0 0.4390866983244556 0.5179734300866735 0.11426677125741393 0.0808491306066609
0 0.6101275257412135 0.5373772214322722 0.09270700309563765 0.06360131607723979
0 0.545088891786522 0.4759318821712098 0.056055397220618135 0.08300510742283841
0 0.550838163296329 0.38699783850388303 0.09055102627946006 0.06467930448532855
0 0.665104934553743 0.3929267747483715 0.1020495692990739 0.06791326970959503
0 0.8609394953565435 0.4538331198053893 0.10708018187015511 0.08839504946328254
0 0.812430016992547 0.48886774306827563 0.05318076146571471 0.06144533926106227
0 0.7412827820586856 0.3600481283016628 0.10348688717652564 0.06252332766915103
0 0.7229569791211757 0.28728391075566806 0.08983236734073415 0.06360131607723979
0 0.6514504147179514 0.2775820150828687 0.05749271509806988 0.06575729289341745
0 0.8052434276052882 0.21236371639349572 0.08336443689220144 0.03665160587501969
0 0.7466727240991295 0.19565489606811912 0.03521428799756777 0.042041547915463655
0 0.9392733196776638 0.3304034470792205 0.1128294533799621 0.0679132697095951
0 0.49514209554507377 0.20751276855709605 0.1056428639927035 0.05497740881252934
0 0.4836435525254598 0.3341764065075313 0.0725845528113132 0.06467930448532862
0 0.10959548815569574 0.51347485510111 0.05677405615934401 0.054977408812529376
0 0.13798251623536775 0.4196898635973836 0.10636152293142931 0.08516108423901599
0 0.18253937043637194 0.3938181418032521 0.07186589387258736 0.07438120015812792
0 0.36148544617911454 0.4040590316800957 0.07186589387258735 0.07761516538239441
0 0.3309424412832649 0.5291056870183978 0.07545918856621679 0.05174344358826289
0 0.25584258218641104 0.2784733821377493 0.08911370840200834 0.04850947836399648
0 0.04060423003801187 0.37495334466169794 0.08120846007602374 0.04743148995590765
