0 0.2540229885057471 0.6948275862068966 0.30114942528735633 0.10689655172413808
0 0.657471264367816 0.6801724137931034 0.25287356321839083 0.09827586206896548
0 0.7114942528735633 0.6267241379310344 0.2781609195402297 0.09137931034482755
0 0.8839080459770114 0.5258620689655173 0.23218390804597702 0.106896551724138
0 0.9310344827586207 0.5887931034482758 0.13793103448275873 0.11551724137931046
0 0.48160919540229885 0.6129310344827585 0.14022988505747122 0.20517241379310341
0 0.3563218390804597 0.6103448275862069 0.13793103448275856 0.07241379310344839
0 0.22758620689655173 0.5663793103448276 0.10574712643678165 0.10862068965517245
0 0.044749157420470136 0.6754638014644749 0.08949831484094027 0.09420875246414767
0 0.05966554322729349 0.6313034487469058 0.11305050295697715 0.07183417375391266
0 0.08871324190373901 0.5947975571670486 0.1742861920586731 0.07654461137711997
0 0.09734904421295255 0.5500483997465784 0.16015487918905097 0.06476851731910152
0 0.6170673286401669 0.545337962123371 0.10676991945936734 0.08832070543513837
0 0.5716109567556051 0.5686127794289491 0.10770422113669563 0.06520647123034809
