0 0.13307283413469406 0.5871244670380709 0.010645826730775526 0.01468389893900067
0 0.16078869338205792 0.590061246825871 0.019089068620700936 0.009789265959333803
0 0.17223127054112822 0.5885483602685194 0.013682724011341598 0.008899332690303439
0 0.749742341312509 0.5941104431999591 0.015351348890773551 0.012014099131909645
0 0.7290513928075533 0.5963352763725349 0.01067919922836424 0.010234232593848987
0 0.755916253366407 0.5798715108954735 0.008343124397159443 0.010234232593848916
0 0.7475731289692473 0.5809839274817614 0.009678024300705062 0.008899332690303581
0 0.7270490429522352 0.5772017110883825 0.00934429932481848 0.00756443278675782
0 0.7048563320557909 0.5858785604614283 0.015017623914886969 0.008899332690303368
0 0.6903392956047333 0.5998950094486563 0.01001174927659136 0.011124165862879351
0 0.735892754813224 0.5787590943091855 0.007008224493613824 0.009789265959333732
0 0.903386624958304 0.5491688000897826 0.011680374156023276 0.005784566248697303
0 0.8870340956624604 0.5478339132103809 0.009678024300705204 0.008454366055788256
0 0.708491233563247 0.5769792277711248 0.013015274059568895 0.008009399421273074
0 0.7200814693805541 0.5936455851193481 0.011533695635442171 0.02206446121562841
0 0.7012765308445071 0.5966543752851156 0.010029300552558454 0.01404102077358168
0 0.6827223248222742 0.5946485151746039 0.010530765580186311 0.017384120957767948
0 0.6586520034961342 0.5801060293733943 0.013038090718325748 0.008357750460465283
0 0.6575237071839714 0.5984930803864179 0.013790288259767748 0.01170085064465134
0 0.6438587851811106 0.6003317854877203 0.015043950828837466 0.012035160663070102
0 0.634205583399273 0.5984930803864179 0.015294683342651397 0.01170085064465134
0 0.6073772044211795 0.5994960104416738 0.013790288259767677 0.01370671075516306
0 0.6291909331229939 0.5826133545115338 0.01479321831502368 0.010697920589395551
0 0.5579828991998294 0.5943142051561853 0.010280033066372311 0.02273308125246565
0 0.5718985537165042 0.5988273904048366 0.020058601105116765 0.0110322306078141
0 0.5915810560509001 0.5944813601653945 0.012285893176884102 0.0230673912708842
0 0.6047445109685028 0.5872936719371868 0.013539555745953677 0.008023440442046663
0 0.38899153389054175 0.5555369531037905 0.012921831066320593 0.006999325160923746
0 0.2409961874590882 0.5978021088832143 0.014940867170433237 0.01076819255526715
0 0.22888197083441264 0.5811114104225501 0.018978939378658452 0.009691373299740463
0 0.25210088603170755 0.5867647115140653 0.015344674391255815 0.00915296367197726
0 0.26037893405856916 0.5918796029778172 0.014133252728788187 0.01615228883290072
0 0.281982620372574 0.5972636992554509 0.007268529974805382 0.01722910808842748
0 0.37344495588887483 0.5991481329526226 0.010095180520563005 0.013460240694083936
0 0.39888481080069355 0.587841530769592 0.0068647227539828035 0.014537059949610765
0 0.500240423227146 0.6010325666497944 0.014133252728788221 0.01399865032184728
0 0.5012499412792023 0.589456759652882 0.015344674391255779 0.010229782927503877
0 0.48832811021288164 0.5856878922585387 0.005653301091515246 0.01884433697171758
0 0.40272097939850754 0.599686542580386 0.012921831066320593 0.014537059949610623
0 0.292077800893137 0.5943024463027524 0.011306602183030527 0.016690698460664136
0 0.45662924337831384 0.6023785907192029 0.013325638287143136 0.013460240694083936
0 0.46725671523541557 0.6052419510123079 0.012114216624675577 0.013215509045100689
0 0.31527836121675806 0.5959421483509407 0.02019036104112594 0.020067995216634243
0 0.3580179121058434 0.5874493770387963 0.018203180502893518 0.010921908301736139
0 0.4502473475385082 0.5789545357905184 0.012742226352025482 0.014158029280028189
0 0.5109246283301485 0.5639874762659172 0.005460954150868034 0.013348999035455264
0 0.44190423559001074 0.6040344733722827 0.016686248794319028 0.009303847812590006
0 0.5362573878633419 0.5997870645882741 0.02154043026175721 0.010517393179449427
0 0.7659208485415143 0.5775387328625154 0.011225294643451065 0.008899332690303439
0 0.6714160030973259 0.5921012772648302 0.016989635136034024 0.013753514157741762
0 0.6689889123636067 0.6014051250774203 0.009101590251446651 0.012944483913168625
