0 0.07975561477414071 0.5427366559543274 0.0072618927109892525 0.0036726813710748728
0 0.09127447907433059 0.5340557727136047 0.005258611963130164 0.007011482617506814
0 0.07599946337190489 0.49916529968839185 0.002754511028306279 0.0026710409971455107
0 0.0823849207557058 0.4996661198753566 0.0025041009348238854 0.002337160872502224
0 0.08551504692423563 0.496661198753568 0.004256971589200607 0.0023371608725022953
0 0.08238492075570578 0.4919868770085634 0.0015024605608943275 0.0016694006232158643
0 0.09215091440151894 0.49966611987535664 0.004006561495718213 0.004340441620361446
0 0.10003883234621416 0.5201997475409124 0.003255331215271067 0.004006561495718231
0 0.10091526767340252 0.49966611987535664 0.002003280747859133 0.0016694006232160063
0 0.10554785440282671 0.5001669400623214 0.0027545110283062613 0.00400656149571816
0 0.11356097739426314 0.500333880124643 0.0027545110283062435 0.002337160872502224
0 0.11543905309538106 0.49766283912749754 0.0025041009348238676 0.0050082018696478055
0 0.1209480751519936 0.49315545744481454 0.0025041009348239027 0.00200328074785908
0 0.12270094580637032 0.496661198753568 0.0020032807478590976 0.0023371608725022953
0 0.11431220767471033 0.5175287065437669 0.003255331215271067 0.0033388012464317996
0 0.12182451047918195 0.5148576655466216 0.004256971589200624 0.0020032807478590087
0 0.1208228701052524 0.5185303469176965 0.003756151402235801 0.0033388012464317996
0 0.12883599309668883 0.516694006232159 0.004256971589200624 0.0030049211217885842
0 0.13785075646205486 0.5201997475409125 0.007261892710989262 0.0046743217450045905
0 0.14636469964045604 0.5188642270423398 0.007261892710989262 0.00534208199429095
0 0.13684911608812528 0.5388970345209309 0.005258611963130147 0.005342081994290879
0 0.11794315403020494 0.5370606938353933 0.004507381682682983 0.004340441620361375
0 0.12345217608681751 0.5484126180732616 0.010016403739295522 0.003004921121788655
0 0.11856917926391092 0.5574273814386276 0.007261892710989279 0.006343722368220597
0 0.1364735009479017 0.5525861196313013 0.010517223926260276 0.007345362742149959
0 0.1536265923514453 0.5590967820618434 0.008263533084918838 0.005675962118934166
0 0.11844397421716972 0.49816365931446227 0.0035057413087534427 0.0033388012464318708
0 0.11506343795515747 0.4869786751389157 0.0027545110283062613 0.0023371608725023664
0 0.10379498374844999 0.4869786751389157 0.0022536908413414913 0.0016694006232157931
0 0.0995380121592494 0.4919868770085634 0.0017528706543767036 0.0023371608725022953
0 0.09678350113094314 0.4864778549519508 0.0022536908413414913 0.0026710409971454395
0 0.11105687645943925 0.4869786751389157 0.0027545110283062613 0.0016694006232157931
0 0.14861839048179754 0.489315836011418 0.002754511028306279 0.002337160872502224
0 0.14849318543505632 0.49916529968839185 0.003004921121788655 0.004006561495718231
0 0.13346857982611302 0.48898195588677473 0.0025041009348238854 0.0016694006232158643
0 0.12996283851735957 0.49465791800570885 0.003004921121788655 0.003004921121788655
0 0.13547186057397212 0.49449097794338726 0.0035057413087534605 0.004674321745004519
0 0.13760034636857246 0.496661198753568 0.0032553312152710135 0.003672681371075015
0 0.16314217590377603 0.49999999999999983 0.0037561514022358368 0.0023371608725023664
0 0.1666479172125295 0.4986644795014271 0.002253690841341509 0.003004921121788655
0 0.17478624525070713 0.4953256782549953 0.003505741308753407 0.003672681371075015
0 0.15646388357594412 0.5147707463406195 0.0064154652049207075 0.003587141835009291
0 0.17012261594771075 0.5150466803279279 0.006001564223958092 0.005242745758859968
0 0.1786075860574446 0.5087001986198344 0.0031042573572197443 0.003587141835009433
0 0.18378134831947743 0.5242904689027599 0.0064154652049207075 0.004414943796934523
0 0.18998986303391682 0.5095280005817595 0.0051737622620328235 0.0030352738603925643
0 0.1945427738245057 0.507044594695984 0.0035181583381823246 0.0030352738603927065
0 0.19681922921980013 0.5135290433977316 0.005587663242995405 0.003311207847700999
0 0.19671575397455945 0.5173921192200495 0.0037251088286636147 0.006622415695401998
0 0.2054076745747746 0.5133910764040774 0.004552910790588882 0.0041390098096262306
0 0.21430654566547105 0.5029055848863575 0.003311207847700999 0.003587141835009433
0 0.1985783083888913 0.49752487213384344 0.0024834058857756956 0.0038630758223178675
0 0.21027101110108545 0.5215311290296758 0.0051737622620328235 0.0038630758223178675
0 0.21575519909884022 0.5182199211819747 0.005380712752514149 0.0033112078477011407
0 0.22103243660611369 0.5136670103913858 0.004345960300107556 0.006346481708093634
0 0.23251818882782657 0.5000082780196192 0.006208514714439417 0.004414943796934665
0 0.24369351531381744 0.49669707017191816 0.005794613733476801 0.006070547720785271
0 0.24007188173039448 0.5100798685563764 0.005587663242995475 0.0024834058857756956
0 0.23489811946836167 0.5153226143152363 0.004759861281070172 0.002483405885775625
0 0.23479464422312102 0.5187717891565916 0.002897306866738418 0.0027593398730842013
0 0.23686414912793413 0.5224968979852551 0.005380712752514185 0.005794613733476695
0 0.2478325251234437 0.5110456375119559 0.006622415695402033 0.0038630758223177964
0 0.248349901349647 0.5155985483025448 0.006829366185883323 0.0030352738603925643
0 0.24203791138996697 0.5161504162771615 0.004552910790588882 0.003587141835009433
0 0.24027883222087582 0.5529876035828353 0.008898871090696403 0.005518679746168331
0 0.2596287030808786 0.5154605813088905 0.006622415695402069 0.0038630758223178675
0 0.2879809202768184 0.5117354724802269 0.0024834058857758023 0.0041390098096262306
0 0.28808439552205906 0.565404633011714 0.00931277207165902 0.007174283670018937
0 0.30495086049628606 0.5629212271259384 0.010761425505028299 0.008829887593869401
0 0.2970867418579962 0.5165643172581242 0.006208514714439346 0.003311207847700999
0 0.3036056823081575 0.5128392084294606 0.0064154652049207075 0.003587141835009433
0 0.2644920396071894 0.49628316919095555 0.003932059319144976 0.0024834058857756956
0 0.26987275235970354 0.49490349925441346 0.0031042573572197087 0.0024834058857757667
0 0.27897857394088127 0.4929719613432546 0.0035181583381823246 0.003587141835009433
0 0.30060490019617847 0.49531740023537607 0.003311207847700999 0.0022074718984673326
0 0.3297849193540436 0.49628316919095555 0.0037251088286636503 0.0024834058857756956
0 0.3253354838086953 0.49655910317826396 0.0022764553952944766 0.003587141835009362
0 0.32367987988484487 0.5567127124114989 0.006829366185883359 0.008002085631944027
0 0.34116719633051573 0.5367074983316387 0.005380712752514114 0.006622415695401998
0 0.3479965625163991 0.5602998542465083 0.009933623543103067 0.006346481708093563
0 0.3398220181423872 0.5694056758276861 0.011796177957434751 0.006898349682710431
0 0.3639317502834601 0.5706473787705739 0.012003128447916183 0.008278019619252603
0 0.3563780573808923 0.5194616241248626 0.004345960300107592 0.005242745758859826
0 0.35430855247607906 0.5179439871946663 0.0031042573572197087 0.004966811771551533
0 0.3536877010046352 0.5124253074484979 0.004759861281070314 0.0033112078477008566
0 0.35430855247607906 0.5063547597277127 0.005587663242995475 0.0038630758223178675
0 0.35948231473811193 0.4937997633051798 0.00393205931914494 0.002483405885775625
0 0.3681742353383271 0.5115975054865727 0.004345960300107521 0.0038630758223177253
0 0.37934956182431795 0.5129771754231147 0.006001564223958127 0.0038630758223178675
0 0.3824538191815377 0.5146327793469652 0.005587663242995475 0.003311207847700999
0 0.3916631160079561 0.5125632744421522 0.006208514714439346 0.003587141835009362
0 0.3998376603819679 0.5543672735193773 0.008898871090696474 0.0055186797461684025
0 0.39911333366528334 0.5438817820016575 0.006208514714439417 0.007174283670018795
0 0.40294191773918764 0.542088211084153 0.008898871090696479 0.005242745758860342
0 0.41660065011095426 0.5518838676336015 0.009726673052621706 0.005518679746168331
0 0.4221883133539497 0.5556089764622653 0.016762989728986356 0.011313293479645025
0 0.4159797986395104 0.5673361709228729 0.010968375995509589 0.009933623543102853
0 0.4070809275488139 0.5160124492835073 0.0031042573572197087 0.0038630758223179382
0 0.41018518490603356 0.5115975054865727 0.002690356376257128 0.0038630758223177253
0 0.4192910064872113 0.5162883832708158 0.004345960300107592 0.005518679746168474
0 0.4130824917727719 0.5109076705183015 0.004759861281070243 0.0030352738603925643
0 0.41887710550624896 0.501112013968853 0.004759861281070247 0.0033112078477012252
0 0.4247751944849661 0.5049750897911707 0.003311207847700999 0.0027593398730842724
0 0.4275690261064638 0.5186338221629373 0.003518158338182289 0.004139009809626373
0 0.4309837091994055 0.5046991558038623 0.004139009809626302 0.0033112078477011407
0 0.43491576851855046 0.5120114064675353 0.005380712752514114 0.003587141835009433
0 0.39859595743908005 0.49766283912749754 0.0039320593191450115 0.0030352738603925643
0 0.40490794739876007 0.49835267409576867 0.004552910790588811 0.0022074718984673326
0 0.39124921502699345 0.5013879479561613 0.0016556039238504639 0.003311207847700999
0 0.43108718444464617 0.4902126214701704 0.0022764553952944054 0.0030352738603925643
0 0.4313976101803681 0.5011120139688527 0.004552910790588882 0.0022074718984674037
0 0.44102080798774923 0.5030435518800117 0.004345960300107592 0.00275933987308413
0 0.4478501741736325 0.5027676178927033 0.004345960300107521 0.0033112078477009277
0 0.4402964812710646 0.5191856901375541 0.002897306866738418 0.0041390098096262306
0 0.44091733274250855 0.5255321718456477 0.004139009809626302 0.003587141835009433
0 0.43398449131138456 0.5282915117187319 0.00393205931914494 0.005794613733476766
0 0.43015590723748026 0.5378112342808723 0.005380712752514114 0.007174283670018795
0 0.45219613447374 0.5313267855791246 0.003518158338182289 0.004690877784243029
0 0.4560247185476443 0.5191856901375541 0.0024834058857756956 0.0041390098096262306
0 0.4627506094882871 0.5114595384929185 0.005587663242995475 0.003587141835009291
0 0.45054053054988963 0.5109076705183015 0.004345960300107521 0.0030352738603925643
0 0.4619228075263617 0.5361556303570219 0.008484970109733751 0.00662241569540214
0 0.46895912420272645 0.5205653600740963 0.002690356376257057 0.003035273860392493
0 0.47589196563385044 0.5109076705183015 0.003311207847700999 0.005242745758859897
0 0.4777545200481822 0.5292572806743113 0.0041390098096262306 0.0038630758223177964
0 0.482617856574493 0.5318786535537413 0.007657168147808591 0.0041390098096262306
0 0.47423636170999983 0.542916013046078 0.009105821581177764 0.004690877784243029
0 0.4716494805789834 0.5485726597859005 0.004759861281070243 0.008278019619252603
0 0.4797205497077547 0.5532635375701436 0.005587663242995405 0.006070547720785057
0 0.4652340153740628 0.5016638819434697 0.004759861281070243 0.003311207847700999
0 0.4610950055644365 0.5029055848863575 0.0031042573572197087 0.0024834058857756956
0 0.4667861440526726 0.5049750897911707 0.0037251088286636503 0.0027593398730842724
0 0.4732016092575933 0.5022157499180864 0.006208514714439417 0.003311207847700999
0 0.41804930354432346 0.48993668748286195 0.00393205931914494 0.005794613733476766
0 0.4279829270874265 0.4949034992544135 0.0031042573572197087 0.0030352738603925643
0 0.459749827376308 0.4957313012163387 0.003311207847700999 0.0024834058857757667
0 0.4611984808096771 0.497938773114806 0.00331120784770107 0.0024834058857756956
0 0.45592124330240374 0.4954553672290302 0.001862554414331754 0.0019315379111589691
0 0.4507474810403708 0.4947655322607592 0.0018625544143318251 0.00275933987308413
0 0.44847102564507646 0.49517943324172187 0.0022764553952944766 0.0030352738603926354
0 0.4466084712307446 0.4960072352036471 0.0022764553952944054 0.0024834058857757667
0 0.4361574714614383 0.4958692682099929 0.0024834058857757667 0.0027593398730842013
0 0.438951303082936 0.4961452021973013 0.0018625544143318963 0.00331120784770107
0 0.4505405305498896 0.49104042343209564 0.0018625544143318251 0.0030352738603926354
0 0.45561081756668176 0.488694984539974 0.002897306866738418 0.0033112078477009277
0 0.4573698967357729 0.48524580969861886 0.0022764553952944766 0.0019315379111589691
0 0.46254365899780575 0.48565971067958147 0.0022764553952944766 0.0022074718984674037
0 0.4659583420907474 0.486073611660544 0.0024834058857757667 0.0019315379111589691
0 0.46026720360251133 0.488694984539974 0.0018625544143318251 0.0033112078477009277
0 0.46316451046924967 0.48869498453997406 0.0022764553952944054 0.0022074718984672614
0 0.466682668807432 0.4891088855209367 0.0018625544143318963 0.002483405885775625
0 0.47361551023855597 0.4893848195082451 0.0028973068667383474 0.001931537911158827
0 0.4714425300885021 0.4917302584003667 0.0022764553952944054 0.001655603923850535
0 0.40987475917031163 0.4866254796351609 0.0024834058857756956 0.0030352738603926354
0 0.40076893758913384 0.4900746544765162 0.0016556039238504639 0.0027593398730842013
0 0.39890638317480204 0.49297196134325444 0.0037251088286636503 0.0013796699365421006
0 0.3429262754996069 0.49628316919095555 0.001862554414331754 0.0019315379111589691
0 0.43491576851855046 0.4891088855209367 0.003725108828663579 0.0019315379111588982
0 0.44091733274250877 0.48952278650189945 0.0028973068667383496 0.002207471898467416
0 0.44598761975930074 0.4891088855209367 0.0022764553952944054 0.0019315379111588982
0 0.4408138574972679 0.4932478953305629 0.003518158338182289 0.0024834058857756956
0 0.4715460053337428 0.49490349925441346 0.0024834058857756956 0.0024834058857757667
0 0.4819970051030491 0.4998703110259649 0.004345960300107521 0.0019315379111589691
0 0.4863429654031567 0.5006981129878902 0.00393205931914494 0.0030352738603926354
0 0.4883089950627291 0.5038713538419369 0.004552910790588882 0.0027593398730842013
0 0.48479083672454687 0.5096659675754138 0.0024834058857757667 0.004414943796934594
0 0.48861942079845105 0.5096659675754138 0.002690356376257057 0.004966811771551462
0 0.5004155987558859 0.5138049773850399 0.00393205931914494 0.0027593398730842013
0 0.5036233313583464 0.5187717891565914 0.0037251088286637214 0.004414943796934736
0 0.5098318460727856 0.5149087133342737 0.002897306866738418 0.0038630758223179382
0 0.5147986578443372 0.513115142416769 0.0028973068667383474 0.003587141835009433
0 0.5044511333202716 0.5339481584585544 0.004552910790588953 0.00551867974616826
0 0.513143053920487 0.5473309568430131 0.008278019619252643 0.00800208563194423
0 0.5316651228185642 0.551469966652639 0.009312772071659196 0.007450217657327229
0 0.5168681627491503 0.5536774385511063 0.009933623543103067 0.006346481708093634
0 0.5211106478040172 0.5498143627287885 0.008071069128771242 0.00469087778424317
0 0.5238010041802743 0.5224968979852551 0.00393205931914494 0.006346481708093634
0 0.5240079546707556 0.5162883832708157 0.002690356376257199 0.0033112078477011407
0 0.529285192178029 0.51380497738504 0.002897306866738418 0.003311207847700999
0 0.5318720733090454 0.5063547597277127 0.004345960300107592 0.005518679746168474
0 0.5380805880234848 0.5135290433977316 0.006001564223958056 0.003311207847700999
0 0.5485315877927911 0.5164263502644699 0.004552910790588953 0.0024834058857757667
0 0.5528775480928988 0.5184958551692832 0.0033112078477011194 0.004966811771551538
0 0.5566026569215623 0.5282915117187319 0.005380712752514185 0.004139009809626302
0 0.4959661632105377 0.5045611888102081 0.0024834058857757667 0.003587141835009504
0 0.5030024798869024 0.5008360799815443 0.004552910790588811 0.0022074718984674037
0 0.497104390908185 0.5011120139688527 0.004345960300107521 0.0027593398730842013
0 0.49255148011759603 0.4960072352036471 0.0031042573572197087 0.0030352738603926354
0 0.4864464406483973 0.48897091852728247 0.00331120784770107 0.0016556039238504639
0 0.48323870804593694 0.4867634466288152 0.002690356376257057 0.0011037359492337374
0 0.4828248070649744 0.48952278650189934 0.0022764553952944766 0.0022074718984673326
0 0.5090040441108604 0.48579767767323573 0.004552910790588811 0.0030352738603927065
0 0.5057963115084 0.4904885554574788 0.0035181583381824312 0.0019315379111589691
0 0.4994843215487201 0.4897987204892077 0.0016556039238506059 0.001655603923850535
0 0.5009329749820892 0.4867634466288152 0.0020695049048131153 0.0022074718984674037
0 0.5221454002564238 0.5027676178927034 0.007243267166845939 0.0038630758223178675
0 0.5117978757323581 0.5015259149498154 0.00393205931914494 0.0030352738603925643
0 0.5234905784445523 0.4957313012163387 0.0028973068667384892 0.0030352738603925643
0 0.5268017862922534 0.49614520219730124 0.0028973068667382763 0.0022074718984674037
0 0.5427369740593143 0.49586926820999294 0.0041390098096262306 0.003311207847700999
0 0.5454273304355715 0.4994564100450023 0.004552910790588882 0.0022074718984672614
0 0.5512219441690482 0.49628316919095555 0.004139009809626088 0.0030352738603926354
0 0.5567061321668031 0.497248938146535 0.003518158338182218 0.0033112078477009277
0 0.5316651228185642 0.48924685251459094 0.00351815833818236 0.00275933987308413
0 0.5367354098353563 0.4891088855209367 0.0024834058857757667 0.0019315379111588982
0 0.5384944890044475 0.4878671825780488 0.0022764553952942636 0.003311207847700999
0 0.5413917958711859 0.4888329515336282 0.0022764553952944766 0.001931537911158827
0 0.543461300775999 0.48828108355901145 0.002690356376257057 0.003035273860392493
0 0.5482211620570692 0.4902126214701704 0.0018625544143319672 0.002483405885775838
0 0.5518427956404922 0.4888329515336283 0.003311207847700999 0.0041390098096262306
0 0.5680943263655003 0.5576784813670784 0.011589227466953532 0.007726151644635522
0 0.5783383756443253 0.5630591941195925 0.00724326716684601 0.00469087778424317
0 0.5822704349634702 0.5195995911185168 0.006001564223958056 0.0049668117715516045
0 0.5890998011493536 0.5284294787123861 0.004759861281070172 0.004414943796934665
0 0.5957222168447556 0.5251182708646851 0.004759861281070243 0.004966811771551462
0 0.5635414155749114 0.49904250906403974 0.004139009809626302 0.003587141835009433
0 0.5650935442535212 0.49628316919095555 0.00393205931914494 0.0030352738603925643
0 0.5695429797988696 0.5006981129878902 0.005380712752514185 0.003587141835009362
0 0.5746132668156616 0.49987031102596496 0.004345960300107592 0.0041390098096262306
0 0.560954534443895 0.4902126214701704 0.002690356376257057 0.0024834058857757667
0 0.5621962373867828 0.4889709185272825 0.0031042573572196376 0.0022074718984673326
0 0.5662317719511685 0.4885570175463199 0.0024834058857756956 0.0024834058857757667
0 0.5736819896084957 0.4889709185272825 0.003725108828663508 0.0022074718984673326
0 0.5783383756443253 0.4884190505526657 0.004345960300107592 0.0022074718984673326
0 0.6044141374449707 0.4987665750767313 0.003932059319144798 0.002483405885775838
0 0.5888928506588722 0.5062167927340586 0.0018625544143319672 0.0030352738603925643
0 0.5924110089970545 0.5077344296642549 0.0031042573572196376 0.0038630758223179382
0 0.5999647018996225 0.5113215714992644 0.004552910790588811 0.0027593398730842013
0 0.6116574046118166 0.5092520665944512 0.003518158338182289 0.003587141835009362
0 0.6171415926095714 0.5088381656134885 0.003725108828663508 0.0038630758223178675
0 0.6222118796263635 0.5034574528609744 0.005173762262032752 0.005242745758859897
0 0.6233501073240109 0.5215311290296758 0.006208514714439346 0.004414943796934594
0 0.6125886818189826 0.5369834323189471 0.00662241569540214 0.004414943796934736
0 0.6179693945714967 0.5408465081412649 0.004966811771551533 0.004414943796934736
0 0.6195215232501066 0.5660944679799854 0.006415465204920711 0.005242745758860054
0 0.6203493252120318 0.5760280915230881 0.010140574033584286 0.006346481708093563
0 0.6231431568335295 0.5822366062375275 0.014072633352729227 0.0060705477207852
0 0.6477702652008057 0.5889969889265836 0.007450217657327158 0.009105821581177764
0 0.6331802556218732 0.5707853457642282 0.01427958384321073 0.009105821581177764
0 0.6276960676241184 0.5649907320307515 0.006208514714439417 0.0068983496827105025
0 0.6351462852814457 0.5462272208937791 0.00703631667636472 0.005242745758859826
0 0.6450799088245486 0.5480207918112838 0.008278019619252461 0.004966811771551391
0 0.6471494137293619 0.5619554581703589 0.010347524524065647 0.006346481708093563
0 0.6541857304057266 0.5644388640561345 0.006208514714439275 0.005794613733476907
0 0.6701209181727876 0.5643008970624804 0.009519722562140344 0.006070547720785342
0 0.6626707005154603 0.5371213993126013 0.005380712752514256 0.003587141835009433
0 0.6763294328872269 0.5460892539001247 0.005794613733476836 0.0038630758223177964
0 0.6761224823967455 0.5517459006399474 0.0074502176573273005 0.005242745758859968
0 0.6762259576419865 0.5786494644025187 0.0122100789383971 0.00717428367001887
0 0.6891603632970683 0.5838922101613779 0.007450217657327016 0.007726151644635806
0 0.6937132740876573 0.5557469434559195 0.004966811771551676 0.0077261516446356475
0 0.6954723532567482 0.5353278283950966 0.006829366185883288 0.004414943796934665
0 0.699197462085412 0.5285674457060403 0.006415465204920565 0.00469087778424317
0 0.7103727885714028 0.5270498087758441 0.007657168147808448 0.0038630758223177964
0 0.6966105809543955 0.5186338221629375 0.004139009809626091 0.0035871418350095245
0 0.6981627096330054 0.5122873404548438 0.0022764553952944774 0.004139009809626403
0 0.7074754817046645 0.5132531094104231 0.00351815833818236 0.0022074718984672614
0 0.7072685312141832 0.5158744822898531 0.0031042573572197794 0.0030352738603926354
0 0.6385609683743874 0.505802891753096 0.005587663242995546 0.004966811771551533
0 0.6339045823385578 0.5165643172581242 0.0024834058857757667 0.004414943796934736
0 0.6409408990149223 0.5142188783660027 0.005794613733476766 0.004690877784243029
0 0.6393887703363126 0.5220829970042926 0.006829366185883217 0.0038630758223177964
0 0.6529440274628385 0.5211172280487131 0.007036316676364578 0.005242745758859968
0 0.6536683541795233 0.5189097561502457 0.005173762262032682 0.003587141835009433
0 0.6557378590843362 0.509803934569068 0.00393205931914494 0.003035273860392493
0 0.662463750024979 0.5144948123533111 0.004966811771551676 0.004139009809626088
0 0.669086165720381 0.5093900335881054 0.006208514714439275 0.0022074718984672614
0 0.6707417696442315 0.5135290433977316 0.0028973068667383474 0.0038630758223177253
0 0.6478737404460463 0.49255806036229194 0.00351815833818236 0.0022074718984673326
0 0.6088635729903189 0.48772921558439464 0.004139009809626302 0.0019315379111588982
0 0.6219014538906416 0.48800514957170305 0.0028973068667382763 0.0019315379111589691
0 0.6261439389455085 0.49131635741940405 0.002690356376257199 0.0024834058857757667
0 0.6358706119981302 0.4921441593813293 0.00393205931914494 0.0019315379111588982
0 0.6345254338100017 0.48772921558439464 0.003725108828663579 0.0024834058857757667
0 0.6481841661817682 0.48745328159708623 0.0033112078477007855 0.0019315379111588982
0 0.6512884235389881 0.48759124859074043 0.0020695049048131864 0.0022074718984673326
0 0.6572899877629461 0.48745328159708623 0.0028973068667384892 0.0019315379111588982
0 0.6636019777226261 0.48717734760977777 0.0031042573572197794 0.0030352738603925643
0 0.6600838193844438 0.49711097115288083 0.005173762262032682 0.0024834058857757667
0 0.6669131855703272 0.497248938146535 0.003932059319144798 0.003311207847700999
0 0.6801580169611312 0.49435163127979664 0.0022764553952944766 0.0024834058857757667
0 0.6876082346184585 0.5063547597277127 0.002690356376257199 0.003311207847700999
0 0.6799510664706498 0.4885570175463199 0.003932059319145083 0.0019315379111589691
0 0.6830553238278695 0.48731531460343197 0.0031042573572196376 0.0022074718984673326
0 0.6872978088827365 0.4888329515336283 0.0020695049048131864 0.0024834058857757667
0 0.6894707890327902 0.4860736116605442 0.0022764553952943343 0.0024834058857757667
0 0.6944376008043417 0.4881431165653572 0.002690356376257057 0.0022074718984674037
0 0.7020947689521503 0.4889709185272825 0.0022764553952944766 0.0022074718984673326
0 0.7090276103832744 0.5016638819434697 0.002483405885775625 0.0027593398730842013
0 0.7155465508334357 0.48841905055266566 0.0031042573572197794 0.003311207847700999
0 0.7120283924952534 0.4893848195082451 0.0018625544143318963 0.002483405885775838
0 0.7098554123451996 0.48621157865419834 0.0012417029428878833 0.0016556039238504639
0 0.7051990263093699 0.4889709185272825 0.001862554414331612 0.0016556039238506059
0 0.722065491283597 0.48759124859074043 0.0033112078477009277 0.0022074718984673326
0 0.7264114515837047 0.4882810835590115 0.0028973068667383474 0.0019315379111588982
0 0.7281705307527957 0.5020777829244324 0.002690356376256915 0.0030352738603925643
0 0.7354137979196418 0.5009740469751987 0.004759861281070101 0.0024834058857757667
0 0.7352068474291604 0.5121493734611896 0.002690356376256915 0.003311207847700999
0 0.7261010258479825 0.5155985483025448 0.002690356376257199 0.003587141835009433
0 0.7116144915142908 0.5418122770968443 0.005587663242995546 0.007450217657327372
0 0.7144083231357885 0.5476068908303212 0.006622415695401998 0.005242745758859897
0 0.7197890358883027 0.5561608444368821 0.009933623543102925 0.009105821581177693
0 0.7272392535456299 0.5808569363009854 0.013244831390803995 0.008278019619252461
0 0.7187542834358961 0.6044492922158551 0.017797742181392948 0.013520765378112429
0 0.7364485503720481 0.5950675366473689 0.013451781881285286 0.006898349682710431
0 0.7521767876486279 0.5862376490534995 0.014693484824173169 0.00965768955579449
0 0.7448300452365413 0.55215980162091 0.004966811771551676 0.007174283670018795
0 0.7362415998815669 0.545537385925508 0.006829366185883288 0.004966811771551462
0 0.7244454219241321 0.5429160130460781 0.00682936618588343 0.00469087778424317
0 0.7263079763384639 0.5400187061793397 0.008898871090696332 0.004414943796934807
0 0.716995204266805 0.4954553672290303 0.00351815833818236 0.003587141835009362
0 0.721755065547875 0.49462756526710505 0.002690356376257057 0.0024834058857757667
0 0.7463821739151513 0.4907644894447873 0.0051737622620328235 0.0024834058857756956
0 0.7451404709722632 0.4942136642861425 0.00393205931914494 0.001655603923850535
0 0.7573505499106608 0.5084242646325259 0.0051737622620328235 0.0041390098096262306
0 0.7833228364660656 0.5782355634215555 0.011589227466953532 0.008002085631944027
0 0.7704919060562245 0.4907644894447875 0.0024834058857752038 0.0030352738603922004
0 0.7567296984392169 0.49393773029883403 0.004345960300107521 0.0022074718984674037
0 0.7637660151155815 0.49421366428614244 0.0031042573572196376 0.0027593398730842013
0 0.7666633219823198 0.49780080612115185 0.005587663242995405 0.00331120784770107
0 0.7763899950349417 0.5038713538419369 0.0051737622620328235 0.0038630758223177964
0 0.7784594999397549 0.5109076705183021 0.0051737622620328765 0.0035871418350097136
0 0.7875653215209326 0.5055269577657876 0.005173762262032966 0.004414943796934594
0 0.78715142053997 0.5996204474379577 0.013865682862247866 0.010485491517719936
0 0.8212982514693866 0.6058289621523971 0.017176890709948937 0.01076142550502837
0 0.8228503801479965 0.5721650157007703 0.004966811771551391 0.005794613733476766
0 0.8165383901883163 0.574648421586546 0.013037880900322705 0.008553953606560966
0 0.8021553310998653 0.5589201843099663 0.008278019619252603 0.006346481708093634
0 0.8088812220405077 0.5484346927922463 0.008898871090696474 0.005794613733476624
0 0.8266789642219007 0.5367074983316387 0.008071069128771313 0.007726151644635593
0 0.8300936473148423 0.5529876035828353 0.009519722562140344 0.0038630758223178675
0 0.6306367894505303 0.5086808832407226 0.003004921121788726 0.003672681371075086
0 0.7358090287131333 0.48881501582445325 0.0025041009348238676 0.00200328074785908
0 0.7384383346946984 0.4889819558867748 0.00225369084134158 0.002337160872502224
0 0.7374366943207689 0.4869786751389157 0.002754511028306297 0.0016694006232159354
0 0.784557251498459 0.4991721980380746 0.004552910790588811 0.0024834058857757667
0 0.7916970434200644 0.5005518679746167 0.004345960300107521 0.0030352738603925643
0 0.7986298848511884 0.5001379669936541 0.003725108828663508 0.0022074718984672614
0 0.8046314490751465 0.5040010428159719 0.0028973068667384892 0.00275933987308413
0 0.7957325779844499 0.5084159866129067 0.004552910790588811 0.0022074718984673326
0 0.7988368353416697 0.5136587323717665 0.006208514714439417 0.004414943796934523
0 0.8033897461322588 0.5115892274669533 0.006208514714439417 0.0041390098096262306
0 0.8065974787347189 0.5143485673400376 0.006415465204920565 0.003587141835009362
0 0.8114608152610299 0.5168319732258133 0.007036316676364578 0.004139009809626302
0 0.8254299733685184 0.5166940062321591 0.0064154652049207075 0.0049668117715516045
0 0.806597478734719 0.4984823630698036 0.001862554414331754 0.0016556039238504639
0 0.8137372706563242 0.4994481320253831 0.0028973068667383474 0.0019315379111588982
0 0.7867302316485129 0.4933775843045979 0.002690356376257199 0.0024834058857756956
0 0.7830051228198494 0.49296368332363527 0.0031042573572196376 0.0027593398730842724
0 0.7922144196462676 0.48937654148862586 0.0028973068667384892 0.0022074718984673326
0 0.7973881819083004 0.4924118153490184 0.00331120784770107 0.00331120784770107
0 0.7909727167033799 0.4968267591459531 0.005380712752514256 0.003311207847700999
0 0.8248091218970743 0.5037251088286635 0.005587663242995405 0.0038630758223179382
0 0.8197388348802822 0.5068983496827103 0.00662241569540214 0.004139009809626373
0 0.829982884159107 0.5591878402776554 0.009726673052621634 0.0060705477207852
0 0.8272925277828503 0.5064844487017477 0.005587663242995546 0.0038630758223179382
0 0.8328801910258455 0.5070363166763645 0.003932059319144798 0.004414943796934807
0 0.8366052998545093 0.5062085147144393 0.005587663242995405 0.004414943796934736
0 0.8440555175118365 0.5031732408540467 0.003518158338182218 0.0038630758223177964
0 0.8484014778119442 0.5028973068667382 0.00393205931914494 0.0038630758223177964
0 0.8422964383427453 0.5063464817080934 0.0037251088286636503 0.0030352738603927065
0 0.8415721116260607 0.5124170294288786 0.008071069128771171 0.0046908777842431
0 0.843331190795152 0.5202811480671685 0.007036316676364578 0.0055186797461684025
0 0.8578177251288445 0.5204191150608231 0.006208514714439422 0.004690877784243175
0 0.8621636854289514 0.5197292800925517 0.006208514714439417 0.0038630758223179382
0 0.8604046062598601 0.5113132934796449 0.002690356376257199 0.003587141835009433
0 0.8546099925263835 0.5113132934796449 0.005173762262032966 0.003587141835009433
0 0.8516092104144044 0.5128309304098413 0.0033112078477007855 0.0038630758223177253
0 0.8710625565196479 0.5113132934796449 0.005380712752514114 0.003587141835009433
0 0.8502640322262761 0.5063464817080935 0.004759861281070101 0.002483405885775909
0 0.849953606490554 0.5099336235431029 0.0033112078477009277 0.003587141835009433
0 0.8726146851982577 0.5040010428159719 0.0051737622620328235 0.0038630758223177964
0 0.861646309202748 0.4969647261396073 0.002690356376257057 0.0019315379111588982
0 0.8634053883718393 0.4959989571840279 0.0020695049048131864 0.004414943796934594
0 0.8676478734267061 0.49613692417768207 0.002690356376257199 0.0024834058857757667
0 0.8655783685218931 0.498068462088841 0.0022764553952944766 0.0030352738603926354
0 0.8796510018746224 0.49103214541247636 0.0031042573572197794 0.00275933987308413
0 0.8858595165890617 0.4911701124061305 0.002690356376257057 0.0030352738603925643
0 0.8863768928152662 0.5015176369301967 0.005380712752514119 0.002759339873084873
0 0.8979661202822186 0.5052427457588599 0.005380712752514256 0.0024834058857757667
0 0.8917576055677797 0.5060705477207853 0.004966811771550732 0.0030352738603923973
0 0.886687318550987 0.507312250663673 0.004345960300107663 0.003311207847700999
0 0.8829622097223233 0.5128309304098413 0.0051737622620328235 0.003311207847700999
0 0.876443269272162 0.5215228510100565 0.00662241569540214 0.006346481708093492
0 0.8828587344770827 0.5202811480671685 0.006622415695401998 0.0060705477207852
0 0.8793405761389005 0.5347676824008605 0.006622415695401998 0.006346481708093492
0 0.8828587344770827 0.5382168572422157 0.002483405885775625 0.0055186797461684025
0 0.8849282393818959 0.5412521311026083 0.004966811771551676 0.00662241569540214
0 0.8798579523651037 0.5648444870174779 0.011796177957434822 0.005794613733476766
0 0.8878255462486345 0.5786411863828989 0.01117532648599081 0.009657689555794779
0 0.9087275457872477 0.5876090409704234 0.01407263335273073 0.008278019619252546
0 0.9123491793706697 0.5811245922686745 0.014693484824173169 0.007450217657327229
0 0.9275600404210474 0.5676038268905624 0.012003128447916131 0.005794613733477399
0 0.9308712482687472 0.5613953121761227 0.013244831390803995 0.008278019619252461
0 0.9362519610212613 0.5575322363538048 0.009933623543102925 0.006070547720785057
0 0.9435987034333486 0.5965768955579464 0.015107385805135034 0.006898349682710433
0 0.7654802895034837 0.5028973068667382 0.004345960300107521 0.003311207847700999
0 0.8634713467463851 0.49130807939978466 0.0041390098096262306 0.0022074718984674037
0 0.8477431094698054 0.4914460463934389 0.0020695049048131864 0.0013796699365420295
0 0.8453631788292703 0.49034231044420523 0.0014486534333691737 0.0024834058857756956
0 0.8475361589793241 0.48923857449497166 0.002069504904813044 0.0013796699365421006
0 0.8100781202022064 0.4860653336409247 0.0033112078477009277 0.0016556039238503927
0 0.8951347717900259 0.5024834058857756 0.002483405885775625 0.004139009809626373
0 0.884580296775479 0.4852375316789995 0.0020695049048131864 0.001655603923850535
0 0.8965834252233953 0.48703110259650423 0.002483405885775625 0.0019315379111588982
0 0.9013432865044655 0.48785890455842945 0.002483405885775625 0.0019315379111589691
0 0.9042405933712039 0.5070363166763644 0.004966811771551533 0.0038630758223177964
0 0.911069959557087 0.5135207653781122 0.005794613733476836 0.004139009809626302
0 0.9161402465738792 0.5096576895557944 0.002690356376256915 0.003587141835009291
0 0.9177958504977297 0.514072633352729 0.0064154652049207075 0.003587141835009433
0 0.9184167019691736 0.515314336295617 0.00641546520492085 0.004966811771551533
0 0.8956521480162293 0.4917219803807473 0.0031042573572196376 0.0019315379111588982
0 0.9224522365335593 0.502759339873084 0.005380712752514256 0.002483405885775909
0 0.9287642264932393 0.5091058215811777 0.006415465204920565 0.003587141835009291
0 0.8895919133282197 0.6095457929614413 0.015935187767061196 0.008553953606560966
0 0.8974560319665096 0.6041650802089272 0.01759079169091166 0.0093817555684862
0 0.9644045156372144 0.5733984406240387 0.01034752452406579 0.005794613733476695
0 0.9849960894401056 0.5703631667636466 0.013865682862248768 0.007450217657327305
0 0.9954470892094117 0.6056827171391241 0.008691920600215664 0.01131329347964518
0 0.9727860105017075 0.5292490026546921 0.010554475014546937 0.005242745758859826
0 0.9597481296013848 0.5420799330645333 0.00393205931914494 0.0027593398730842013
0 0.9629558622038452 0.5429077350264586 0.004966811771551533 0.003311207847700999
0 0.969060901673044 0.5440114709756922 0.004345960300107521 0.0027593398730842013
0 0.9934810595498388 0.5208330160417853 0.00682936618588343 0.004414943796934665
0 0.9762006935946493 0.5184875771496636 0.006622415695401998 0.0041390098096262306
0 0.9743381391803174 0.5208330160417853 0.0033112078477009277 0.004414943796934665
0 0.9697852283897285 0.5217987849973648 0.006208514714439417 0.0030352738603925643
0 0.9643010403919737 0.5208330160417853 0.005587663242995405 0.004414943796934665
0 0.9575751494513309 0.5173838412004301 0.005794613733476836 0.0041390098096262306
0 0.9555056445465181 0.5201431810735143 0.0070363166763648625 0.0041390098096262306
0 0.9316028628959262 0.5168319732258132 0.008071069128771313 0.005794613733476766
0 0.9326376153483329 0.5153143362956168 0.00682936618588343 0.004414943796934736
0 0.9363627241769964 0.5131068643971496 0.0064154652049207075 0.0038630758223179382
0 0.9403982587413822 0.5121410954415702 0.006208514714439417 0.00469087778424317
0 0.9502284070392445 0.5113132934796449 0.00475986128106996 0.005242745758859826
0 0.963059337449086 0.5121410954415702 0.006001564223958127 0.00469087778424317
0 0.959955080091866 0.5075881846509813 0.005173762262032966 0.004414943796934594
0 0.9755798421232051 0.5082780196192523 0.006208514714439417 0.0030352738603925643
0 0.9783736737447029 0.5110373594923364 0.005173762262032966 0.001931537911158827
0 0.9888246735140094 0.5005518679746166 0.005380712752514114 0.004139009809626302
0 0.9442268428152863 0.5034491748413551 0.005173762262032682 0.00275933987308413
0 0.9417434369295106 0.5016556039238503 0.004345960300107521 0.003587141835009433
0 0.9399843577604194 0.4983443960761493 0.004139009809626373 0.0030352738603925643
0 0.9241526452385989 0.49655082515864457 0.004759861281070101 0.00331120784770107
0 0.9617141592609574 0.4984823630698035 0.0041390098096262306 0.0027593398730842013
0 0.9657496938253435 0.4984823630698036 0.0035181583381820604 0.0027593398730841657
0 0.9931706338141169 0.4950331882284483 0.004966811771551391 0.0024834058857757667
0 0.9894455249854532 0.4874450035774669 0.0028973068667383474 0.00275933987308413
0 0.9140638088276347 0.4843030608106204 0.0025041009348240094 0.002124691702274717
0 0.9232834531785773 0.48840068052215035 0.0036423286324713897 0.0024282190883140233
0 0.9279501867389308 0.48597246143383627 0.002048809855765086 0.002428219088314094
0 0.9313648698318724 0.4880971531361111 0.0025041009348238676 0.0018211643162354817
0 0.9145190999066937 0.4871865709779934 0.0025041009348237254 0.0030352738603926354
0 0.5350838911907129 0.5023830662540271 0.005079693857268594 0.0035118871111980356
0 0.5233253405951835 0.4889626405076632 0.005267830666797124 0.0032610380318267573
0 0.5219143145237202 0.48444735707897996 0.002822052142927092 0.0032610380318267573
0 0.5185278519522077 0.4859524515552077 0.0024457785238701036 0.00275933987308413
0 0.4796395030806498 0.4914860568215987 0.0025041009348238676 0.0026710409971455107
0 0.49065754719387483 0.4926546372578498 0.003004921121788655 0.0016694006232158643
0 0.5006739509331705 0.4924876971955282 0.00200328074785908 0.0026710409971454395
0 0.4907827522406161 0.4891488959490964 0.002253690841341509 0.0013355204985727909
0 0.4131556232610757 0.502003280747859 0.004757791776165377 0.0023371608725023664
0 0.5954541713162546 0.4868117350765941 0.0017528706543767925 0.0026710409971455107
0 0.5918232249607598 0.48764643538820196 0.0025041009348237965 0.0016694006232159354
0 0.6271310481417767 0.4951587381926737 0.00400656149571816 0.00200328074785908
0 0.6032168842142086 0.489315836011418 0.002253690841341367 0.0016694006232159354
0 0.598959912625008 0.48898195588677473 0.002253690841341367 0.0016694006232158643
0 0.6828472939416081 0.49699507887821115 0.0037561514022358723 0.0023371608725023664
0 0.9669458676603248 0.49449097794338726 0.003004921121788726 0.0026710409971455107
0 0.9351437857880615 0.4918199369462418 0.0035057413087534427 0.00200328074785908
0 0.9358950160685086 0.4894827760737395 0.003004921121788726 0.00200328074785908
0 0.9416544482186034 0.4924876971955281 0.0035057413087534427 0.00200328074785908
0 0.9616872556971946 0.4918199369462418 0.0030049211217885842 0.00200328074785908
0 0.9700759938288546 0.5008347003116077 0.005258611963130306 0.00200328074785908
0 0.9390977611641483 0.486673174824867 0.00302996213113687 0.0016159798032730065
0 0.9057681777216423 0.48424920511995745 0.0024239697049097233 0.0016159798032730065
0 0.9457789714938962 0.49090521577831436 0.0041390098096262306 0.0022074718984673326
0 0.9451581200224523 0.48759400793061336 0.0024834058857757667 0.0016556039238504639
0 0.9689574264278032 0.48911164486080966 0.0020695049048131864 0.0030352738603925643
0 0.9782701984994624 0.492008951727548 0.004552910790588953 0.0022074718984672614
0 0.9735103372183922 0.4895255458417722 0.0028973068667383474 0.003311207847700999
0 0.9977235446047058 0.5249830632109038 0.0041390098096262306 0.0030352738603925643
