0 0.18288326125096394 0.4165859010220223 0.007832305513166842 0.019126774300046962
0 0.28318730282280985 0.45500722834404655 0.018949126241532638 0.022146791294791156
0 0.2782605300000114 0.41037808831060363 0.012127440794580977 0.01073783820353519
0 0.3107266996271706 0.4528261049589534 0.017938506175317493 0.020469004075488826
0 0.3202012627479368 0.4635639431624889 0.027286741787806837 0.017784544524604744
0 0.33245503105079466 0.4165859010220224 0.012885405844242186 0.021140118963209817
0 0.3429455120377952 0.4128956056839667 0.008455772017713699 0.010542751463412117
0 0.36650087694428346 0.4140415569299898 0.014495609173223442 0.016043317444322868
0 0.38289472065209573 0.4502536163043186 0.02450448217378252 0.013751414952276733
0 0.4111956718950558 0.4180523862910705 0.017946944690657666 0.019481171182392065
0 0.4225394416081433 0.4517234645140935 0.010268436250217334 0.014206007182104088
0 0.4261761794467619 0.413746071980602 0.016686208906603214 0.01780486233490379
0 0.4523464301678019 0.4091054429677814 0.01739929475731271 0.019509583196756414
0 0.5495400316195126 0.46109942925428243 0.013833865503765063 0.028412014364208565
0 0.5518219063417825 0.4360968566137791 0.021820427031711987 0.026896706931450326
0 0.5602363193801552 0.430035626882748 0.005562069635534428 0.023108438349555983
0 0.575781590925623 0.4547540793796091 0.010125819080075331 0.02708612036054511
0 0.5859787185907694 0.4597735352506192 0.015973123055893552 0.0337155903788603
0 0.6567168349811555 0.413746071980602 0.015973123055893695 0.015910728043956653
0 0.6814609140007764 0.40891602953868655 0.010981522100926924 0.020646063771324562
0 0.6617084359361223 0.4028547998076555 0.006560389826527739 0.01572131461486194
0 0.6281934009527741 0.460152362108809 0.015117420035042205 0.03257910980429201
0 0.6461631643906542 0.45589055995417754 0.010838904930784805 0.018373102622188036
0 0.6927989790270581 0.45380701223413544 0.017684529097596595 0.035041484382523434
0 0.8830000992019356 0.4058621599546565 0.015618673750596628 0.01952334218824568
