0 0.022278427100502086 0.6094158234210143 0.04455685420100417 0.1778680873346537
0 0.043478865792915364 0.6234296727261688 0.06539796342405452 0.18002406415083136
0 0.09989359248289645 0.6099548176250587 0.057492715098069906 0.20266182072069633
0 0.1753527810491133 0.6056428639927034 0.07761516538239421 0.18325802937509778
0 0.2242215888824726 0.6309755915827906 0.05605539722061817 0.1735561337022987
0 0.3190845687942879 0.6158837538695471 0.056055397220618135 0.17571211051847627
0 0.3453156200577823 0.630436597378746 0.12289067852212451 0.14660642350007827
0 0.4143068781754662 0.5991749335441706 0.04383819526227825 0.16385423802949936
0 0.46317568600882564 0.6180397306857247 0.05821137403679579 0.18218004096700896
0 0.5027019276387488 0.5830051074228383 0.029465016487760707 0.079771142198572
0 0.5300109673103326 0.5900120320754171 0.05821137403679596 0.11750073648167976
0 0.5594759837980928 0.5937849915037264 0.05246210252698858 0.1811020525589202
0 0.6011442890071401 0.6013309103603482 0.0388075826911971 0.1466064235000782
0 0.6435451663919668 0.6191177190938135 0.048868807833359396 0.12612464374639082
0 0.6866647027155192 0.5889340436673268 0.0459941720784559 0.13906050464345662
0 0.7481100419765826 0.6153447596655045 0.08983236734073721 0.21775365843394323
0 0.8300371609913308 0.5749201943621723 0.03808892375247126 0.12181269011403571
0 0.8508782702143813 0.6406774872555897 0.11139213550251043 0.11103280603314744
0 0.9198695283320651 0.597018956727993 0.045275513139730064 0.18541400619127535
0 0.9468192385342854 0.5743812001581279 0.0201224502843246 0.12073470170594681
0 0.9766435844914092 0.6692441800699434 0.0467128310171816 0.06252332766915103
0 0.9737689487365057 0.642294469867723 0.05246210252698873 0.058211374036795716
