0 0.16845955249569708 0.5129087779690189 0.21041308089500863 0.24784853700516343
0 0.2104130808950086 0.38640275387263345 0.11359724612736657 0.19793459552495699
0 0.3795180722891566 0.35197934595524955 0.18588640275387266 0.32185886402753866
0 0.43050774526678137 0.3098106712564544 0.16135972461273668 0.23407917383820998
0 0.5208691910499139 0.2728055077452668 0.13554216867469876 0.17383820998278834
0 0.6144578313253011 0.30120481927710846 0.06970740103270223 0.11703958691910504
0 0.7441910499139414 0.3347676419965576 0.18975903614457834 0.2530120481927711
0 0.7364457831325301 0.20567986230636834 0.12521514629948371 0.10499139414802067
0 0.7512908777969018 0.1746987951807229 0.05679862306368335 0.060240963855421686
0 0.835843373493976 0.17125645438898446 0.06583476764199661 0.08089500860585201
0 0.8887693631669535 0.16695352839931155 0.05292598967297764 0.06540447504302925
0 0.9468588640275386 0.16781411359724602 0.055507745266781316 0.06712564543889843
0 0.6938468158347675 0.1944922547332186 0.15361445783132538 0.20998278829604128
