0 0.13765280618105286 0.5534835501304429 0.038669761065536844 0.04925103896904139
0 0.1924830644083065 0.5119279860003146 0.031743833710515264 0.046172849033476876
0 0.2262469602640359 0.5588703825176825 0.036938279226781404 0.046172849033476446
0 0.3448534662187802 0.4653703632248922 0.04328704596888488 0.0777242958730193
0 0.3220556220085008 0.5300123518717598 0.06695063109854144 0.037707826710672736
0 0.320901300782664 0.5623333461951937 0.07733952213107365 0.04540330154958547
0 0.39506643954268594 0.5400164691623465 0.05136729454974294 0.04848149148515055
0 0.43893064612448895 0.5184691396133906 0.05713890067892755 0.04694239651736808
0 0.4960695468034166 0.5080802485808582 0.06060186435643843 0.06925927355021501
0 0.5217531940782878 0.5938847930347353 0.03578395800094399 0.050020586452933176
0 0.6034214208062503 0.5557921925821177 0.03289815493635217 0.04617284903347695
0 0.6360309954361427 0.5527140026465522 0.05656174006600906 0.030781899355650552
0 0.6426683424847055 0.588882734389442 0.06291050680811253 0.04155556413012915
0 0.7769274231070099 0.5950391142605697 0.028280870033002423 0.04771194400125609
0 0.8727360848514781 0.6173559912934192 0.06521914925978617 0.03693827922677983
