0 0.4629411245995348 0.602896593414591 0.02450970358158706 0.015898186106975416
0 0.42187081048984837 0.6020133608530923 0.017885459370347405 0.02119758147596727
0 0.6792226980965131 0.6148202329948225 0.03179637221395083 0.025613744283460207
0 0.7120127069421497 0.6285103376980513 0.027159401266083023 0.019431116352969936
0 0.759707265263076 0.6254190237328061 0.03378364547732289 0.030913139652452272
0 0.8022663102944931 0.6369010470322883 0.02848425010833097 0.01854788379147138
0 0.8522793540893532 0.643525291243528 0.04636970947867838 0.028263441967956313
0 0.1861412623358372 0.6086376050643321 0.03709576758294265 0.03621253502144405
0 0.24708430907924292 0.6108456864680787 0.03444606989844672 0.03709576758294254
0 0.2643073440284663 0.6139370004333237 0.013248488422479596 0.02208081403746588
