0 0.001695411438261183 0.6005138329030568 0.0033908228765223663 0.02231114357989547
0 0.0036733914495658978 0.5694940853350968 0.0073467828991317955 0.015615838224169565
0 0.00697002480174042 0.5749982856641739 0.010172468629567097 0.014065635635944674
0 0.00536880288782708 0.5820311034821463 0.009607331483480037 0.016577356285220547
0 0.00913638386174082 0.5885615771702635 0.008100299093914541 0.01858673280464103
0 0.015164513420002806 0.603883073130846 0.00885381528869729 0.02511720649275823
0 0.022417106794786753 0.6091576864943252 0.009042194337392976 0.0231078299733376
0 0.020439126783482045 0.5939617765662064 0.007723540996523168 0.019842593129279038
0 0.02966970016957071 0.5795193828328703 0.009607331483480044 0.01607501215536523
0 0.030611595413049142 0.5729889091447532 0.01073760577565416 0.014065635635944674
0 0.03711067259305035 0.5672119516514188 0.005274613363479235 0.012056259116523976
0 0.0378641887878331 0.56294202654765 0.004897855266087863 0.010549226726958594
0 0.04464583454087784 0.5717330488201153 0.008288678142610228 0.013563291506089498
0 0.04097244309131193 0.5836637219041755 0.009607331483480048 0.017833216609858413
0 0.0335314706678323 0.6116694071436011 0.012433017213915343 0.028131271271889205
0 0.05142748029392256 0.586426614618379 0.01054922672695847 0.02134962551884456
0 0.05839750509566297 0.5598023757360552 0.007158403850436103 0.01431680770087219
0 0.07224336517479597 0.5649514030670706 0.005839750509566288 0.015070323895654951
0 0.06640361466522968 0.5723609789824343 0.007723540996523175 0.012809775311306807
0 0.06508496132435987 0.5895662654299737 0.007723540996523175 0.016577356285220474
0 0.06612104609218615 0.5954688089557719 0.0086654362400016 0.01883790486956869
0 0.0660268565678383 0.6033807290009908 0.008477057191305919 0.021098453453916973
0 0.07299688136957873 0.6090321004618614 0.010737605775654151 0.022354313778554912
0 0.08834977383827722 0.597227013410265 0.008288678142610237 0.023861346168120433
0 0.08326353952349366 0.5913244698844669 0.013563291506089472 0.02059610932406173
0 0.07648189377044894 0.5868033727157703 0.009795710532175726 0.01858673280464117
0 0.08015528522001483 0.5814031733198273 0.004709476217392181 0.011302742921741143
0 0.07657608329479677 0.5777611783783774 0.006593266704349041 0.015572668025510127
0 0.08156812808523249 0.571984220885043 0.010172468629567116 0.01255860324637915
0 0.08797301574088583 0.5677142957812741 0.004521097168696482 0.01255860324637915
0 0.09343600815306076 0.5648258170346068 0.01054922672695847 0.010298054662030936
0 0.09136383861740821 0.5731144951772171 0.009042194337392982 0.013814463571017016
0 0.09579074626175686 0.5868033727157703 0.009230573386088672 0.021098453453916904
0 0.10087698057654042 0.5749982856641739 0.006593266704349023 0.01255860324637915
0 0.10228982344175805 0.5699748443656223 0.005651371460870624 0.015572668025510196
0 0.11434608255828202 0.5746215275667826 0.007158403850436113 0.011302742921741285
0 0.11613568352089106 0.6094088585592528 0.009984089580871398 0.023610174103192775
0 0.10916565871915063 0.6018736966114253 0.008100299093914529 0.021600797583772077
0 0.1147228406556734 0.5932082603714237 0.009418952434784345 0.01883790486956869
0 0.12480111976089266 0.5775100063134498 0.006593266704349041 0.015070323895654951
0 0.12498949880958836 0.58944067939751 0.009230573386088655 0.02134962551884442
0 0.13817603221828645 0.592454744176641 0.007723540996523166 0.021851969648699735
0 0.1365748103043731 0.5826590311938687 0.010549226726958452 0.01883790486956876
0 0.14034239127828685 0.5820311034821463 0.005651371460870607 0.015572668025510196
0 0.13930630651046055 0.6046365893256287 0.008100299093914546 0.024112518233047952
0 0.1370457579261123 0.5728633231122895 0.006593266704349059 0.019340248999423864
0 0.1443925408252441 0.58579868445606 0.008100299093914529 0.021098453453916904
0 0.1422261817652437 0.5678398818137378 0.006028129558261988 0.014316807700872118
0 0.14345064558176568 0.5643234729047516 0.006593266704349041 0.013814463571017016
0 0.15098580752959312 0.5669607795864913 0.01073760577565416 0.014065635635944674
0 0.15682555803915943 0.5657049192618534 0.005839750509566279 0.0115539149866688
0 0.1537173037356806 0.5792682107679429 0.006028129558261988 0.01657735628522033
0 0.1573906951852465 0.5781379364757687 0.004709476217392173 0.016326184220292816
0 0.15268121896785433 0.596599083247946 0.006970024801740404 0.022605485843482428
0 0.15663717899046375 0.5915756419493944 0.0077235409965231835 0.020093765194206553
0 0.16294787712176928 0.6053901055204115 0.010172468629567088 0.0276289271420341
0 0.17217845050785796 0.5964734972154823 0.009795710532175726 0.02335900203826526
0 0.16530261523046533 0.5680910538786654 0.01111436387304554 0.01431680770087219
0 0.16737478476611792 0.5631931986125776 0.005086234314783553 0.010046882597103419
0 0.17519251528698895 0.5629420265476499 0.006781645753044749 0.0115539149866688
0 0.17406224099481482 0.5736168393070723 0.008288678142610237 0.016828528350148062
0 0.17914847530959835 0.5854219263586685 0.008288678142610237 0.019340248999423864
0 0.1794310438826419 0.5695980862682307 0.005839750509566279 0.014819151830727365
0 0.18329281438090347 0.565830505294317 0.003767580973913738 0.012307431181451634
0 0.18649525820873017 0.568844570073448 0.008288678142610237 0.01682852835014799
0 0.1887558067930784 0.5758773878914204 0.007535161947827476 0.017330872480003236
0 0.19280595634003567 0.5645746449696791 0.005839750509566315 0.012307431181451492
0 0.1976096220817757 0.5614349941580844 0.0045210971686964994 0.0115539149866688
0 0.20015273923916743 0.5613094081256206 0.004332718120000827 0.01431680770087219
0 0.2050505945052553 0.562188510352867 0.00621650860695766 0.010046882597103419
0 0.20966588119829968 0.5631931986125774 0.0052746133634792615 0.013060947376234183
0 0.21833131743830125 0.5631931986125774 0.006781645753044714 0.013060947376234183
0 0.20071787638525454 0.5998643200920045 0.01073760577565416 0.02561955062261333
0 0.20646343737047299 0.5913244698844667 0.010549226726958452 0.024112518233047952
0 0.21437535741569186 0.5807752431575082 0.009042194337392999 0.01858673280464103
0 0.22671418510525934 0.5586720940920914 0.005839750509566315 0.012558603246379078
0 0.22407687842351973 0.5645746449696791 0.005462992412174898 0.011805087051596459
0 0.22699675367830288 0.5701004303980859 0.003767580973913738 0.012307431181451634
0 0.2244536365209111 0.5781379364757686 0.006970024801740422 0.015321495960582538
0 0.22709094320265075 0.595971153085627 0.00847705719130591 0.02486603442783064
0 0.22906892321395544 0.5830357917418564 0.008665436240001618 0.01607501215536523
0 0.23132947179830368 0.5709795326253325 0.006028129558261988 0.014065635635944674
0 0.23255393561482562 0.5620629243204033 0.005462992412174934 0.011302742921741285
0 0.23735760135656567 0.5932082603714236 0.009418952434784345 0.02335900203826526
0 0.2404658556600445 0.5614349941580844 0.006593266704349077 0.0115539149866688
0 0.24621141664526291 0.5639467148073602 0.006028129558261988 0.013060947376234325
0 0.2514860300087422 0.5596767897035914 0.0045210971686964994 0.010046882597103277
0 0.24988480809482888 0.5571650690543155 0.005462992412174934 0.007535161947827548
0 0.2562896957504822 0.5590488595412723 0.0035792019252181007 0.011302742921741214
0 0.25440590526352536 0.567086365618955 0.005839750509566315 0.014819151830727507
0 0.25920957100526537 0.5652025751319981 0.0048978552660878805 0.013563291506089498
0 0.25110927191135085 0.5880592330404081 0.008665436240001547 0.024112518233047952
0 0.2575141595670042 0.5954688089557718 0.009418952434784345 0.02335900203826526
0 0.2584560548104826 0.5820311034821462 0.007158403850436095 0.019591421064351522
0 0.26420161579570106 0.5786402806056238 0.005839750509566315 0.019842593129278968
0 0.26325972055222263 0.5679654678462016 0.005839750509566315 0.012056259116523976
0 0.26815757581831046 0.5685933980085206 0.005462992412174898 0.012307431181451492
0 0.2656144586609187 0.5587976874763447 0.0048978552660878805 0.01080039879188611
0 0.27305543108439834 0.5616861662230119 0.006216508606957696 0.013563291506089427
0 0.27710558063135565 0.5596767897035914 0.004521097168696464 0.012056259116523976
0 0.2783300444478776 0.5561603807946051 0.0039559600226094106 0.008037506077682579
0 0.2815324882757043 0.5634443706775051 0.008853815288697291 0.014567979765799705
0 0.2795545082643996 0.5741191834369274 0.006028129558261988 0.01883790486956876
0 0.2833220892383133 0.5798961409302616 0.006781645753044714 0.020847281388989388
0 0.2886908921261404 0.5845428290326149 0.0077235409965231835 0.021098453453916904
0 0.2919875254783149 0.5871801308131616 0.006404887655653404 0.02034493725913421
0 0.2921759045270106 0.5949664648259166 0.009042194337392964 0.019340248999423864
0 0.2963202435983157 0.5986084597673667 0.009042194337392928 0.0251172064927583
0 0.290103734991358 0.558044171281562 0.006404887655653404 0.011805087051596316
0 0.2903863035644016 0.5639467148073602 0.0077235409965231835 0.011051570856813625
0 0.2919875254783149 0.5668351935540273 0.006404887655653404 0.013312119441161983
0 0.299145929328751 0.5704771884954773 0.005274613363479226 0.016075012155365158
0 0.3037612160217954 0.5728633231122893 0.006593266704349077 0.01632618422029289
0 0.30960096653136165 0.5777611783783771 0.008477057191305875 0.0205961093240618
0 0.3182664027713632 0.5810264152224358 0.0077235409965231835 0.0231078299733376
0 0.3137453056026667 0.5685933980085206 0.006593266704349006 0.01331211944116184
0 0.3258015647191907 0.5954688089557718 0.007346782899131838 0.020847281388989246
0 0.3293807666444088 0.5855475123911323 0.005086234314783553 0.01858673280464103
0 0.3369159285922362 0.5952176368908443 0.009607331483480053 0.023861346168120433
0 0.30206580458353416 0.5589232735088085 0.007723540996523147 0.012558603246379078
0 0.30790555509310047 0.5564115528595327 0.005086234314783517 0.011051570856813768
0 0.3104486722504922 0.5574162411192431 0.006781645753044678 0.01255860324637915
0 0.3161000437113628 0.5579185852490983 0.005274613363479226 0.01255860324637915
0 0.3235410161348425 0.5546533484050395 0.010360847678262815 0.011051570856813625
0 0.3323006418991919 0.5542765903076483 0.0052746133634792615 0.010298054662030936
0 0.33653917049484483 0.5515136975934449 0.002072169535652506 0.007283989882899888
0 0.3387055295548453 0.5542765903076483 0.007535161947827476 0.010298054662030936
0 0.33785782383571467 0.5611838220931569 0.004709476217392137 0.015070323895655022
0 0.33286577904527903 0.5687189840409843 0.004897855266087916 0.012056259116523976
0 0.33041685141223504 0.5716074627876515 0.006404887655653368 0.013814463571017016
0 0.34124864671223704 0.5817799314172185 0.006970024801740422 0.021600797583772077
0 0.34585375340422686 0.5542765903076483 0.005086234314783553 0.013814463571017016
0 0.3509399877190104 0.5547789344375035 0.005462992412174969 0.011805087051596316
0 0.34764335436683597 0.5648258170346067 0.008665436240001654 0.013814463571017016
0 0.34820849151292294 0.569472500235767 0.006781645753044785 0.01507032389565488
0 0.34736078579379237 0.5879336470079444 0.011114363873045575 0.024363690297975468
0 0.35743906489901156 0.5737424253395359 0.0060281295582618796 0.01858673280464117
0 0.35725068585031594 0.5587976874763447 0.006404887655653297 0.012809775311306736
0 0.3613008353972731 0.5636955427424326 0.004332718120000792 0.01255860324637915
0 0.36139502492162096 0.5562859668270689 0.0060281295582620235 0.009795710532175761
0 0.365068416371187 0.5652025751319981 0.005839750509566315 0.013563291506089498
0 0.36827086019901356 0.5783891085406961 0.006593266704349077 0.01934024899942379
0 0.372226820221623 0.5667096075215636 0.004709476217392137 0.014567979765799847
0 0.3700604611616226 0.5582953433464896 0.006781645753044785 0.013814463571017087
0 0.37542926404944965 0.556285966827069 0.005839750509566315 0.010298054662030936
0 0.3809864459859725 0.5540254182427207 0.004897855266087845 0.012307431181451492
0 0.3759944011955368 0.5708539465928687 0.004709476217392208 0.015823840090437784
0 0.37853751835292854 0.579142624735479 0.007158403850436059 0.02335900203826526
0 0.38484821648423406 0.5618117522554757 0.006593266704349077 0.01883790486956869
0 0.39134729366423526 0.5566627249244602 0.005651371460870607 0.014065635635944674
0 0.3939846003459748 0.5741191834369274 0.007911920045218892 0.01883790486956876
0 0.3944555479677141 0.5674631237163463 0.005462992412174969 0.01255860324637915
0 0.39407878987032274 0.5850451682612772 0.009230573386088636 0.021600797583772077
0 0.3984115079903235 0.5918268140143218 0.00885381528869722 0.023610174103192775
0 0.4048163956459769 0.5868033727157702 0.008100299093914529 0.021098453453916904
0 0.4078304604251079 0.5714818767551877 0.008477057191305946 0.019591421064351522
0 0.40538153279206396 0.565830505294317 0.0077235409965231835 0.01532149596058268
0 0.40029529847728035 0.5631931986125774 0.006593266704349077 0.0115539149866688
0 0.3995417822824976 0.5596767897035914 0.004332718120000792 0.00803750607768265
0 0.4026500365859765 0.558044171281562 0.003767580973913738 0.008791022272465483
0 0.40170814134249805 0.5508857674311258 0.007535161947827476 0.013060947376234325
0 0.4119747994964131 0.5512625255285173 0.004709476217392208 0.008791022272465412
0 0.4103735775824997 0.5541510042751845 0.00715840385043613 0.0115539149866688
0 0.4199809090659797 0.5516392836259086 0.004144339071305083 0.008539850207537754
0 0.4208286147851102 0.5565371388919965 0.006970024801740422 0.011805087051596459
0 0.42403105861293694 0.5495043210740241 0.00621650860695766 0.008791022272465483
0 0.4183796871520664 0.5672119516514188 0.005839750509566315 0.015070323895655022
0 0.4170610338111965 0.5803984850601168 0.0077235409965231835 0.02034493725913421
0 0.42516133290511104 0.5615605801905482 0.006970024801740422 0.013312119441161912
0 0.4289289138790248 0.5471181864572121 0.003955960022609446 0.010549226726958452
0 0.43071851484163387 0.5511369394960535 0.0060281295582620235 0.013563291506089498
0 0.43345001104772135 0.5542765903076483 0.005462992412174898 0.013814463571017016
0 0.43448609581554765 0.568844570073448 0.004897855266087916 0.012809775311306665
0 0.43231973675554713 0.5762541459888118 0.006593266704349006 0.020093765194206626
0 0.4350512329616346 0.5901941955922926 0.009795710532175761 0.02587072268754099
0 0.4419270682390273 0.5709795326253325 0.006216508606957661 0.01858673280464117
0 0.44239801586076644 0.5562859668270689 0.004897855266087845 0.01331211944116184
0 0.439666519654679 0.5508857674311258 0.006216508606957731 0.011051570856813625
0 0.445694649212941 0.5835381358717115 0.007723540996523112 0.022605485843482428
0 0.4510634521007681 0.580900829189972 0.007911920045218821 0.019842593129279038
0 0.44880290351641977 0.564700231002143 0.005651371460870607 0.01607501215536523
0 0.45266467401468147 0.5611838245437533 0.003955960022609375 0.014567979765799847
0 0.4498389882842461 0.5500066652038793 0.003955960022609375 0.014316807700872118
0 0.45417170640424687 0.5490019769441691 0.004332718120000792 0.010800398791886039
0 0.45209953686859433 0.5462390842299656 0.002825685730435268 0.007786334012755063
0 0.45841023499989986 0.556285966827069 0.0060281295582620235 0.012809775311306665
0 0.45982307786511745 0.572486565014898 0.005086234314783553 0.022605485843482428
0 0.45954050929207396 0.5614349941580844 0.008665436240001583 0.012056259116523976
0 0.4653802598016402 0.5605558919308378 0.0060281295582620235 0.013814463571017016
0 0.46330809026598774 0.5522672137882276 0.004521097168696428 0.008288678142610237
0 0.4680097945461456 0.55187491777584 0.0032024438278266134 0.012558603246379007
0 0.4697993955087547 0.5491120177098471 0.0033908228765223212 0.008037506077682579
0 0.4800660536626697 0.5459723668982522 0.004709476217392208 0.010298054662030865
0 0.4759217145913645 0.5511213942292678 0.004332718120000792 0.010046882597103277
0 0.4770519888835386 0.5560192494953555 0.006593266704349077 0.011805087051596387
0 0.48279754986875717 0.553381942813616 0.0045210971686964994 0.012056259116523976
0 0.4773345574565822 0.5625497231834727 0.00715840385043613 0.006279301623189539
0 0.4892966270487583 0.5521260824889781 0.004709476217392137 0.012056259116523976
0 0.48948500609745405 0.5483585015150644 0.006593266704349077 0.011051570856813625
0 0.4952305670826725 0.5440885764112955 0.004897855266087845 0.011051570856813625
0 0.49994004330006464 0.5447165065736144 0.00527461336347919 0.011302742921741285
0 0.47196575456875506 0.5851552090269552 0.007723540996523112 0.02134962551884456
0 0.4763926622131038 0.5754850796260503 0.006404887655653367 0.020596109324061872
0 0.4771461784078865 0.5684522667092708 0.011679501019132559 0.01255860324637915
0 0.4817614651009308 0.5688290248066623 0.008853815288697291 0.016326184220292816
0 0.4881663527565842 0.5729733638779674 0.007346782899131768 0.015572668025510196
0 0.4892966270487583 0.579378253984217 0.007346782899131769 0.023359002038265117
0 0.4858116146478881 0.5919368547799999 0.009795710532175761 0.02436369029797561
0 0.5011645071165866 0.5682010946443433 0.009230573386088564 0.01858673280464117
0 0.5003168013974559 0.5566471796576745 0.0060281295582618796 0.014065635635944602
0 0.5066274995287615 0.5531307707486884 0.006970024801740351 0.012056259116523976
0 0.5078519633452835 0.5493631897747747 0.006404887655653297 0.010046882597103277
0 0.5052146566635439 0.5728477778455037 0.004144339071305012 0.016326184220292958
0 0.5091706166861533 0.5727222089672153 0.005651371460870537 0.02059610932406173
0 0.5127498186113714 0.551498152326659 0.004144339071305154 0.009293366402320586
0 0.5173051665161943 0.5480595859997787 0.003396767219155947 0.008491918047889797
0 0.5204896357841529 0.5438136269758338 0.0049536188612690065 0.007925790178030426
0 0.5214095935726744 0.5448515280705759 0.0050951508287338495 0.010001592367514505
0 0.5216926575076041 0.5485313592246615 0.006227406568452451 0.009435464497655345
0 0.5195696779956315 0.5523998996687001 0.00764272624310081 0.01226610384695178
0 0.5244525308731681 0.5512676439289814 0.0029721713167614183 0.009246755207702293
0 0.5261509144827461 0.5544757018581842 0.007784258210565653 0.011888685267045602
0 0.5274247021899297 0.5501353881892628 0.0024060434469020463 0.006604825148358628
0 0.5285569579296482 0.5483426499347083 0.007784258210565582 0.010567720237373806
0 0.5288400218645778 0.5429644351710448 0.0029721713167614183 0.008114499467983477
0 0.5374734718799324 0.5512676439289814 0.004670554926339392 0.013020941006764345
0 0.5146160591343626 0.5612692362964959 0.004529022958874478 0.014153196746482806
0 0.5174466984836592 0.5631563291960271 0.008774981982819341 0.014153196746482877
0 0.5176589964348564 0.5699498636343389 0.009765705755073028 0.01830480112545132
0 0.5243817648894357 0.5655151953204408 0.006227406568452594 0.016606417515873276
0 0.5233202751334495 0.5763659794927443 0.007784258210565582 0.020191894024982275
0 0.5318121931813393 0.5706103461491747 0.007218130340706353 0.021890277634560106
0 0.5332275128559875 0.5899530483693679 0.008916513950284255 0.02207898692451323
0 0.542710154676131 0.5800458106468299 0.00919957788521387 0.023777370534091347
0 0.5446916022206386 0.5618353641663554 0.012879409039299431 0.015662871066107656
0 0.5392426214732428 0.5573063412074808 0.010190301657467628 0.013398359586670452
0 0.543913176399582 0.5424926619461621 0.004812086893804235 0.010190301657467699
0 0.5477345395211324 0.5461724931002476 0.0031137032842262612 0.011511266687139426
0 0.5502821149354993 0.5443797548456931 0.0031137032842262612 0.007548371598124248
0 0.55382041412212 0.5473047488399662 0.0073596623081711955 0.005849987988546203
0 0.5529004563335987 0.5507015160591221 0.004387490991409635 0.013775778166576628
0 0.5582079051135298 0.5504184521241925 0.005944342633522694 0.012077394556998727
0 0.5521220305125422 0.569478090409456 0.008208854112960112 0.018493510415404372
0 0.5579248411786001 0.564005521000816 0.005661278698593151 0.017738673255591735
0 0.5665582911939546 0.5838199964458921 0.007925790178030426 0.023399951954185098
0 0.5616754383164181 0.5776869445224162 0.005236682796198622 0.01830480112545125
0 0.565921397340363 0.5706103461491747 0.004104427056480091 0.01585158035606078
0 0.562524630121207 0.5668361603501125 0.004387490991409706 0.017738673255591877
0 0.5664875252102223 0.5524942543136767 0.0035382991866207193 0.015096743196248425
0 0.5702381223480403 0.5482482952897317 0.0036798311540857044 0.008869336627795902
0 0.570025824396843 0.5445684641356462 0.006368938535917294 0.009058045917749169
0 0.5717242080064209 0.5499466788993097 0.006085874600987751 0.008491918047889726
0 0.5704504202992374 0.5648547128056051 0.005519746731128379 0.020569312604888382
0 0.5767485928514223 0.5413604062064434 0.005661278698593222 0.00868062733784285
0 0.5758994010466334 0.546266842221716 0.0056612786985930095 0.006038697278499399
0 0.5688935686571244 0.5201306110867191 0.004104427056480091 0.0050951508287338495
0 0.5729979957136043 0.5223007679211799 0.003255235251691033 0.007548371598124319
0 0.6004551974017811 0.532774133513577 0.0049536188612690065 0.009246755207702151
0 0.5834005953222692 0.5221120586312268 0.004529022958874478 0.006038697278499399
0 0.5866558305739603 0.5223951225661563 0.00311370328422619 0.005849987988546132
0 0.5907602576304403 0.5225838318561095 0.00311370328422619 0.0047177322488276725
0 0.5969876641988928 0.5184322274771411 0.0028306393492966465 0.005472569408639955
0 0.5974830260850197 0.5224894772111329 0.003255235251691033 0.006793534438311682
0 0.6010213252716404 0.5208854482465316 0.003821363121550476 0.006982243728264876
0 0.6080271576611496 0.5220177039862501 0.003962895089015248 0.005849987988546203
0 0.6086640515147412 0.5187152914120707 0.005236682796198551 0.006793534438311753
0 0.6126269466037564 0.5170169078024929 0.0015568516421131306 0.0037741857990620533
0 0.581136083842832 0.5572119865625043 0.0050951508287338495 0.01849351041540423
0 0.5862312346715658 0.5427757258810917 0.003396767219155947 0.010379010947420823
0 0.5859481707366362 0.5477765220648491 0.008491918047889726 0.012832231716811152
0 0.5899110658256513 0.5497579696093565 0.00820885411296004 0.012643522426858098
0 0.5906187256629756 0.5395676679518889 0.0025475754143668896 0.00773708088807723
0 0.593590896979737 0.5399450865317951 0.003679831154085562 0.008491918047889655
0 0.5834713613060017 0.569289381119503 0.0049536188612690065 0.022645114794372603
0 0.5868681285251577 0.5704216368592214 0.004387490991409777 0.02113544047474768
0 0.5902648957443134 0.5628732652610975 0.004387490991409777 0.015474161776154603
0 0.5944400887845259 0.5579668237223167 0.0070765983732414385 0.01585158035606085
0 0.5993937076457949 0.5518337717988406 0.005661278698593009 0.014153196746482877
0 0.6020120490438943 0.5397563772418421 0.008067322145495269 0.009246755207702151
0 0.6061164761003742 0.5437192723308573 0.008916513950284113 0.00811449946798362
0 0.610503967091784 0.5418321794313262 0.003821363121550334 0.009624173787608256
0 0.6054088162630502 0.5536265100533951 0.0035382991866207193 0.010567720237373877
0 0.6061872420841067 0.5562684401127388 0.006510470503382066 0.013209650296717257
0 0.6110700949616432 0.5478708767098256 0.008350386080424883 0.010379010947420752
0 0.5922463432888211 0.5732522762085182 0.007218130340706139 0.019625766155122903
0 0.5981906859223439 0.570987764729081 0.00665200247084698 0.019625766155123046
0 0.6008090273204432 0.5875941822449541 0.007359662308171267 0.0305709049724031
0 0.6080979236448819 0.5642885849357456 0.005236682796198693 0.020191894024982206
0 0.6119900527501646 0.5682514800247609 0.005378214763663536 0.018682219705357425
0 0.6110700949616432 0.5795740374219471 0.007501194275635825 0.022833824084325726
0 0.616589900137779 0.5464555570351773 0.009341109852678784 0.013209650296717399
0 0.6181467517798922 0.5654208406754644 0.006227406568452522 0.01943705686516985
0 0.6168729640727088 0.5830651592860797 0.007359662308170982 0.026041882013528406
0 0.6201989653081322 0.5534378007634422 0.007501194275635896 0.013209650296717399
0 0.624798754250739 0.5536265100533952 0.005095150828733779 0.013209650296717257
0 0.6265679038440495 0.5606087537816602 0.006085874600987537 0.011322557397186373
0 0.6308846288517267 0.5496636149643801 0.007642726243100668 0.014719324616342178
0 0.6307430968842619 0.5417378247863497 0.007642726243100668 0.012454813136904903
0 0.6325122464775723 0.5353217089279441 0.006652002470847122 0.00868062733784278
0 0.6284078194210924 0.5331515520934833 0.003538299186620648 0.0050951508287338495
0 0.6228173067062315 0.5353217089279441 0.007359662308171124 0.005661278698593151
0 0.6395888448508137 0.5325854242236241 0.0069350664057765245 0.006227406568452451
0 0.6405795686230675 0.5375862204073815 0.004387490991409848 0.007925790178030426
0 0.6445424637120827 0.5373975111174283 0.004953618861268865 0.00868062733784278
0 0.6465239112565903 0.5330571974485068 0.004670554926339463 0.008680627337842922
0 0.649566848557084 0.5328684881585537 0.003962895089015177 0.008303208757936673
0 0.6504160403618733 0.5352273542829675 0.005378214763663465 0.010001592367514505
0 0.6370412694364468 0.5459837838102946 0.00665200247084698 0.010001592367514576
0 0.6388811850134896 0.5539095739883249 0.010331833624932472 0.011511266687139426
0 0.6406503346067999 0.5468329756150836 0.009058045917748956 0.00868062733784278
0 0.6444716977283502 0.5490031324495441 0.005378214763663465 0.00924675520770208
0 0.6450378255982097 0.5578724690773401 0.007359662308171124 0.012643522426857956
0 0.6417118243627862 0.5703272822142451 0.00976570575507317 0.02094673118479463
0 0.6523267219226483 0.5666474510601595 0.010048769690002927 0.019248347575216655
0 0.6527513178250427 0.5531547368285125 0.007501194275635896 0.013020941006764345
0 0.6573511067676497 0.5507958707040987 0.005944342633522837 0.013964487456529681
0 0.6584125965236359 0.5563627947577153 0.00919957788521387 0.015662871066107656
0 0.623737264494753 0.5183378728321647 0.0035382991866207193 0.005283860118686832
0 0.627700159583768 0.5182435181871881 0.005802810666057994 0.007359662308171053
0 0.6390934829646868 0.5201306110867192 0.00311370328422619 0.0028306393492966465
0 0.6451085915819419 0.5232443143709454 0.0046705549263391785 0.003396767219155947
0 0.6554404252068745 0.5315475231288819 0.004104427056479949 0.007925790178030355
0 0.6577049366863119 0.5264523723001482 0.006368938535917294 0.006793534438311753
0 0.6492837846221545 0.522678186501086 0.003396767219155947 0.006793534438311753
0 0.6339275661522206 0.5230556050809922 0.003255235251691033 0.006038697278499257
0 0.6584125965236359 0.5172999717374225 0.0049536188612690065 0.006604825148358628
0 0.6571388088164525 0.5167338438675633 0.0026891073818316614 0.0047177322488276725
0 0.6644277051408912 0.5120161116187356 0.003962895089015177 0.005849987988546417
0 0.6664799186691311 0.5290943023594916 0.005802810666057923 0.006793534438311824
0 0.6698766858882871 0.532585424223624 0.004387490991409635 0.008869336627795973
0 0.6727073252375837 0.5270185001700075 0.005519746731128237 0.005283860118686974
0 0.6749010707332885 0.5235273783058749 0.005944342633522837 0.0047177322488276725
0 0.6769532842615286 0.5180548088972349 0.003538299186620577 0.0069822437282649474
0 0.6734149850749078 0.5129596580685012 0.004104427056479949 0.006604825148358699
0 0.6824022650089244 0.5139032045182667 0.004245959023944863 0.005472569408640026
0 0.6860113301792775 0.5158846520627742 0.003255235251691033 0.007548371598124177
0 0.6865066920654044 0.5311701045489756 0.003113703284226119 0.004906441538780726
0 0.6877097137888555 0.535132999637991 0.0026891073818319454 0.007925790178030426
0 0.6843129465696997 0.5330571974485067 0.005236682796198693 0.007548371598124248
0 0.6765994543428664 0.5307926859690695 0.006793534438311753 0.005283860118686832
0 0.6894080973984335 0.5283394651996791 0.0029721713167614894 0.007548371598124177
0 0.6942201842922375 0.524376570110664 0.0038213631215505473 0.0071709530182178585
0 0.6930879285525191 0.5183378728321647 0.0035382991866207193 0.006793534438311753
0 0.6578464686537767 0.5390015400820296 0.008067322145494984 0.009624173787608327
0 0.6653476629294126 0.540605569046631 0.00665200247084698 0.009058045917749027
0 0.6706551117093437 0.5402281504667248 0.004812086893804235 0.009058045917748956
0 0.675325666635683 0.5369257378925454 0.005095150828733921 0.009624173787608327
0 0.6911064810080114 0.539756377241842 0.00665200247084698 0.010756429527327001
0 0.6937955883898431 0.5326797788686005 0.0035382991866207193 0.005283860118686903
0 0.6966969937228721 0.5382467029222171 0.005378214763663607 0.010379010947420752
0 0.7104963605506929 0.5370200925375219 0.007218130340706068 0.010567720237373877
0 0.6753964326194154 0.5511732892840048 0.006085874600987466 0.015096743196248425
0 0.6717873674490623 0.5663643871252297 0.013870132811553049 0.018304801125451107
0 0.6715750694978649 0.5734409854984712 0.005802810666057923 0.022267696214466285
0 0.6749718367170209 0.5830651592860795 0.007501194275635896 0.02415478911399738
0 0.664215407189694 0.578347427037252 0.008067322145495269 0.023777370534091277
0 0.7006598888118873 0.5736296947884243 0.006793534438311894 0.020380603314935398
0 0.7068872953803398 0.5718369565338698 0.010473365592397244 0.022456405504419477
0 0.715803809330624 0.5746675958831663 0.01075642952732693 0.02509833556376293
0 0.7278340265651344 0.5803288745817596 0.011322557397186302 0.026230591303481602
0 0.7590418253911292 0.5725917936936823 0.018257623802962968 0.021701568344607056
0 0.7671091475366245 0.5822159674812906 0.012030217234510303 0.025098335563763074
0 0.7772994491940921 0.5799514560018533 0.008350386080424812 0.023966079824044327
0 0.7937879234037447 0.5735353401434478 0.01726690003070914 0.022833824084325657
0 0.7954155410295902 0.581932903546361 0.013162472974229188 0.025287044853716054
0 0.8173529959866386 0.5800458106468299 0.012879409039299503 0.023022533374278852
0 0.8213866570593862 0.5748563051731195 0.016700772160849767 0.027740265623106525
0 0.8360352156919961 0.5812724210315251 0.00919957788521387 0.025853172723575357
0 0.8405642386508706 0.5786304909721817 0.015710048388595937 0.026230591303481602
0 0.8830238288903192 0.578347427037252 0.010897961494791702 0.02717413775324708
0 0.9017060485956765 0.5749506598180961 0.016559240193385137 0.026419300593434798
0 0.9322061875843471 0.5764603341377209 0.011039493462256616 0.024909626273809736
0 0.9382920621853347 0.5716482472439166 0.010190301657467558 0.02660800988338771
0 0.9855637393185874 0.5289999477145151 0.004529022958874691 0.00924675520770208
0 0.9797609286525295 0.527301564104937 0.005661278698593151 0.008869336627795973
0 0.9789825028314729 0.5248483433355468 0.01033183362493233 0.008491918047889797
0 0.9709151806859778 0.5282451105547026 0.00665200247084698 0.00773708088807723
0 0.9546390044275225 0.5282451105547026 0.00665200247084698 0.009624173787608398
0 0.9513837691758311 0.5269241455250309 0.007784258210565582 0.00924675520770208
0 0.9460763203959004 0.5297547848743274 0.0031137032842262612 0.006982243728264805
0 0.9250588232273732 0.5292830116494447 0.009765705755073099 0.007548371598124248
0 0.9201052043661042 0.5274902733948901 0.005802810666057923 0.008114499467983477
0 0.9183360547727938 0.5258862444302888 0.005095150828733637 0.007170953018218001
0 0.9144439256675111 0.5277733373298198 0.00665200247084698 0.00868062733784285
0 0.9122501801718061 0.5295660755843743 0.005378214763663465 0.009624173787608398
0 0.9020598785143386 0.529188657004468 0.006510470503382208 0.010001592367514505
0 0.8876236178329261 0.5281507559097259 0.005095150828733779 0.011699975977092478
0 0.8832361268415164 0.5293773662944211 0.005095150828733637 0.009624173787608398
0 0.8771502522405288 0.5297547848743274 0.0062274065684525225 0.008491918047889726
0 0.8766548903544017 0.5271128548149839 0.005519746731128379 0.009246755207702151
0 0.6653399637729669 0.5236298971102381 0.002100817961389083 0.006002337032540553
0 0.7078064982781916 0.5209088376554863 0.0026410282943177777 0.004241651502995154
0 0.7065760191865206 0.5150665629438136 0.002460958183341546 0.004881900786466318
0 0.7011439041720715 0.5146664071416442 0.002280888072365457 0.00472183846559858
0 0.727344105319111 0.5343140570281603 0.002220864702039904 0.007682991401651975
0 0.7242529017473527 0.5373552411246476 0.004921916366683092 0.009603739252064898
0 0.7221520837859636 0.5321932312766627 0.0049219163666833765 0.009363645770763256
0 0.7182205530296494 0.5318330910547102 0.0034213321085482563 0.00656255515557767
0 0.7122782393674342 0.5189080586446394 0.004741846255707145 0.005522150069937269
0 0.7114379121828784 0.5175475289172636 0.00414161255245304 0.003921526861259821
0 0.7341867695362073 0.5394360512959283 0.007743014771977244 0.009763801572932636
0 0.7394088027545175 0.5361547737181395 0.003301285367897293 0.008483303005990735
0 0.7376981367002435 0.5247903489365292 0.0038414957008258456 0.006882679797313287
0 0.7473318876374713 0.5374752878652983 0.009303622400437916 0.013365203792457123
0 0.7570856853153498 0.5372351943839966 0.008763412067509222 0.007923084882953617
0 0.7611072511271522 0.5344341037688111 0.0025209815536669567 0.007602960241218143
0 0.7579860358702308 0.5277114862923655 0.004321682663429272 0.007442897920350333
0 0.7522838156893172 0.5240700684926243 0.006242430513842265 0.008323240685122926
0 0.751083348282809 0.5219892583213437 0.004921916366683234 0.007042742118181024
0 0.752613944226107 0.5127856748714481 0.00414161255245304 0.005602181230371173
0 0.7559152295940044 0.5131858306736174 0.0030611918865957933 0.003521371059090299
0 0.7600568421464573 0.5133859085747021 0.004621799515056182 0.003761464540392154
0 0.764018384587934 0.5317930754744933 0.004261659293103861 0.0076029602412180704
0 0.7658490973828589 0.535794633496187 0.0031212152569209195 0.005202025428201793
0 0.7699006748798238 0.5355145244346684 0.007743014771977527 0.007682991401651975
0 0.776353187189805 0.5355545400148854 0.0076829914016518334 0.010484082016837632
0 0.7807348932235595 0.5308327015492867 0.004201635922778308 0.008083147203821426
0 0.7663292843454623 0.519188167706158 0.005522150069937481 0.004801869626032485
0 0.7870973704780527 0.5234298192091533 0.005402103329286518 0.00656255515557767
0 0.7862870549786598 0.5311528261910222 0.003901519071151398 0.0071227732786148575
0 0.7920492985298986 0.5331536052018692 0.006782640846770818 0.008083147203821354
0 0.7955006423236095 0.5307126548086358 0.0022808880723653147 0.006242430513842336
0 0.7739222406916261 0.5143862980801255 0.003181238627246472 0.004961931946900151
0 0.7793843673912381 0.5136260020560037 0.002701051664643188 0.004881900786466247
0 0.78373606173983 0.5151065785240304 0.002400934813016278 0.006242430513842195
0 0.7594265967580407 0.5234698347893704 0.005402103329286518 0.00696271095774712
0 0.8003325236348046 0.5356345711753192 0.005101986477659466 0.008883458808159972
0 0.7987118926360186 0.5320731845360118 0.005462126699611929 0.008323240685123068
0 0.8061547905563691 0.52883192253844 0.005462126699611786 0.009363645770763256
0 0.809996286257195 0.5348342595709805 0.006662594106119854 0.008723396487292376
0 0.8104764732197981 0.5143462824999087 0.002100817961389083 0.005682212390805148
0 0.8143479806057868 0.5135859864757869 0.0022808880723653147 0.004961931946900151
0 0.8199601657312122 0.5137460487966545 0.0030611918865957933 0.006242430513842195
0 0.8253022456901735 0.5132658618340514 0.001980771220738262 0.004801869626032485
0 0.8295639049832773 0.5145463604009933 0.003301285367897293 0.008963489968593948
0 0.8093660408687782 0.5214290401983066 0.005282056588635698 0.0054421189095035065
0 0.8048942997795353 0.5225094608641638 0.003061191886595651 0.00552215006993734
0 0.8156084713826204 0.5312728729316731 0.004801869626032414 0.008643365326858544
0 0.8211606331377205 0.5335137454238216 0.006182407143516855 0.008483303005990806
0 0.8289936829651858 0.5267511123671592 0.0049219163666833765 0.009363645770763327
0 0.8269228766889595 0.5245102398750107 0.004021565811802077 0.006322461674276098
0 0.8217608668409744 0.5223093829630792 0.0045017527744053605 0.0076829914016518334
0 0.815458412956807 0.523629897110238 0.002460958183341546 0.007282835599482595
0 0.8130574781437906 0.5232697568882857 0.004381706033754682 0.004801869626032485
0 0.8316046995743411 0.5126256125505804 0.002460958183341546 0.004641807305164605
0 0.8347859382015878 0.5132258462538344 0.00414161255245304 0.005682212390805077
0 0.8393777260314813 0.513465939735136 0.0036014022195243454 0.006802648636879241
0 0.8515624702075386 0.5131458150934005 0.003361308738222704 0.005041963107334197
0 0.8545936504089715 0.5152266252646814 0.002821098405294009 0.005842274711672885
0 0.8328952020363374 0.5316330131536255 0.0046818228853817345 0.009843832733366753
0 0.8330752721473135 0.5289519692790907 0.007202804439048549 0.007682991401651975
0 0.8433392684729581 0.5289119536988738 0.004321682663429272 0.007442897920350191
0 0.8450499345272321 0.5329535273007844 0.004861892996357824 0.010083926214668254
0 0.8483212082099666 0.5267911279473761 0.006602570735794728 0.005922305872106719
0 0.8507221430229829 0.5301124211053819 0.0046818228853817345 0.009523708091631064
0 0.8543835686128327 0.5273913616506303 0.005041963107334056 0.007442897920350333
0 0.8562743047780831 0.5290320004395247 0.0049819397370086446 0.007682991401651975
0 0.8555540243341782 0.5325933870788321 0.00594231366221507 0.009043521129027851
0 0.8802836529082453 0.5133058774142683 0.00534207995896125 0.007122773278614645
0 0.9224500705618428 0.5130657839329668 0.0054021033292866606 0.004881900786466318
0 0.947389780932049 0.5113050984034213 0.0027010516646433303 0.007442897920350333
0 0.9726896315242075 0.5109849737616858 0.0054021033292866606 0.006322461674276098
