0 0.09310344827586206 0.7370689655172413 0.1060344827586207 0.11206896551724142
0 0.19331896551724143 0.7344827586206896 0.09439655172413797 0.09310344827586206
0 0.29806034482758625 0.7810344827586206 0.10732758620689654 0.10344827586206903
0 0.40215517241379317 0.6844827586206895 0.075 0.08275862068965509
0 0.37758620689655176 0.7310344827586206 0.06982758620689651 0.1
0 0.43771551724137936 0.7724137931034483 0.09439655172413794 0.0931034482758622
0 0.5204741379310346 0.8043103448275863 0.08146551724137929 0.08793103448275857
0 0.5295258620689656 0.7370689655172414 0.07112068965517239 0.07413793103448285
0 0.6510775862068967 0.8405172413793103 0.11767241379310349 0.10862068965517238
0 0.6724137931034483 0.7741379310344827 0.09827586206896555 0.0965517241379311
0 0.8211206896551725 0.8008620689655171 0.06724137931034477 0.07758620689655174
0 0.7558189655172414 0.7637931034482759 0.07629310344827588 0.09310344827586206
0 0.7370689655172415 0.7405172413793104 0.08275862068965509 0.08448275862068969
0 0.6801724137931034 0.7267241379310344 0.05948275862068982 0.07758620689655174
0 0.7086206896551726 0.6956896551724138 0.06982758620689651 0.07068965517241367
0 0.929741379310345 0.7215517241379311 0.06982758620689651 0.08448275862068969
