0 0.9513905293400795 0.38302852994937603 0.017055954617515853 0.02449514521292798
0 0.9569337145907721 0.42283314092038393 0.016203156886640074 0.021433252061312018
0 0.970578478284785 0.43354976695103997 0.017908752348391774 0.03368082466777594
0 0.9914720226912419 0.5169863553325759 0.017055954617515995 0.03214987809196792
0 0.978253657862667 0.543777920409216 0.019614347810143186 0.033680824667776006
0 0.9906192249603663 0.6073122033052479 0.01876155007926755 0.02908798494035203
0 0.9023546598147212 0.546839813560832 0.017908752348391774 0.030618931516160047
0 0.9168522212396099 0.403696308722784 0.014497561424888516 0.026026091788736067
0 0.8972378734294664 0.376904743646144 0.017908752348391774 0.02449514521292805
0 0.8840195086008916 0.398337995707456 0.017055954617515995 0.027557038364543943
0 0.8831667108700156 0.4197712477687679 0.017055954617515995 0.027557038364544085
0 0.8447908129806049 0.43354976695103997 0.01876155007926755 0.027557038364544012
0 0.982944045382484 0.654006073867392 0.013644763694012739 0.03674271781939204
0 0.9944568147493072 0.6624262800343359 0.011086370501385404 0.035211771243584024
0 0.8716539415031925 0.708354677308576 0.01961434781014347 0.03827366439519991
0 0.9070450473345382 0.6830940588077439 0.02558393192627392 0.03674271781939197
0 0.9509641304746417 0.6861559519593601 0.021319943271894886 0.03674271781939197
0 0.9206898110285507 0.71677488347552 0.015350359155764295 0.03368082466777594
0 0.9368929679151909 0.7259605629303679 0.015350359155764437 0.03368082466777594
0 0.9467001418202625 0.753517601294912 0.016203156886640074 0.030618931516159905
0 0.9680200850921575 0.7573449677344319 0.02643672965714984 0.03521177124358417
0 0.8298668526902785 0.569038538910048 0.017908752348391913 0.04133555754681595
0 0.8136636958036383 0.587409897819744 0.01790875234839163 0.04133555754681595
0 0.7953285445898086 0.551432653288256 0.017055954617516137 0.03674271781939218
0 0.776993393375979 0.566742119046336 0.019614347810143328 0.033680824667776006
0 0.7799781854340444 0.602719363577824 0.022172741002770665 0.03214987809196785
0 0.6985360021354055 0.6616608067464322 0.04690387519816887 0.03674271781939236
0 0.718150349945549 0.614966936184288 0.023025538733646586 0.035211771243584024
0 0.716871153349235 0.565211172470528 0.030700718311528732 0.03674271781939197
0 0.6891552270957717 0.6409930279730238 0.019614347810143186 0.026026091788736067
0 0.6946984123464646 0.630276401942368 0.013644763694012596 0.026026091788736067
0 0.7659070228745937 0.41058556831391996 0.011086370501385261 0.024495145212927907
0 0.7688918149326588 0.42666050735990396 0.010233572770509482 0.026026091788735998
0 0.7799781854340442 0.43278429366313603 0.015350359155764295 0.035211771243583954
0 0.7241199340616795 0.4595758587397759 0.01790875234839149 0.033680824667776006
0 0.6934192157501508 0.454983019012352 0.019614347810143328 0.030618931516160047
0 0.662292098573184 0.482540057376896 0.02046714554101925 0.03674271781939204
0 0.6102714369897605 0.5958301039866879 0.02558393192627392 0.03368082466777587
0 0.3906760212892427 0.546074340272928 0.023025538733646444 0.02908798494035203
0 0.4256407282551504 0.526937508075328 0.0179087523483917 0.039804610971008
0 0.43587430102566005 0.550667180000352 0.016203156886640143 0.02908798494035203
0 0.4870421648782079 0.54454339369712 0.023025538733646513 0.035211771243584024
0 0.4772349909731362 0.5904717909713599 0.023878336464522292 0.032149878091968065
0 0.5011133274376585 0.44885923270912004 0.020467145541019107 0.027557038364543943
0 0.5377836298653178 0.419005774480864 0.01193916823226118 0.03214987809196799
0 0.5454588094432 0.431253347087328 0.015350359155764293 0.03214987809196799
0 0.5714691402349118 0.4595758587397759 0.021319943271894886 0.030618931516159974
0 0.5714691402349118 0.6164978827600959 0.024731134195398213 0.029087984940351887
0 0.540768421923383 0.61343598960848 0.019614347810143328 0.029087984940351887
0 0.5254180627676187 0.6241526156391359 0.026436729657149768 0.026026091788736067
0 0.6307385825307796 0.34169297240256 0.01876155007926755 0.02143325206131195
0 0.646515340551982 0.34552033884208 0.019614347810143328 0.03214987809196792
0 0.7062111817132879 0.298826468279936 0.01279196596313696 0.030618931516159974
0 0.739470293217444 0.293468155264608 0.016203156886640074 0.019902305485504
0 0.7445870796026987 0.308777621022688 0.012791965963137102 0.02908798494035203
0 0.756099848969522 0.340927499114656 0.015350359155764437 0.03214987809196799
0 0.8226180719778341 0.301122888143648 0.018761550079267407 0.02908798494035196
0 0.7573790455658356 0.281986055946048 0.016203156886640216 0.018371358909696055
0 0.76462782627828 0.30035741485574396 0.015350359155764295 0.024495145212928015
0 0.9644080285874154 0.8867605631943669 0.02889645203794018 0.049344559054968616
0 0.9837897951982296 0.8994130142341031 0.03242040960354092 0.04428357863907315
0 0.5919257139032343 0.8962499014741687 0.05074498894467552 0.053140294366889405
0 0.9904853145728734 0.875373357258605 0.019029370854253217 0.03416161780728601
0 0.965465215857096 0.8532315679390677 0.028191660524819754 0.03795735311920666
0 0.9485502195422046 0.8241309305476762 0.01973416236737379 0.035426862911259516
0 0.4534341815750592 0.8412117394513204 0.021848536906735726 0.036692108015233184
0 0.9358639723060352 0.7994586510201919 0.01832457934113279 0.05187504926291595
0 0.9499598025684451 0.8007238961241654 0.04228749078722942 0.05187504926291567
0 0.7839814012285689 0.8930867887142349 0.03876353322162728 0.03416161780728601
0 0.7889149418204121 0.9145959554817853 0.04722103137907297 0.06452750030265136
0 0.8516413864881364 0.8949846563701951 0.04722103137907297 0.06073176499073057
0 0.8523461780012568 0.875373357258605 0.03594436716914529 0.04681406884702142
0 0.8724327361251909 0.8658840189788033 0.03523957565602473 0.04048784332715371
0 0.9045007499721733 0.8380486266913851 0.04581144835283226 0.04807931395099487
0 0.9052055414852938 0.8152742148198613 0.03876353322162714 0.03795735311920666
0 0.9115486651033785 0.7583381851410512 0.011981455723048382 0.020243921663576893
0 0.9087294990508963 0.7893366901884034 0.016210204801771367 0.03669210801523306
0 0.47845428029083487 0.8064174990920463 0.022553328419855773 0.03542686291125932
0 0.5309612480183117 0.8469053424192 0.0415826992741092 0.058201274782783516
0 0.8660896125071065 0.7754189940446943 0.015505413288650943 0.04175308843112717
0 0.8488222204356544 0.7779494842526414 0.021848536906735348 0.06452750030265123
0 0.8319072241207625 0.7981934059162182 0.01902937085425336 0.06705799051059827
0 0.8319072241207625 0.7608686753489984 0.010571872696807389 0.035426862911259606
0 0.8072395211615457 0.8310897786195305 0.03594436716914402 0.05187504926291562
0 0.666986010050567 0.8310897786195306 0.030306035064181315 0.039222598223180395
0 0.6437278901175907 0.8203351952357554 0.0260772859854584 0.05060980415894207
0 0.568667593970258 0.804519631436086 0.02396291144609684 0.06958848071854547
0 0.5425903079847997 0.8057848765400596 0.025372494472337834 0.03669210801523292
0 0.437223976773286 0.8051522539880729 0.030306035064181246 0.04048784332715371
0 0.42277575075431584 0.7697253910768134 0.02678207749857876 0.03542686291125946
0 0.4950168808491665 0.7539098272771438 0.02325811993297627 0.044283578639074506
0 0.5055887535459739 0.733665905613567 0.016210204801771367 0.05187504926291581
0 0.525322915913348 0.7646644106609188 0.02466770295921767 0.04554882374304795
0 0.8058299381353041 0.8013565186761522 0.03453478414290416 0.03289637270331227
0 0.8093538957009067 0.7741537489407208 0.010571872696807531 0.013917696143709008
0 0.8001916060303402 0.7615012979009852 0.027486869011699184 0.03416161780728601
0 0.7702379667227193 0.7248091898857522 0.01832457934113279 0.021509166767550453
0 0.7737619242883217 0.7583381851410513 0.032420409603542734 0.04048784332715371
0 0.7600184897824721 0.7633991655569455 0.02889645203794032 0.02277441187152391
0 0.7719999455055205 0.796295538260258 0.03171561809042231 0.03795735311920652
0 0.7473322425463031 0.798826028468205 0.01621020480177151 0.030365882495365357
0 0.7201977692911643 0.7861735774284696 0.036649158682265724 0.05314029436688927
0 0.6976444408713084 0.7836430872205224 0.019734162367373784 0.03795735311920637
0 0.6726243421555309 0.7849083323244959 0.035944367169145154 0.03795735311920652
0 0.7466274510331826 0.8285592884115834 0.048630614405314104 0.049344559054968616
0 0.7357031825798149 0.7324006605095934 0.019734162367373926 0.029100637391391758
0 0.734293599553574 0.7520119596211836 0.01832457934113293 0.03795735311920666
0 0.7117402711337182 0.7463183566533025 0.02819166052481961 0.03163112759933867
0 0.7022255857065915 0.7267070575417125 0.0190293708542535 0.048079313950995156
0 0.7103306881074772 0.7001369103582679 0.019734162367373926 0.035426862911259606
0 0.6796722572867359 0.7456857341013158 0.03876353322162714 0.030365882495365214
0 0.6803770487998563 0.7191155869178713 0.009162289670566395 0.022774411871524052
0 0.6712147591292899 0.6982390427023075 0.010571872696807531 0.016448186351656204
0 0.6627572609718438 0.6925454397344265 0.010571872696807531 0.020243921663576855
0 0.6567665331103197 0.7203808320218448 0.026782077498578617 0.030365882495365357
0 0.6430230986044702 0.745053111549329 0.020438953880494423 0.049344559054968616
0 0.6172982083755721 0.7317680379576066 0.032420409603542734 0.04554882374304796
0 0.6264604980461386 0.694443307390387 0.00986708118368682 0.011387205935761955
0 0.6232889362370961 0.67419938572681 0.027486869011699257 0.026570147183444418
0 0.6130694592968491 0.7887040676364165 0.03946832473474757 0.07085372582251892
0 0.6204697701846149 0.7912345578443643 0.027486869011700003 0.022774411871524635
0 0.5862873817982703 0.7615012979009851 0.01832457934113293 0.04934455905496847
0 0.5721915515358605 0.7437878664453555 0.014095830262409877 0.04681406884702156
0 0.5905161308769934 0.7210134545738315 0.02114374539361485 0.05187504926291581
0 0.6049643568959634 0.6697710278629025 0.011981455723048384 0.020243921663576997
0 0.5989736290344397 0.6836887240066117 0.019734162367372705 0.04048784332715345
0 0.5750107175883424 0.6754646308307835 0.029601243551060606 0.05187504926291567
0 0.5612672830824929 0.7102588711900563 0.021848536906735348 0.03542686291125932
0 0.547171452820083 0.7033000231182018 0.021848536906735348 0.04681406884702142
0 0.5528097849250468 0.6640774248950215 0.033125201116663165 0.029100637391391616
0 0.07214197297687021 0.8519663228350943 0.02607728598545827 0.04048784332715371
0 0.16059330787349213 0.8576599258029753 0.023962911446096767 0.059466519886757115
0 0.26772161786780724 0.8507010777311207 0.0324204096035427 0.04554882374304782
0 0.3477154546069832 0.8412117394513191 0.033125201116663165 0.04175308843112717
0 0.21909100346249313 0.8070501216440331 0.029601243551060676 0.041753088431127454
0 0.2099287137919267 0.8095806118519804 0.033829992629783694 0.06452750030265107
0 0.5020647959803713 0.640037767919524 0.021848536906735275 0.024039656975497578
0 0.518627396538703 0.6558533317191935 0.019734162367373784 0.04301833353510091
0 0.5306088522617515 0.6450987483354185 0.01832457934113283 0.021509166767550013
0 0.13944956247987736 0.5059217868983275 0.033829992629783714 0.04175308843112731
0 0.027521680528444187 0.6084066403201827 0.03638122141281481 0.04428357863907437
0 0.09645728017952723 0.7412573762374083 0.02960124355106073 0.04175308843112717
0 0.07989467962119569 0.7526445821731703 0.03735395019538622 0.05187504926291566
0 0.06333207906286407 0.7659296557648926 0.029601243551060794 0.0556707845748363
0 0.10597196560665388 0.7836430872205224 0.0204389538804943 0.04554882374304796
0 0.1285252940265097 0.7539098272771437 0.04017311624786812 0.05187504926291567
0 0.15671695455132945 0.7273396800936993 0.0077527066443254175 0.02403965697549765
0 0.1521358097160462 0.7456857341013158 0.023962911446096767 0.04554882374304782
0 0.16200289089973313 0.7640317881089322 0.03382999262978373 0.054405539470862865
0 0.17010799330061882 0.7855409548764826 0.02607728598545828 0.04681406884702156
0 0.24587308096107185 0.7773168617006544 0.02114374539361485 0.05567078457483646
0 0.2219101695149751 0.7741537489407208 0.02114374539361485 0.03922259822318011
0 0.17186997208342006 0.7184829643658844 0.0253724944723378 0.04934455905496847
0 0.19301371747703486 0.7178503418138976 0.023962911446096805 0.06326225519867748
0 0.20499517320008326 0.7260744349897257 0.019734162367373784 0.07211897092649239
0 0.9752449261920486 0.2508406596240072 0.014561808122324322 0.027187084878770557
0 0.9487424354094185 0.255023288066895 0.01747416974678913 0.029278399100214472
0 0.9589357010950453 0.23567863151853902 0.01106697417296644 0.026141427768048616
0 0.958061992607706 0.22103943196843182 0.013979335797431389 0.02195879932516082
0 0.9405878228609168 0.22156226052379283 0.025628782295290763 0.027187084878770557
0 0.9097167896415896 0.20849154663976846 0.01630922509700312 0.02405011354660477
0 0.8846704796711918 0.24352105984895359 0.013979335797431247 0.027187084878770557
0 0.886709132808317 0.20953720375049043 0.014561808122324917 0.02823274198949247
0 0.8747684501480114 0.21110568941657334 0.011649446497859373 0.027187084878770557
0 0.8637014759750449 0.20169477542007586 0.01281439114764524 0.027187084878770557
0 0.8491396678527207 0.2152883178594611 0.027958671594862494 0.03136971332165832
0 0.8424412361164515 0.2513634881793682 0.01922158672146793 0.026141427768048578
0 0.822928413232537 0.20326326108615875 0.020969003696147154 0.047054569982487526
0 0.8109877305722313 0.198034975532549 0.01922158672146807 0.01568485666082921
0 0.7978821032621394 0.2116285179719343 0.019804059046360862 0.026141427768048616
0 0.7792429888655643 0.19960346119863195 0.029123616244648362 0.04391759865032171
0 0.7492456641335764 0.22626771752204156 0.01572675277211019 0.02823274198949246
0 0.778951752703118 0.24665803118111945 0.022716420670825955 0.033461027543102234
0 0.7658461253930261 0.22574488896668057 0.019804059046361004 0.033461027543102234
0 0.7410910515850747 0.2592059165097828 0.022716420670825955 0.018821827992995033
0 0.7169184501020166 0.2597287450651438 0.02679372694507677 0.03450668465382417
0 0.6959494464058696 0.25188631673472917 0.012814391147645522 0.033461027543102234
0 0.6784752766590807 0.2686168305062803 0.02562878229529062 0.039734970207433946
0 0.6656608855114352 0.2513634881793682 0.02213394834593288 0.026141427768048578
0 0.6485829337683218 0.27436794461525094 0.014561808122324181 0.030324056210936378
0 0.625866513097496 0.2565917737329779 0.02970608856954158 0.01986748510371694
0 0.633729889483551 0.28011905872422166 0.016309225097003194 0.02718708487877052
0 0.6180031367114409 0.28377885861174845 0.02562878229529062 0.02614142776804865
0 0.47733607024978864 0.405075083455494 0.016891697421896126 0.026141427768048616
0 0.5932480629034896 0.34756394236578714 0.022716420670825882 0.021958799325160854
0 0.5949954798781686 0.330310600038875 0.02388136532061182 0.018821827992994998
0 0.6008202031270983 0.32037685748701655 0.012231918822752447 0.01359354243938526
0 0.5996552584773124 0.3041691722708264 0.008737084873394424 0.0146391995501072
0 0.6083923433507068 0.29894088671721664 0.018056642071682134 0.02300445643588283
0 0.6121784134625112 0.3245594859299043 0.012814391147645382 0.02614142776804865
0 0.5416992621504618 0.28116471583494357 0.01630922509700312 0.02509577065732664
0 0.5454853322622661 0.28796148705463626 0.022716420670825882 0.028232741989492566
0 0.547815221561838 0.2963267439404118 0.026211254620183554 0.026141427768048685
0 0.5498538746989634 0.30678331504763123 0.02679372694507663 0.030324056210936447
0 0.5615033211968228 0.30992028637979707 0.015144280447217327 0.01986748510371694
0 0.5702404060702174 0.3250823144852653 0.022133948345932807 0.03973497020743391
0 0.5845109780300951 0.30887462926907516 0.016891697421896196 0.015684856660829142
0 0.5818898525680767 0.29162128694216305 0.018639114396575066 0.012547885328663355
0 0.585093450354988 0.27802774450277773 0.033200922518899174 0.020913142214438914
0 0.5446116237749267 0.33187908570495794 0.027958671594862566 0.034506684653824206
0 0.5218952031041009 0.3093974578244361 0.018639114396574924 0.014639199550107165
0 0.5163617160176177 0.3229910002638213 0.025046309970397685 0.014639199550107165
0 0.519565313804529 0.34494979958898225 0.016309225097003194 0.02927839910021454
0 0.06669308120024504 0.5938161919408049 0.042520479717186796 0.02718708487877052
0 0.06115959411376167 0.607932562935551 0.03494833949357811 0.036597998875268406
0 0.06902297049981691 0.6168206483766878 0.0308710332193274 0.03136971332165842
0 0.0867883764090525 0.6272772194839074 0.02679372694507661 0.031369713321658284
0 0.10135018453137659 0.6053184201587459 0.020969003696146883 0.029278399100213855
0 0.1077573801051994 0.5776085067246148 0.02679372694507661 0.030324056210936378
0 0.11066974172966425 0.6340739907035999 0.027958671594862566 0.028232741989492497
0 0.11387333951657555 0.6989047315683602 0.020386531371253916 0.03659799887526806
0 0.10717490778030644 0.6732861323556727 0.02795867159486255 0.048100227093209325
0 0.13921088564941977 0.6518501615858731 0.029123616244648484 0.06378508375403853
0 0.12785267531400685 0.6058412487141075 0.021551476021039892 0.024050113546604805
0 0.12290166055241661 0.5823139637228637 0.01514428044721722 0.016730513771551117
0 0.13571605170006193 0.5885879063871953 0.011649446497859407 0.016730513771551117
0 0.13891964948697327 0.5791769923906978 0.018056642071682064 0.02509577065732678
0 0.14532684506079574 0.6042727630480242 0.016891697421896126 0.029278399100213758
0 0.1540639299341905 0.5802226495014198 0.01805664207168208 0.02718708487877066
0 0.15697629155865533 0.5509442504012053 0.0285411439197555 0.0627394266433167
0 0.16105359783290582 0.6152521627106039 0.022716420670826413 0.03241537043238183
0 0.16687832108183584 0.6293685337053512 0.022716420670825847 0.050191541314653206
0 0.18522619931596437 0.6162978198213268 0.03261845019400628 0.04078062731815578
0 0.49073293372232696 0.31253442915660196 0.020386531371253794 0.029278399100214507
0 0.5052947418446512 0.3465182852550652 0.016891697421896053 0.032415370432380325
0 0.4860731551231832 0.34965525658723096 0.021551476021039948 0.034506684653824136
0 0.4639392067772504 0.31985402893165554 0.026211254620183696 0.02300445643588283
0 0.46918145770128716 0.3444269710336212 0.022716420670825882 0.030324056210936378
0 0.4496686348173726 0.3423356568121773 0.02213394834593288 0.024050113546604735
0 0.46160931747767847 0.3737053701338357 0.019221586721468 0.030324056210936447
0 0.44180525843131746 0.36220314191589426 0.027376199269969634 0.04078062731815585
0 0.462483025965018 0.4474241964397328 0.0361132841433642 0.014639199550107165
0 0.46044437282789263 0.4275567113360158 0.011066974172966369 0.02300445643588276
0 0.45724077504098126 0.4223284257824061 0.027958671594862494 0.014639199550107165
0 0.44384391156844294 0.4076892262322989 0.009319557198287498 0.014639199550107236
0 0.43539806285749494 0.42303273201814023 0.029706088569541437 0.032415370432380325
0 0.4386016606444062 0.39043588390538686 0.03028856089443444 0.026141427768048616
0 0.39666365325211245 0.34860959947650905 0.016309225097003194 0.028232741989492497
0 0.42141872706006367 0.3538378850301187 0.018056642071682064 0.015684856660829142
0 0.4196713100853842 0.37527385579991757 0.015726752772109234 0.03136971332165831
0 0.3885090407036108 0.36220314191589426 0.020969003696146942 0.01359354243938526
0 0.40685691893773934 0.3705683988016699 0.011066974172966511 0.04078062731815585
0 0.23007656833272308 0.4186686258948793 0.03494833949357815 0.026141427768048685
0 0.24929815505419103 0.41344034034126964 0.026793726945076556 0.034506684653824136
0 0.3925406156796262 0.38185458216202406 0.01732975512078255 0.027653741771158806
0 0.3747294784721552 0.3827187615923728 0.014441462600652101 0.017283588606974334
0 0.3877267948127421 0.3956814530476035 0.027920161027927506 0.019011947467671746
0 0.388689558986119 0.4103725033635317 0.012515934253898565 0.02765374177115888
0 0.4065006961935898 0.4194463873821932 0.02406910433442012 0.02333284461941522
0 0.40674138723693415 0.4371620657043418 0.02743877894123905 0.031110459492553772
0 0.3665459829984523 0.3559291992515626 0.019255283467536303 0.031110459492553845
0 0.3350154563203614 0.35247248153016764 0.02743877894123909 0.02246866518906624
0 0.3121498072026626 0.38790383817446505 0.01829251929415932 0.02246866518906657
0 0.3155194818094815 0.3719165187130139 0.016366990947405746 0.012962691455230697
0 0.3323678548435756 0.37839786444062923 0.020218047640913 0.02938210063185629
0 0.34512448014081826 0.38963219703516244 0.019736665554224615 0.019011947467671673
0 0.3540300487445538 0.36500308327022407 0.01829251929415939 0.026789562340810206
0 0.3340526921469851 0.4216068359580649 0.020699429727601457 0.0345671772139486
0 0.3605287069148473 0.4008665296296958 0.023587722247731834 0.012098512024882097
0 0.36919358447523865 0.4164217593759726 0.025513250594485372 0.022468665189066497
0 0.34777208161760453 0.42852027140085464 0.01829251929415932 0.025925382910461536
0 0.3614914710882241 0.4458038600078289 0.02262495807435499 0.046665689238830625
0 0.3831536649892023 0.44364341143195707 0.019736665554224615 0.03888807436569209
0 0.29337590582181483 0.3848792101682445 0.00962764173376808 0.035431356644297266
0 0.31407533554941625 0.407347875357311 0.011553170080521688 0.02333284461941524
0 0.2989117998187315 0.4090762342180085 0.013960080513963682 0.028517921201507618
0 0.28182273574129313 0.41253295193940337 0.014441462600652138 0.028517921201507618
0 0.2726764760942134 0.4034590679207418 0.011553170080521724 0.031110459492553703
0 0.29722696251532205 0.4285202714008545 0.016366990947405746 0.027653741771158806
0 0.2919317595617496 0.45142102630509556 0.024069104334420253 0.03715971550499475
0 0.3107056609425974 0.44105087314091096 0.00962764173376808 0.023332844619415313
0 0.34127342344731104 0.4635195383299775 0.016848373034094165 0.028517921201507618
0 0.32490643249990536 0.46481580747550055 0.012997316340586842 0.0345671772139486
0 0.302040783382206 0.4665441663361976 0.03273398189481118 0.046665689238831416
0 0.3347747652770176 0.49722253611357736 0.009627641733768115 0.04580150980848188
0 0.3046883848589922 0.4989508949742741 0.00914625964707951 0.035431356644298424
0 0.31383464450607207 0.49376581839218253 0.00914625964707973 0.03197463892290244
0 0.32875748919341263 0.5149382144357261 0.008183495473702819 0.029382100631856218
0 0.3205739937197097 0.5153703041509005 0.010109023820456465 0.05790002183336391
0 0.30204078338220613 0.5326538927578747 0.03177121772143472 0.04234479208708706
0 0.25053290010654683 0.447100129153352 0.020218047640913 0.03024628006220503
0 0.26521505375054316 0.4561740131720134 0.02069942972760142 0.03629553607464594
0 0.23464729124582945 0.44753221886852634 0.02792016102792747 0.025925382910461394
0 0.22766725098884763 0.45314938516579295 0.010109023820456465 0.03197463892290244
0 0.22357550325199618 0.4596307308934084 0.016366990947405746 0.03629553607464594
0 0.21755822716839113 0.47518596063968516 0.013960080513963753 0.032838818353251115
0 0.2156326988216375 0.49765462582875175 0.019736665554224615 0.043208971517435725
0 0.23248107185573164 0.5041359715563671 0.015885608860717326 0.04752986866917922
0 0.18338009901351435 0.48469193437352104 0.03610365650163036 0.02074030632836916
0 0.1869904646636774 0.5002471641197979 0.025994632681173826 0.02246866518906664
0 0.17038278267292742 0.5127777658598542 0.0101090238204565 0.03024628006220503
0 0.1771221318865651 0.5300613544668284 0.016848373034094165 0.03197463892290237
0 0.19493326909403608 0.5235800087392132 0.01588560886071736 0.03629553607464594
0 0.21274440630150707 0.545184494497931 0.013960080513963753 0.02765374177115888
0 0.191322903443873 0.5464807636434541 0.03562227441494198 0.04580150980848181
0 0.27363924026759023 0.489444921240439 0.01732975512078255 0.028517921201507618
0 0.25197704636661206 0.4929016389618338 0.020218047640913 0.026789562340810136
0 0.2599198507969707 0.5058643304170646 0.023587722247731834 0.04234479208708706
0 0.23825765689599251 0.5322218030427003 0.02262495807435503 0.02938210063185636
0 0.26256745227375694 0.5339501619033977 0.013478698427275332 0.02765374177115888
0 0.35282659352783285 0.5629001728200796 0.03899194902176085 0.02851792120150755
0 0.3533079756145212 0.5793195819967052 0.012997316340586878 0.03715971550499475
0 0.4098703708004088 0.5784554025663564 0.015404226774029084 0.02851792120150755
0 0.4240711423577167 0.5966031706036796 0.03417812815487665 0.02506120348011265
0 0.3212960668497423 0.8008066413046211 0.028882925201304276 0.03197463892290244
0 0.5268462178656911 0.7247588514339343 0.023106340161043376 0.033702997783599926
0 0.512404755265039 0.695376750802078 0.015404226774028942 0.028517921201507476
0 0.5085536985715318 0.6767968930495806 0.009627641733768115 0.020740306328369228
0 0.5042212597913361 0.6910558536503344 0.01925528346753623 0.019876126898020346
0 0.49435292701422384 0.6616737530184781 0.014922844687340486 0.035431356644297266
0 0.47967077337022745 0.666426739885396 0.009627641733767973 0.0432089715174358
0 0.4847252852804557 0.7057469039662624 0.022624958074355064 0.026789562340810136
0 0.44886231982216956 0.7079073525421343 0.035622274414941944 0.05530748354231776
0 0.474375570416655 0.7152528777000984 0.02118081181428977 0.05962838069406118
0 0.4710058958098362 0.6353162803928423 0.007702113387014506 0.010370153164184402
0 0.4647479286828864 0.6569207661515591 0.016366990947405402 0.03802389493534512
0 0.44862162877882533 0.6629700221640011 0.020699429727601457 0.032838818353251045
0 0.226945177858815 0.5523550550793658 0.026957396854550664 0.027653741771158948
0 0.2683440373140178 0.5428490813455301 0.019255283467536195 0.025925382910461325
0 0.22622310472878232 0.5817371557112222 0.01588560886071736 0.03629553607464608
0 0.21346647943153968 0.5916752191602324 0.01925528346753616 0.035431356644297335
0 0.18987875718380784 0.5946998471664529 0.024069104334420253 0.031110459492553703
0 0.20022847204760852 0.6111192563430784 0.012034552167210109 0.02938210063185636
0 0.21491062569160488 0.6245140375134836 0.024069104334420218 0.023332844619415313
0 0.21442924360491644 0.6461185232722013 0.015404226774028942 0.038888074365692235
0 0.22983347037894522 0.6296991140955758 0.017329755120782907 0.04234479208708701
0 0.1857870094469564 0.6750685341888832 0.03899194902176074 0.05357912468162027
0 0.2211685928185541 0.6888954050744627 0.017329755120782588 0.03629553607464587
0 0.23224038081238738 0.6469827027025501 0.03177121772143469 0.038888074365692166
0 0.24355285984956496 0.6724759958978371 0.02069942972760142 0.03111045949255356
0 0.22887070620556862 0.7126603394090523 0.02792016102792747 0.03370299778359978
0 0.2382576568959925 0.7221663131428881 0.02358772224773176 0.03197463892290244
0 0.2440342419362533 0.7446349783319548 0.031289835634746424 0.05790002183336376
0 0.26425228957716634 0.7338327354525959 0.017811137207470972 0.05012240696022545
0 0.2789344432211627 0.7178454159911447 0.012515934253898528 0.049258227529876845
0 0.2606419239270033 0.6910558536503345 0.024069104334420218 0.025061203480112794
0 0.25366188367002146 0.6266744860893553 0.016848373034094165 0.041480612656738455
0 0.24186802254615553 0.5942677574512785 0.013478698427275332 0.026789562340810064
0 0.2609243877960518 0.5812086492827448 0.01965311990281583 0.04426598437439218
0 0.27026956566077137 0.6007491031788939 0.021180811814289838 0.03802389493534342
0 0.27363924026759023 0.6474147924177245 0.02599463268117386 0.032838818353251184
0 0.28567379243480007 0.6789573416254528 0.024069104334420676 0.047529868669178826
0 0.2989117998187315 0.7109319805483548 0.023587722247731868 0.040616433226389435
0 0.2760461507010323 0.5705028231166889 0.01829251929415939 0.019011947467671746
0 0.2919317595617496 0.5657498362497708 0.012515934253898528 0.016419409176625523
0 0.2875993207815539 0.592539398590581 0.012515934253898457 0.02506120348011265
0 0.29963387294876415 0.592539398590581 0.01732975512078255 0.038888074365692235
0 0.31566668129053493 0.5682852387107112 0.017624154082889486 0.011348604254744743
0 0.3205739937197097 0.5826013351415708 0.02551325059448544 0.019011947467671673
0 0.32129606684974227 0.5968602957423247 0.01155317008052176 0.02333284461941524
0 0.3109463519859416 0.6076625386216836 0.01107178799383334 0.02938210063185636
0 0.3018000923388619 0.6271065758045296 0.02647601476786228 0.03715971550499461
0 0.3018000923388617 0.6573528558667348 0.03225259980812267 0.02506120348011269
0 0.3080580594658112 0.6711797267523142 0.02262495807435499 0.040616433226389574
0 0.3270726518900031 0.6210573197920887 0.012515934253898494 0.035431356644297335
0 0.34127342344731104 0.5951319368816272 0.014922844687340628 0.03370299778359986
0 0.38604195750933273 0.597292385457499 0.014922844687340486 0.019011947467671746
0 0.38435712020592333 0.6128476152037758 0.017329755120782622 0.022468665189066428
0 0.3665459829984523 0.6059341797609862 0.02021804764091293 0.031110459492553772
0 0.3521045203978002 0.6050700003306374 0.017329755120782622 0.025925382910461536
0 0.33501545632036184 0.6344521009624937 0.026476014767862353 0.03456717721394867
0 0.3533079756145213 0.6288349346652271 0.017811137207470934 0.02851792120150755
0 0.3819502097724813 0.6361804598231912 0.014441462600652101 0.02938210063185629
0 0.369674966561927 0.639637177544586 0.011071787993833198 0.03283881835325125
0 0.33910720405721323 0.6586491250122577 0.029845689374681045 0.031110459492553703
0 0.38195020977248134 0.6595133044426064 0.011553170080521653 0.029382100631856218
0 0.370878421778648 0.6634021118791756 0.008664877560391204 0.035431356644297266
0 0.3525859024844886 0.6780931621951037 0.0259946326811739 0.03197463892290244
0 0.32514712354324954 0.7018580965296934 0.026957396854550703 0.020740306328369085
0 0.31864846537295605 0.7092036216876575 0.021662193900978222 0.05098658639057419
0 0.3191298474596445 0.7273513897249805 0.012034552167210144 0.035431356644297266
0 0.3415141144906553 0.7204379542821908 0.015404226774029013 0.04925822752987656
0 0.3203333026763655 0.7442028886167804 0.044287151975333255 0.043208971517435656
0 0.3224995220664632 0.7675357332361955 0.020699429727601585 0.04148061265673813
0 0.4140797424763713 0.6173873286816552 0.01949398532870404 0.029282112929171333
0 0.405924095553138 0.6334567808988834 0.019096148893424356 0.03570989381606246
0 0.42561699909948175 0.6473836394871477 0.007558892270313819 0.04642286196088122
0 0.39856412150046405 0.6559540140030031 0.017106966717025923 0.024996925671244282
0 0.413284069605812 0.6684524768386246 0.017902639587585253 0.038566685321347466
0 0.43755209215787205 0.6227438127540647 0.017106966717025926 0.025711123547565152
0 0.45068069452210124 0.6313141872699197 0.01949398532870404 0.02285433204227992
0 0.43496615532855415 0.648097837363469 0.008752401576152806 0.03213890443445621
0 0.42143971652904527 0.7041623706546872 0.02705287759901779 0.04285187257927504
0 0.3627588423252936 0.7066620632218117 0.023472349681500856 0.030710508681813714
0 0.39438683893002746 0.6902355120664229 0.02546153185789912 0.02785371717652893
0 0.4023435676356209 0.7009484802112417 0.009548074446712107 0.0421376747029538
0 0.39219873853598924 0.6998771833967597 0.009945910881991793 0.039995081073990094
0 0.39955871258866327 0.7241599111916824 0.04376200788076396 0.05427903860041496
0 0.3902095563595909 0.7459429464194804 0.021085331069822785 0.05213644497145126
0 0.37608636290716246 0.7405864623470712 0.01113942018783085 0.06856299612684012
0 0.368129634201569 0.7605840028840664 0.01591345741118686 0.051422247095130394
0 0.37628528112480225 0.7887948189987556 0.050525227280518475 0.056421632229378814
0 0.37867229973648037 0.8098636563502325 0.048138208668840436 0.05999262161098514
