0 0.019055671049860924 0.687849835213453 0.017049810939349246 0.03577117197079161
0 0.008901004240395562 0.6691284839672426 0.016799078425535286 0.01370671075516313
0 0.017676642223884143 0.6607707171980575 0.008775637983488578 0.01704981093934933
0 0.020560066132744678 0.6453924563508012 0.007020510386790861 0.017049810939349257
0 0.02670301272118668 0.6596006321335923 0.011784428149256097 0.016046880884093326
0 0.008524905469674623 0.6565918419678246 0.01002930055255838 0.011366540626232933
0 0.05453432175453619 0.7005536093898722 0.02532398389520991 0.03309669182344265
0 0.06218166342586196 0.6890199137544301 0.023568856298512193 0.029419281620837835
0 0.06218166342586196 0.6816650933492207 0.01855420602223301 0.023401701289302964
0 0.039866469696419556 0.6682926926124761 0.017551275966977163 0.017384120957767805
0 0.04199769606383822 0.6631108873269878 0.007772707928232756 0.01236947068148865
0 0.05654018186504786 0.6438880612679175 0.01228589317688401 0.01337240073674451
0 0.05992507080153632 0.650741416645499 0.015545415856465485 0.011032230607814171
0 0.06168019839823404 0.6482340915073596 0.010530765580186311 0.010697920589395693
0 0.06644411616069927 0.6378704809363824 0.012536625690697968 0.013372400736744368
0 0.0699543713540947 0.6557560669217781 0.010530765580186285 0.018387051013023806
0 0.08788174609179279 0.6708000177506159 0.01529468334265152 0.01303809071832589
0 0.09665738407528139 0.6677912275848483 0.010781498094000277 0.011700850644651553
0 0.10593448708639787 0.6813307833308022 0.021312263674186573 0.02607618143665178
0 0.10568375457258393 0.6970433541964769 0.0198078685913028 0.030087901657675217
0 0.11671598518039815 0.6816650933492207 0.018804938536046957 0.029419281620837977
0 0.12386186182409599 0.6781548381558252 0.013539555745953821 0.022398771234047102
0 0.13326433109211944 0.6865125886162906 0.011784428149256083 0.03242807178660527
0 0.14993804326074778 0.6957061141228025 0.02657764646427971 0.036105481989210236
0 0.09502762273549063 0.6353631557982429 0.006519045359162963 0.010363610570977073
0 0.09715884910290931 0.6437209062587081 0.009277103011116505 0.01236947068148865
0 0.17476056212832977 0.692195858929407 0.02407032132614013 0.03510255193395423
0 0.14517412549828254 0.675814668026895 0.014542485801209643 0.023067391270884342
0 0.18955378044335341 0.6837925207391575 0.01937478515835142 0.03495059283467313
0 0.19981101964483358 0.6784739522643158 0.02165417164756928 0.03647018382748499
0 0.16664594622671436 0.6713318745981002 0.007294036765496976 0.01610766452380588
0 0.1728002897476025 0.6702681609031318 0.011852809743932652 0.01884292831086725
0 0.11182670116102596 0.6369891181605517 0.0052425889252009665 0.010029300552558311
0 0.1175251673840705 0.6333420997778032 0.004330834329513831 0.008205791361184111
0 0.14932260890865898 0.6344058134727715 0.00911754595687123 0.010333218751120653
0 0.15844015486553023 0.6383567886019655 0.010941055148245518 0.009117545956871283
0 0.1739399829922114 0.6385087091533636 0.008205791361184111 0.011852809743932652
0 0.23286212373849188 0.6866797436255001 0.022110048945412793 0.03829369301885933
0 0.2673948290501417 0.6877434573204684 0.01914684650942963 0.03312708364329893
0 0.2790197001451526 0.6831846843420328 0.023705619487865235 0.02157819209792862
0 0.2824387798789793 0.6771063203707852 0.020970355700803866 0.02157819209792848
0 0.23297609306295278 0.6684446517117576 0.009573423254714832 0.02856831066486322
0 0.24243554699320669 0.6764984839736604 0.007977852712262354 0.03555842923179782
0 0.25200897024792146 0.6752828111794109 0.012536625690697958 0.03798977482029699
0 0.2587331603911141 0.6713318745981002 0.011852809743932618 0.02522521048067702
0 0.2588471297155749 0.6534007008829199 0.0056984662230445335 0.011244973346807968
0 0.2677367370235244 0.6617584513433853 0.009345484605792969 0.020058601105116623
0 0.27617046703363035 0.6585673102584804 0.010713116499323725 0.01793117371518008
0 0.27617046703363035 0.6652534958007439 0.00615434352088812 0.01063713694968314
0 0.30682821531360993 0.6842483980370011 0.014132196233150438 0.0376858566217345
0 0.29942020922365203 0.6716357927966625 0.01025723920148014 0.03798977482029699
0 0.25497217268390465 0.6464105823159854 0.005698466223044569 0.02036251930367911
0 0.24425905618458096 0.6561359646699814 0.012536625690697996 0.013068482538182167
0 0.21291749195783602 0.6734593019880367 0.012764564339619753 0.02704871967205122
0 0.3133244668078807 0.6689005290096012 0.00934548460579304 0.020970355700803935
0 0.325519184525196 0.6918463530010603 0.0200586011051168 0.03403883823898582
0 0.33315512926407564 0.6789298295621594 0.018918907860507872 0.028264392466300876
0 0.34079107400295533 0.679233747760722 0.009117545956871283 0.01610766452380588
0 0.30625836869130546 0.6464105823159854 0.00615434352088812 0.009421464155433625
0 0.31332446680788073 0.6488419279044843 0.007066098116575219 0.013676318935306853
0 0.2989643319258085 0.6439792367274861 0.005242588925200984 0.01610766452380588
0 0.3372580249446678 0.6491458461030467 0.007066098116575219 0.017323337318055253
0 0.3446660310346257 0.6456507868195794 0.005470527574122741 0.010941055148245482
0 0.3575445646987063 0.6825768479449078 0.014360134882072302 0.030087901657675074
0 0.3740701167455354 0.6722436291937871 0.009117545956871354 0.02400953768642765
0 0.3882023129786859 0.6818170524485021 0.01869096921158608 0.03829369301885919
0 0.40917266867948965 0.6885032528168743 0.013676318935306924 0.029783983459112734
0 0.33064780412593614 0.6375969545576764 0.008433730010105904 0.014891991729556296
0 0.33759993291805046 0.6386606682526447 0.006382282169809912 0.008509709559746455
0 0.3431844298166341 0.6363812817634269 0.006610220818731634 0.008813627758308868
0 0.3944706258240349 0.6505134779965773 0.004330834329513849 0.01701941911949291
0 0.38056636823980616 0.6535526599822012 0.00615434352088812 0.015195909928118851
0 0.3858089571650072 0.6511213143937021 0.007521975414418733 0.013372400736744368
0 0.41886006125866543 0.6722436291937871 0.016639521371290017 0.03738193842317216
0 0.4223931103169531 0.6619104104426665 0.014132196233150438 0.02948006526055039
0 0.39959924542477493 0.6365332408627081 0.008205791361184182 0.020058601105116692
0 0.35754456469870627 0.6483860506066408 0.0066102208187315626 0.020666437502241522
0 0.42034166247665694 0.6410920138411437 0.005470527574122812 0.016411582722368222
0 0.42660997532200595 0.6385087091533636 0.007521975414418804 0.013676318935306781
0 0.4352716439810337 0.6734593019880367 0.01344838028638513 0.028264392466301018
0 0.44404728196452226 0.688199334618312 0.019602723807273178 0.029176147061988046
0 0.4511133800810975 0.6789298295621594 0.017779214615898837 0.02583304687780199
0 0.47026022659052713 0.6848562344341258 0.01686746002021181 0.02613696507636419
0 0.47755426335602424 0.6755867293779733 0.022793864892178207 0.02522521048067702
0 0.4747050302445019 0.6696603245060069 0.007521975414418733 0.01580374632524368
0 0.44564285250697483 0.6644937151304466 0.006838159467653426 0.014588073530994023
0 0.45225307332570636 0.6664691834211021 0.00820579136118404 0.01489199172955651
0 0.4497457481875668 0.6359254044655833 0.005926404871966256 0.01337240073674444
0 0.4551023064372287 0.6379008727562389 0.005242588925200948 0.013676318935306853
0 0.5053627785244814 0.6555281282728567 0.008661668659027767 0.017931173715180222
0 0.5270184353069856 0.6818431704186909 0.01550279839655076 0.036522419767862996
0 0.326544908445344 0.6568957601663873 0.007977852712262319 0.01762725551661788
0 0.5249427084668625 0.6638858787333218 0.010941055148245482 0.026136965076364333
0 0.5635783094591044 0.681057256952096 0.017551275966977257 0.021578192097928904
0 0.551611530390711 0.6714838336973813 0.010485177850401968 0.02856831066486322
0 0.5339462850992729 0.6644937151304466 0.008433730010105975 0.023097783090740336
0 0.4711491873213221 0.640484177444019 0.005014650276279156 0.013980237133869195
0 0.47867116273574084 0.6388126273519259 0.004558772978435713 0.019754682906554494
0 0.4882445859904557 0.6432194412310804 0.005926404871966256 0.017627255516617736
0 0.4965643466761007 0.6319744678842726 0.004786711627357434 0.012156727942495067
0 0.5083031870955724 0.6330381815792409 0.0072940367654970115 0.013068482538182095
0 0.5220934753553402 0.6379008727562387 0.006610220818731705 0.014284155332431468
0 0.5907030086807964 0.6734593019880367 0.018918907860507872 0.030087901657675217
0 0.5746333339318107 0.6620623695419476 0.015043950828837466 0.027960474267738532
0 0.5121781441272427 0.6746749747822861 0.015043950828837608 0.031303574451924734
0 0.4063006417030753 0.6400283001461754 0.006610220818731705 0.01671550092093064
0 0.4884725246393775 0.6281754904022427 0.006382282169809841 0.009421464155433625
0 0.5388469660510911 0.6295431222957735 0.005014650276279298 0.014588073530994023
0 0.5571960272892944 0.629998999593617 0.005698466223044605 0.014284155332431539
0 0.6050631435628686 0.6748269338815674 0.022565926243256342 0.0395093658131087
0 0.633897382651474 0.6672289789175081 0.022793864892178134 0.026136965076364333
0 0.6343532599493176 0.6763465248743793 0.010029300552558311 0.02613696507636419
0 0.6198791557427844 0.6647976333290092 0.01162487109501086 0.02674480147348902
0 0.6123571803283657 0.6538565781807635 0.0061543435208880485 0.018235091913742566
0 0.5830670639419168 0.6488419279044844 0.017323337318055465 0.025833046877801847
0 0.5709863155490623 0.6280235313029617 0.006838159467653426 0.016411582722368222
0 0.6553236156501214 0.6654054697261338 0.017323337318055534 0.02431345588498985
0 0.6725329836437158 0.665709387924696 0.01162487109501086 0.032823165444736443
0 0.6946430325891287 0.6421557275361122 0.00888960730794949 0.021578192097928762
0 0.6922496767754501 0.6345577725720528 0.00729403676549694 0.014891991729556438
0 0.6803968670315175 0.6499056415994527 0.015043950828837608 0.027960474267738532
0 0.7453593819742249 0.6464105823159854 0.014132196233150438 0.025833046877801847
0 0.7612011180742888 0.6435233594296429 0.01527188947775926 0.027352637870613775
0 0.7729399584937606 0.6394204637490507 0.01322044163746341 0.02400953768642772
0 0.9014973564856453 0.6245284720194944 0.007749914063340668 0.014284155332431681
0 0.8938614117467657 0.6213373309345894 0.00888960730794949 0.01884292831086725
0 0.8849718044388161 0.6211853718353083 0.01071311649932369 0.020970355700803935
0 0.8519207003451578 0.6448909913231735 0.012536625690697889 0.017323337318055323
0 0.8628617554934033 0.6245284720194944 0.014816012179915817 0.01853901011230498
0 0.8293547741019015 0.6511213143937021 0.008889607307949632 0.019450764707992077
0 0.8336856084314153 0.6360773635648647 0.009801361903636376 0.020362519303679178
0 0.8416634611436777 0.6281754904022429 0.010257239201480105 0.017931173715180222
0 0.8116895288104634 0.6462586232167044 0.008661668659027698 0.020058601105116692
0 0.3486321635258646 0.6692044472081635 0.01344838028638513 0.026440883274926535
0 0.028545896697719293 0.6377472333792467 0.006343532599493175 0.011399971628074681
0 0.08260382667600898 0.6386665859298979 0.015720928616135266 0.011032230607814242
0 0.12259566262933552 0.6599955651050053 0.010756424842618876 0.009561266526772272
0 0.10866747148697006 0.6559504138821401 0.011583842138204936 0.013974158769897969
0 0.19168500681077205 0.6351730462374234 0.007722561425469934 0.012135453668595773
0 0.1967874134668862 0.64804398194654 0.008549978721056029 0.012135453668595773
0 0.19995917976663272 0.6449181832743258 0.009377396016642088 0.009561266526772414
0 0.20106240282741417 0.6373794923589863 0.011583842138204936 0.007722561425470076
0 0.43994483758017433 0.6113326349256001 0.010095180520562934 0.016690698460664066
0 0.4674037285961057 0.6110634301117184 0.00928756607891799 0.02045956585500747
0 0.47487416218132233 0.6121402493672451 0.0048456866498702315 0.013998650321847422
0 0.48093127049366 0.6145630926921803 0.007268529974805276 0.011306602183030492
0 0.5009197279243749 0.6134862734366535 0.006864722753982946 0.012383421438557179
0 0.5079863542887689 0.6145630926921802 0.006460915533160261 0.016690698460664066
0 0.5174758239780982 0.6145630926921802 0.010095180520563005 0.015613879205137451
0 0.52736910088825 0.6118710445533634 0.005653301091515317 0.019921156227244483
0 0.539079510292103 0.6132170686227717 0.005653301091515246 0.01615228883290072
0 0.2214382965382033 0.6508874511278596 0.014066094024963149 0.01691608693198191
0 0.23495277903277575 0.6391197384795244 0.007998367190665299 0.016916086931981836
0 0.2676357622084254 0.6411423140909569 0.00661933836468858 0.014341899790158479
0 0.13759334391881523 0.6602648471445016 0.008549978721056029 0.015077381830679429
0 0.8902377733902642 0.6442370023950491 0.012411259433790747 0.016548345911721257
