0 0.2047977148317823 0.5571386997995813 0.09399636960497089 0.11890625797845181
0 0.0254493997231418 0.557566823523029 0.050608100143133425 0.11047327378216912
0 0.9438071157418045 0.5635193070555045 0.07675703460094975 0.09660425123825572
0 0.3041866676480162 0.5588833678002451 0.07914976232192096 0.1005978253931781
0 0.43746581732058054 0.5704218247357536 0.06208487117991728 0.09877024133220996
0 0.9203967524509804 0.545904461231107 0.06750021541819853 0.07674480762357026
0 0.08780336940989775 0.551683074352788 0.07935880025227865 0.09334944182751226
0 0.5265458350088082 0.5679267035590277 0.0791128719554228 0.10506368400224673
0 0.37817140467026655 0.5716858508540134 0.06476063447840073 0.1036367777905433
0 0.5851139442593444 0.5725477829478146 0.05091361251531863 0.08495535258374183
0 0.7230172549977021 0.5516783072278391 0.04849051681219363 0.07940123314950981
0 0.7763121960209866 0.5655750149994894 0.046078790402879904 0.07007194967830882
0 0.6250383264878218 0.5334644392424939 0.056197402056525736 0.06504069808261846
0 0.3598654803107767 0.5523519478592218 0.06543354707605699 0.07536840501174429
0 0.8186508650755414 0.5465824111563187 0.0611979512371725 0.07364178639855648
0 0.6825491512522978 0.5831797680823632 0.09255885703890933 0.07589338714001226
0 0.6570646697399662 0.551483393650429 0.07911538516773897 0.07033252591401144
0 0.5172542946011413 0.5378336987464256 0.04978945863013174 0.0526663188061683
0 0.07472287020379284 0.5278660001270851 0.048670068715114104 0.04886093172968316
0 0.4119778169473485 0.5393177810012302 0.029202041229068224 0.04886093172968333
