0 0.20326884894897698 0.5715991766447142 0.011528680985165851 0.01941672586975294
0 0.21085350749184925 0.5697788585944248 0.012135453668595631 0.018203180502893518
0 0.23557949434161288 0.569172085910995 0.01001174927659143 0.018607695625179943
0 0.24392261873877238 0.5697788585944248 0.007281272201157343 0.01739415025832038
0 0.25044542508564255 0.569172085910995 0.009404976593161614 0.02103478635889907
0 0.25848516314108716 0.5726104644504305 0.009101590251446688 0.017394150258320237
0 0.268648605588536 0.5695766010332816 0.011225294643451029 0.014562544402314827
0 0.2742612529102615 0.563711131760127 0.003640636100578689 0.010921908301735997
0 0.2742612529102615 0.570790146400141 0.007281272201157378 0.01698963513603388
0 0.2806323660862742 0.569981116155568 0.007281272201157449 0.016180604891460747
0 0.29307120609658477 0.5709924039612843 0.009101590251446722 0.017394150258320452
0 0.30308295537317614 0.5677562829829923 0.010921908301736068 0.01901221074746644
0 0.3100608412326186 0.5669472527384192 0.008494817568016977 0.01415802928002833
0 0.33160127149437585 0.5669472527384191 0.004854181467438252 0.018203180502893376
0 0.3350902144240971 0.572205949328144 0.004550795125723397 0.01577608976917439
0 0.3299326466149439 0.577060130795582 0.006977885859442452 0.018203180502893376
0 0.33691053247438646 0.5610817834652646 0.0075846585428722335 0.015371574646887893
0 0.328264021735512 0.5600704956595483 0.008494817568017012 0.01901221074746651
0 0.34904598614298216 0.5651269346881298 0.00576434049258296 0.013753514157741691
0 0.3528383154144183 0.5626998439544107 0.005460954150868034 0.01537157464688775
0 0.3490459861429821 0.5742285249395764 0.01001174927659143 0.019821240992039576
0 0.35663064468585437 0.569172085910995 0.005157567809153107 0.017798665380606805
0 0.3526866222435608 0.55521631419211 0.009404976593161578 0.017394150258320522
0 0.3628500646910097 0.5616885561486944 0.011528680985165851 0.016585120013747387
0 0.3705864164047394 0.5588569502926888 0.004550795125723326 0.016585120013747314
0 0.37589567738475 0.5576434049258292 0.004854181467438252 0.01577608976917425
0 0.3834803359276222 0.5558230868755398 0.004854181467438252 0.015371574646887893
0 0.38696927885734356 0.5618908137098376 0.006977885859442452 0.014562544402314756
0 0.39455393740021577 0.5570366322423993 0.006371113176012671 0.01618060489146096
0 0.40835801594824334 0.558250177609259 0.0066744995177275964 0.016180604891460816
0 0.4223137876671283 0.562902101515554 0.007281272201157378 0.017394150258320452
0 0.43141537791857504 0.5679585405441354 0.010315135618306286 0.016989635136033954
0 0.4356627867025834 0.5548117990698236 0.01152868098516585 0.017394150258320452
0 0.44446099061231537 0.5633066166378404 0.004854181467438323 0.018203180502893445
0 0.4471914676877493 0.5564298595589696 0.005460954150867963 0.016585120013747387
0 0.4517422628134727 0.5724082068892872 0.00849481756801694 0.018607695625179943
0 0.45325919452204716 0.5550140566309668 0.006067726834297816 0.014562544402314756
0 0.4581133759894854 0.5540027688252505 0.0060677268342977445 0.015776089769174318
0 0.4597820008689172 0.5592614654149752 0.006371113176012741 0.01739415025832031
0 0.4670632730700747 0.5527892234583909 0.006977885859442665 0.013348999035455122
0 0.470248829658081 0.5529914810195342 0.0060677268342977445 0.014562544402314827
0 0.4669115798992172 0.567554025421849 0.009708362934876433 0.020225756114326147
0 0.469186977462079 0.5778691610401553 0.007584658542872305 0.02143930148118571
0 0.48830031699011706 0.5734194946950035 0.008798203909731796 0.019821240992039434
0 0.48663169211068513 0.5568343746812562 0.007888044884587159 0.013348999035455193
0 0.4922443394324107 0.554407283947537 0.006371113176012741 0.013348999035455122
0 0.4984637594375658 0.5513734205303882 0.007888044884587159 0.012944483913168625
0 0.4993739184627106 0.5594637229761186 0.006674499517727525 0.017798665380606878
0 0.5045314862718637 0.5515756780915314 0.004854181467438394 0.013348999035455193
0 0.5075262403174495 0.5755273193611329 0.008524905469674523 0.021395841178791102
0 0.5207404654463059 0.563005889580363 0.0039371221177398755 0.015195909928118709
0 0.5173213857124793 0.5674265179230884 0.004973206885566057 0.015195909928118709
0 0.5156636500839572 0.5585852612376375 0.009117545956871283 0.01353817429959669
0 0.5139023059786525 0.556513091701985 0.007667027281914472 0.011604149399654276
0 0.5154564331303919 0.551678029452129 0.005802074699827174 0.010222703042552652
0 0.5219837671676975 0.5529213311735206 0.0068381594676534966 0.012156727942494996
0 0.5243667621336979 0.5529213311735205 0.009117545956871283 0.011604149399654276
0 0.5270605825300464 0.5736430265300462 0.007045376421218777 0.019892827542264513
0 0.5387683404064831 0.5489151367379256 0.008910329003306003 0.010775281585393301
0 0.540529684511788 0.5587234112646601 0.004558772978435499 0.016577356285220474
0 0.5449848490134408 0.5549935007091731 0.005594857746261894 0.01298559575675597
0 0.5439487642456147 0.5634203234874936 0.004351556024870291 0.015472199199539105
0 0.5380430810690048 0.5697749929040983 0.006216508606957731 0.013261885028176507
0 0.541358552326049 0.5790306673227428 0.00787424423547968 0.02016911681368484
0 0.5504760982829201 0.5817935600369463 0.008288678142610237 0.019063959728003396
0 0.5645668511253575 0.5841420188440192 0.007874244235479609 0.023208298799308694
0 0.5581431255648347 0.5587234058733477 0.007045376421218777 0.011604149399654347
0 0.5595936442397914 0.5529213311735205 0.005387640792696544 0.006630942514088147
0 0.5606297290076178 0.5478099796522443 0.00455877297843557 0.009670124499712003
0 0.5577286916577041 0.546014099388012 0.008288678142610308 0.010498992313972905
0 0.5726483123144025 0.5428367727666782 0.004973206885565986 0.01353817429959669
0 0.5727519207911853 0.5635584681232036 0.0051804238391313364 0.01464333138527806
0 0.5694364495341412 0.5735048818943359 0.006838159467653426 0.01851138118516282
0 0.5747204818500552 0.5786162334156123 0.008288678142610237 0.018787670456583142
0 0.5796936887356212 0.569360542823031 0.006630942514088289 0.016853645556640942
0 0.5765854344321424 0.5534739097163612 0.00787424423547968 0.012156727942494996
0 0.5835272023765785 0.5475336903808239 0.0076670272819144005 0.014090752842437411
0 0.5855993719122311 0.5544409221663323 0.007252593374783913 0.010222703042552652
0 0.5896401025067536 0.5583089719662172 0.00621650860695766 0.01464333138527806
0 0.5939916585316238 0.5664595054731173 0.008288678142610237 0.016577356285220547
0 0.5985504315100596 0.5650780591160155 0.005387640792696615 0.013261885028176365
0 0.6011406434296253 0.562729605700255 0.0031082543034788306 0.01574848847095943
0 0.591194229658493 0.5838657295725987 0.010153630724697535 0.018787670456583284
0 0.6043525062098867 0.5758533407014089 0.01284745112104588 0.020997984627945884
0 0.6158530471327583 0.5714327123586834 0.006838159467653426 0.013814463571017156
0 0.6138844860738885 0.56866981964448 0.008703112049740724 0.015472199199539105
0 0.6171999573309326 0.5801358244084242 0.007045376421218706 0.0207216953565257
0 0.607875194420496 0.5501584384593171 0.0029010373499135512 0.008841256685450959
0 0.6100509724329313 0.5547172114377528 0.0051804238391313364 0.01243301721391532
0 0.613988094550671 0.5563749470662748 0.004765989932000849 0.011880438671074672
0 0.6236236828914555 0.5554079346163036 0.005802074699827174 0.012156727942494996
0 0.6300474084519785 0.5710182784515528 0.006630942514088147 0.02127427389936628
0 0.6349170068607619 0.5646636252088851 0.00476598993200092 0.01574848847095943
0 0.6368855679196318 0.5719852909015241 0.007459810328349192 0.020997984627945953
0 0.6328448373251093 0.5852471759297004 0.010568064631828022 0.021550563170786602
0 0.6467283732139815 0.5822079939440766 0.008495895096175446 0.020997984627945884
0 0.6548098344030265 0.5772347870585106 0.006009291653392381 0.020997984627946026
0 0.6588505649975489 0.5733667372586257 0.006216508606957518 0.018787670456583215
0 0.6525304479138085 0.5675646625587986 0.006838159467653355 0.015472199199539105
0 0.6466247647371989 0.5652162037517258 0.0058020746998271025 0.01740622409948145
0 0.6438273358640678 0.5569275256091154 0.006009291653392381 0.01409075284243734
0 0.6428948595730242 0.55250689726639 0.005387640792696544 0.011880438671074672
0 0.6474536325514599 0.5490532813736358 0.004973206885566128 0.012709306485335645
0 0.6597830412885923 0.5620388744347358 0.005594857746261823 0.013814463571017016
0 0.6646526396973761 0.5650780591160155 0.007874244235479751 0.016577356285220404
0 0.6592649989046795 0.5522306079949697 0.007459810328349192 0.011327860128234023
0 0.664134597313463 0.550711017002158 0.0051804238391314076 0.013261885028176507
0 0.6731485347935516 0.5862141883796717 0.009946413771132256 0.02127427389936635
0 0.6781217416791177 0.5787543780513225 0.007045376421218777 0.01740622409948145
0 0.6770856569112915 0.5694986928500535 0.006216508606957661 0.018787670456583142
0 0.6735629687006821 0.5594141290518987 0.00455877297843557 0.014090752842437269
0 0.6713871906882468 0.5523687607176485 0.008910329003306003 0.013261885028176223
0 0.6239345083218033 0.6004430858578192 0.00808146118904503 0.0027628927142033886
0 0.6759459636666826 0.5511254509092883 0.004765989932000991 0.011880438671074672
0 0.6775000908184219 0.5505728723664478 0.004144339071305154 0.006354653242667751
0 0.684441858762858 0.561348153951841 0.005594857746261823 0.01740622409948145
0 0.6872392876359891 0.5563749470662748 0.004973206885565986 0.01519590992811878
0 0.6927305369054682 0.5547172114377529 0.005594857746261965 0.01409075284243734
0 0.6897258910787721 0.5494677152807663 0.004558772978435713 0.010222703042552581
0 0.6856851604842495 0.5486388474665054 0.0039371221177398755 0.009117545956871425
0 0.6816444298897271 0.5523687526306799 0.0062165086069578025 0.013814463571017016
0 0.696667659023208 0.5486388474665053 0.0051804238391314076 0.00967012449971186
0 0.7010192150480785 0.5485007028307952 0.005180423839131265 0.014367042113857665
0 0.7069248982246883 0.5526450419021003 0.004973206885566128 0.008288678142610095
0 0.7104475864352977 0.5681172411016394 0.0058020746998271025 0.017682513370901917
0 0.7124161474941674 0.5652162037517258 0.006009291653392524 0.017958802642322313
0 0.7180110052404295 0.5599667075947393 0.004351556024870433 0.014643331385278131
0 0.7161460526583422 0.5515398848164189 0.006838159467653213 0.011604149399654418
0 0.7113800627263412 0.583175006394048 0.007667027281914472 0.024589745156410457
0 0.7241239053706044 0.5469811118379833 0.004973206885565986 0.011880438671074672
0 0.7261960749062569 0.5533357650806511 0.003729905164174596 0.010775281585393301
0 0.7288898953026055 0.551539887512075 0.004144339071305154 0.010498992313972976
0 0.7215336934510388 0.5672883732873784 0.007252593374783772 0.013814463571017156
0 0.7221553443117347 0.5768203531513801 0.01098249853895851 0.024037166613569666
0 0.724849164708083 0.579997679772714 0.008495895096175446 0.023760877342149413
0 0.7313764987453886 0.5721234355372343 0.0062165086069578025 0.01795880264232203
0 0.7344847530488673 0.5788925226870327 0.008288678142610166 0.02376087734214927
0 0.7360388802006068 0.550849161637868 0.005180423839131265 0.01077528158539323
0 0.7459852939717391 0.5531976204449408 0.006009291653392523 0.012156727942495067
0 0.7436022990057384 0.548362558195085 0.006630942514088076 0.011327860128233952
0 0.7490935482752178 0.5483625581950848 0.006838159467653497 0.009670124499712074
0 0.7491971567520005 0.5563749470662748 0.0058020746998271025 0.01630106701380015
0 0.7617337824426984 0.5482244135593747 0.006009291653392381 0.010498992313972976
0 0.7635987350247856 0.554164632894912 0.0055948577462621085 0.010222703042552581
0 0.766292555421134 0.5501584384593171 0.005180423839131265 0.009393835228291608
0 0.768261116480004 0.5585852612376375 0.004973206885566128 0.01298559575675597
0 0.764842036746177 0.5602429968661595 0.005594857746261965 0.009117545956871283
0 0.7656709045604382 0.5851090312939903 0.007252593374784055 0.02403716661356974
0 0.7638059519783511 0.5772347870585105 0.012640234167480599 0.022655720256467973
0 0.7760317522387011 0.5659069269302766 0.00642372556052294 0.017129934828061123
0 0.7750992759476574 0.5511254509092883 0.004144339071305154 0.01353817429959669
0 0.7775858793904404 0.5471192645606618 0.00455877297843557 0.009946413771132256
0 0.7800724828332235 0.5526450419021002 0.007874244235479609 0.011604149399654276
0 0.7859781660098332 0.5548553560734629 0.006838159467653497 0.011604149399654347
0 0.7839059964741807 0.5701894106372919 0.007252593374783913 0.021274273899366206
0 0.7934379763381824 0.5552697899805935 0.006838159467653355 0.010775281585393301
0 0.7936451932917479 0.5635584681232036 0.0060092916533922396 0.019616538270844187
0 0.7977895323630528 0.5584471166019273 0.0051804238391314076 0.014919620656698527
0 0.7943704526292262 0.5490532813736357 0.0058020746998271025 0.012156727942494996
0 0.7985474453248324 0.5904601379681521 0.00770641562845995 0.02192047112095267
0 0.796064266955662 0.5793857332872541 0.013357787089330487 0.01895207398999034
0 0.7977768037619865 0.5734489390253293 0.011987757644270972 0.014841985654811794
0 0.8028287873406436 0.5622603540849349 0.006678893544665385 0.013471956209752065
0 0.803770682584122 0.5511859605431119 0.007535161947827476 0.01233026500553592
0 0.8111345908513169 0.5486742398938361 0.007192654586562526 0.00913352963373029
0 0.8155871865477604 0.5463908574854034 0.003082566251383838 0.0059367942619247315
0 0.8182416185975633 0.5509576223022686 0.005993878822135628 0.009133529633730219
0 0.8135321423801711 0.5606619975381071 0.00650763986403291 0.013471956209752207
0 0.813874649741436 0.5703663727739454 0.00616513250276796 0.01826705926746051
0 0.8192691406813579 0.5734489390253293 0.008048922989724759 0.021692132880109512
0 0.8051407120291814 0.5865783878738167 0.006165132502767818 0.020093765194206695
0 0.8418746265248405 0.5801849171302055 0.010103967157314174 0.023290500566012257
0 0.8345963450979617 0.5671696374021399 0.006850147225297576 0.015983676859027865
0 0.8363945087446022 0.5613470122606369 0.005651371460870537 0.01210192676469262
0 0.8396483286766186 0.5542685267944958 0.005308864099605728 0.01301527972806575
0 0.8400764628781998 0.5457058427628737 0.005137610418973395 0.007306823706984176
0 0.8352813598204915 0.5481033942917279 0.005822625141503153 0.012101926764692692
0 0.8426452680876864 0.5481033942917278 0.00685014722529786 0.011645250283006092
0 0.8495810421533002 0.5510717914226901 0.01044647451857898 0.01575533861818478
0 0.8516360863208896 0.5478750560508847 0.011131489241108738 0.01210192676469255
0 0.8479541321872921 0.5871492334759248 0.013357787089330487 0.01758204454493075
0 0.8542048915303764 0.587720079078033 0.009418952434784416 0.020093765194206695
0 0.8536911304884791 0.5755039831929188 0.01181650396363878 0.019408750471676797
0 0.8554036672948035 0.5632878873078044 0.00839143035098985 0.016897029822400995
0 0.8607125313944093 0.5546110386113908 0.006336386183400436 0.016440353340714607
0 0.8650795002505363 0.5587211224909394 0.00582262514150301 0.011873588523849392
0 0.8699602301485609 0.557921938647988 0.00496635673834092 0.01255860324637915
0 0.8666207833762283 0.568653835967621 0.007877669309092283 0.018952073989990267
0 0.8743271990046884 0.5713938881742952 0.008562684031622326 0.018495397508303882
0 0.8740703184837396 0.5524418208677498 0.008048922989724759 0.01210192676469255
0 0.8703883643501422 0.5825824686590597 0.01233026500553592 0.02443219177022847
0 0.8822048683137806 0.5667129609204533 0.006507639864032626 0.016897029822400923
0 0.8914525670679325 0.5765315052767135 0.010960235560476263 0.02146379463926614
0 0.8870855982118053 0.5621461961035883 0.005308864099605728 0.014156970932282036
0 0.8857155687667457 0.552670159108593 0.005993878822135486 0.013471956209752136
0 0.8894831497406596 0.5481033942917279 0.003938834654546213 0.007991838429514075
0 0.8914525670679325 0.5503867767001605 0.005480117780238203 0.010275220837946505
0 0.8929082233533083 0.5603194901768421 0.0063363861834002935 0.010503559078789805
0 0.8962476701256411 0.5576936004071448 0.00582262514150301 0.016212015099871236
0 0.904382219955682 0.5527843282290147 0.0063363861834002935 0.01507032389565488
0 0.9155137091967909 0.5826966377794813 0.009076445073519323 0.020093765194206553
0 0.9170549923224829 0.5686538359676211 0.0070214009059301925 0.014841985654811651
0 0.9103760987778173 0.5694530198105724 0.005651371460870536 0.021463794639266
0 0.9112323671809797 0.5568944277032682 0.0066788935446652434 0.01187358852384932
0 0.9180825144062774 0.5555243871191338 0.005308864099605586 0.014613647413968422
0 0.9211650806576615 0.550843453181847 0.004623849377075828 0.011645250283006234
0 0.9238195127074641 0.5471900413283548 0.008220176670357232 0.01255860324637915
0 0.924504527429994 0.5612328431402152 0.007535161947827476 0.014156970932281823
0 0.9304984062521293 0.5612328431402152 0.005822625141503153 0.013243617968908907
0 0.9287858694458051 0.5660279461979236 0.007535161947827476 0.01918041223083357
0 0.9240763932284131 0.585893373151287 0.007363908267195001 0.0228338240843258
0 0.9304127794118133 0.5905743070885737 0.008733937712254659 0.020778779916736524
0 0.9343008607028264 0.549608350879104 0.007161517553720245 0.012662393355853396
0 0.9378037768975811 0.5528258442728045 0.007005832389509124 0.01702157795377005
0 0.9446539241228789 0.5435885245295999 0.007317202717931508 0.01224723291795648
0 0.9483903680639503 0.5472211783611972 0.005760351075818448 0.010379010947420681
0 0.9537615062292404 0.5487780300033103 0.005604665911607185 0.012662393355853325
0 0.955006987542931 0.5516841530685881 0.005604665911607327 0.015153355983234317
0 0.9474562570786824 0.5595722013886278 0.009496795016890047 0.013907874669543858
0 0.9539950339755575 0.5667337209676346 0.0057603510758185905 0.018682219705357425
0 0.9479233125713162 0.5789809518603047 0.010430906002157911 0.020758021894841504
0 0.9553962004534593 0.576593779342398 0.006383091732663786 0.022211083427480603
0 0.965204365798772 0.5902940737929935 0.010119535673735242 0.02719300868224238
0 0.965204365798772 0.5706777431023682 0.010119535673735242 0.020342861456944732
0 0.978748975085156 0.5854159386477056 0.01696968289903282 0.025739947149603495
0 0.9888685107588913 0.582094655144531 0.009496795016889905 0.021588342770635264
0 0.9765693827861976 0.5730649156202748 0.007628573046354177 0.02221108342748053
0 0.972910781427232 0.5646579167528641 0.007472887882143056 0.017021577953769976
0 0.9682402265008925 0.5543826959149175 0.0062274065684525225 0.014738195545337405
0 0.9663720045303567 0.5479477091275168 0.007472887882142771 0.011416912042162863
0 0.9753239014725071 0.5438998948580225 0.0057603510758185905 0.010794171385317526
0 0.9754017440546129 0.5479477091275166 0.0065387768968750495 0.014323035107440702
0 0.9813956228767483 0.5465984377043519 0.005448980747395922 0.013285134012698591
0 0.9838087429220235 0.559572201388628 0.007784258210565582 0.016813997734821628
0 0.9933833805210193 0.5547978563528144 0.00731720271793165 0.014738195545337476
0 0.9973533522084077 0.550646251973846 0.002490962627380924 0.00892594941478187
0 0.997509037372619 0.5595900403136937 0.00498192525476199 0.011381234192031044
