0 0.2844833398883195 0.4458620375378717 0.017739380903852683 0.04152329159716629
0 0.30734743083106286 0.43824067389029053 0.03193088562693486 0.05045868345984758
0 0.31385187049580887 0.461367570476054 0.037844012594885755 0.053612351176087925
0 0.33809569106440746 0.4587395140458536 0.013008879329492018 0.037844012594885755
0 0.4169373839704194 0.4802895767734968 0.0358729702722354 0.05150990603192771
0 0.5001153699862619 0.49342985892449887 0.027988800981634226 0.027331786874084045
0 0.5578669100399157 0.49999999999999983 0.023652507871803508 0.02365250787180365
0 0.6008356326736922 0.46872612848061523 0.0181335893683827 0.015768338581202315
0 0.6138445120031841 0.4666236833364549 0.01497992165214221 0.018922006297442878
0 0.6477464399527691 0.4684633228375952 0.0228640909427434 0.018396395011402687
0 0.6629234658371764 0.5021024451441601 0.05164130885343761 0.025754953015964158
0 0.6936717260705211 0.45216937297035265 0.031142468697874646 0.03416473359260507
0 0.7104255858130483 0.4826548275606774 0.03390192794958523 0.033113511020525156
0 0.8978641705535756 0.48327600453508823 0.03583713313909641 0.015768338581202385
0 0.930475961710149 0.4792144627793197 0.012901367930075743 0.019113137674183493
0 0.937822574003668 0.48399274719787017 0.036195504470487236 0.03249233404611403
0 0.9856651467443615 0.48566514674436134 0.025085993197367457 0.019590966116039325
