0 0.10127976686606237 0.5262779935652486 0.029562742760904683 0.021168383705339196
0 0.12317809483710289 0.5270079378309499 0.019708495173936455 0.025548049299547203
0 0.14233913181176333 0.5229932443695925 0.018613578775384436 0.02335821650244334
0 0.12482046943493091 0.5646000675145695 0.02846782636235268 0.030657659159456684
0 0.1538357539965596 0.5540158756618999 0.01751866237683245 0.03138760342515816
0 0.14808744290416145 0.49963502786714925 0.020255953373212458 0.018978550908235123
0 0.18421968405637826 0.5211683837053391 0.02792036816307661 0.025548049299547272
0 0.19380020254370856 0.562775206850316 0.015328829579728342 0.022628272236742006
0 0.20940276122307488 0.5686147609759269 0.018066120576108416 0.027007937830950013
0 0.22664769450026928 0.5386870460821714 0.019708495173936455 0.022628272236742006
0 0.23759685848578954 0.548176321536289 0.030657659159456757 0.029927714893755352
0 0.2677070594459703 0.49270055734298634 0.01423391318117634 0.021168383705339123
0 0.27564520333547243 0.5354022968865153 0.014781371380452341 0.02189832797104053
0 0.26277993565248614 0.5616802904517642 0.019708495173936455 0.02481810503384594
0 0.27591893243511045 0.5569356527247052 0.008759331188416226 0.016788718111131046
0 0.2789299525311285 0.5682497888430762 0.026825451764524572 0.02335821650244327
0 0.2978172604061509 0.5649650396474201 0.012044080384072302 0.021168383705339123
0 0.302196926000359 0.5525559871304971 0.02189832797104053 0.025548049299547272
0 0.4064877129624395 0.560585374053212 0.019161036974660418 0.025548049299547272
0 0.40676144206207754 0.5354022968865153 0.01642374597828045 0.02189832797104053
0 0.3468147692413541 0.5543808477947506 0.023540702568868567 0.014598885314027114
0 0.34380374914533607 0.5445266002077823 0.019708495173936455 0.015328829579728307
0 0.3610486824225304 0.5503661543333931 0.015876287779004343 0.019708495173936528
0 0.37254530460732665 0.55949045765466 0.01916103697466049 0.02189832797104053
0 0.36296478611999644 0.5343073804879634 0.016423745978280307 0.019708495173936528
0 0.3684393681127566 0.5284678263623526 0.007664414789864225 0.01678871811113112
0 0.3777461575004489 0.5270079378309499 0.008759331188416226 0.022628272236741864
0 0.4139482535260008 0.4794463927949248 0.025052728195815135 0.008475549837390161
0 0.4317095160528846 0.4777014266519327 0.00972195422524166 0.015953976164499152
0 0.4590057721468323 0.4697244385696831 0.012713324756085314 0.01196548212337433
0 0.4805062478372706 0.47446077524351876 0.008600190276175326 0.011466920368233815
0 0.4593796934631878 0.4796956736724951 0.013461167388796227 0.007976988082249576
0 0.4709712542702067 0.48193920157062775 0.010469796857952574 0.011466920368233744
0 0.4619971426776759 0.5056208849398063 0.017200380552350653 0.017948223185061493
0 0.4717190969029176 0.5113543451239231 0.018696065817772407 0.01645253791963974
0 0.48443242165900285 0.5168385244304696 0.015704695286928753 0.02143815547104566
0 0.46480155255034183 0.5412680504323589 0.016826459235995166 0.02742089653273313
0 0.5536078651847608 0.5290532874314142 0.017948223185061493 0.02492808775703004
0 0.5165896548655715 0.5265604786557114 0.02168743634861606 0.017948223185061493
0 0.5165896548655715 0.5106065024912122 0.020939593715905147 0.023930964246748728
0 0.4971457464150882 0.503875918796814 0.020191751083194306 0.010469796857952574
0 0.5205158286873036 0.482936325080909 0.019817829766838813 0.015455414409358638
0 0.5549165897920054 0.48168992069305744 0.02505272819581562 0.015953976164499065
0 0.5809041212787089 0.4796956736724949 0.023183121614038495 0.013959729143936738
0 0.5923087214275499 0.5006352673884003 0.020565672399549796 0.015953976164499225
0 0.6158657643579432 0.4809420780603466 0.029539783992080473 0.013461167388796085
0 0.6379271220229146 0.5253140742678599 0.02654841346123675 0.015455414409358497
0 0.67363660773486 0.5243169507575787 0.016452537919639666 0.024429526001889385
