0 0.007175086981557173 0.6430133807848603 0.009010574348932264 0.019133565284152495
0 0.013682724011341584 0.6394536477087389 0.007341949469500362 0.012014099131909716
0 0.012135453668595642 0.6546248034995849 0.007722561425469955 0.01691608693198191
0 0.02192655833303076 0.6456151485032032 0.006343532599493178 0.016548345911721326
0 0.025649936163168068 0.6529699653204943 0.00772256142546995 0.019490274073805266
0 0.018203180502893462 0.6619796239047944 0.008825784486251376 0.019858015094065564
0 0.02151284968523773 0.668047350739092 0.009929007547032803 0.01581286387120045
0 0.021237043920042373 0.6799989338975575 0.01103223060781422 0.019122533053544687
0 0.034889429297212476 0.6792634518570366 0.012962870964181712 0.030154763661359
0 0.0409571561315103 0.6465345010538543 0.007998367190665321 0.018387051013023667
0 0.050472455030750075 0.6627151059453152 0.009377396016642088 0.02574187141823316
0 0.05460954150868039 0.6382603280979936 0.01268706519898635 0.016548345911721326
0 0.06067726834297821 0.6301700256522633 0.006619338364688536 0.018019309992763084
0 0.06522806346870158 0.6364216229966912 0.005240309538711756 0.012870935709116509
0 0.0725369162463785 0.6318248602434353 0.011032230607814214 0.01323867672937716
0 0.07722561425469955 0.6367893640169516 0.009377396016642097 0.014341899790158479
0 0.07170949895079243 0.6428570908512495 0.0049645037735164 0.014709640810418846
0 0.06702080094247138 0.6465345010538543 0.008274172955860663 0.019122533053544756
0 0.0576434049258293 0.6676796097188316 0.008825784486251376 0.023903166316930822
0 0.06495225770350622 0.6733795955328687 0.009101590251446731 0.025006389377712282
0 0.0681240240032528 0.6809182864482086 0.01213545366859564 0.030522504681619295
0 0.07722561425469955 0.6595893072731012 0.014893511320549183 0.023903166316930822
0 0.08398285550198574 0.645431277993073 0.00854997872105602 0.019122533053544614
0 0.09253283422304179 0.6537054509489336 0.010756424842618859 0.022432202235889064
0 0.1071505397783956 0.6421216088107287 0.007998367190665316 0.016180604891460747
0 0.112115043551912 0.647821594624766 0.010756424842618876 0.020225756114326216
0 0.1145972954386702 0.6592215662528406 0.011308036373009589 0.021696720195368044
0 0.12080292515556572 0.6441441844221611 0.011032230607814206 0.01581286387120045
0 0.12824968081584032 0.6358700114663006 0.0099290075470328 0.015445122850939868
0 0.12204405109894481 0.6765053942050829 0.02123704392004239 0.031993468762661334
0 0.14466012384496396 0.6371571050372123 0.012411259433790995 0.01581286387120045
0 0.1500383362662734 0.6456151485032032 0.008825784486251358 0.015077381830679429
0 0.1567955775135596 0.6417538677904682 0.010756424842618859 0.01618060489146089
0 0.14079884313222898 0.6524183573780218 0.00689514412988391 0.01323867672937709
0 0.14479802672756165 0.6594054367629709 0.008274172955860628 0.022064461215628484
0 0.13776497971508006 0.6643699405364873 0.007998367190665299 0.026845094479014762
0 0.16396652740863885 0.6518667458476312 0.010204813312228183 0.018019309992763227
0 0.1594157322829155 0.6671279981884409 0.007170949895079222 0.017651568972502786
0 0.15596816021797355 0.6799989338975574 0.022340266980823777 0.0257418714182333
0 0.1736197291904763 0.6595893072731012 0.009653201781837489 0.023903166316930822
0 0.1772052041380159 0.6623473649250547 0.009653201781837453 0.02353542529667024
0 0.18327293097231376 0.6325603422839563 0.00634353259949318 0.017651568972502786
0 0.18575518285907194 0.6399151626891658 0.008549978721056029 0.019858015094065706
0 0.18575518285907194 0.6656570341073988 0.019030597798479505 0.029419281620837977
0 0.19499467599311637 0.6406506447296867 0.011583842138204901 0.019858015094065637
0 0.21006597945982455 0.6327609282950074 0.006838159467653426 0.01519590992811878
0 0.21439681378933842 0.6351922738835064 0.007294036765497047 0.015803746325243465
0 0.21622032298071267 0.63564815118135 0.011852809743932618 0.020362519303679036
0 0.22317245177282696 0.6361040284791936 0.007521975414418803 0.015803746325243537
0 0.22647756218219278 0.6351922738835064 0.006838159467653462 0.016411582722368437
0 0.23058045786278492 0.6368638239755995 0.011396932446089105 0.014891991729556363
0 0.22966870326709773 0.6423343515497223 0.008661668659027661 0.018539010112304764
0 0.2200952800123829 0.645373533535346 0.008661668659027698 0.01914684650942952
0 0.20972407148644187 0.6578341796764033 0.01071311649932369 0.016715500920930566
0 0.21109170337997255 0.6652801755411815 0.013448380286385096 0.022489946693615794
0 0.22100703460807003 0.6684713166260866 0.018235091913742493 0.02279386489217799
0 0.22693343948003636 0.6535793248965303 0.008661668659027698 0.017323337318055534
0 0.22237466650160073 0.6816917582635499 0.0200586011051168 0.024921292282114677
0 0.2382164026016646 0.665584093739744 0.009801361903636589 0.029176147061987904
0 0.24186342098441307 0.6512999384073123 0.011168993797167239 0.02127427389936628
0 0.23867227989950812 0.6341285601885381 0.006154343520888084 0.015499828126681124
0 0.24459868477147445 0.6321530918978827 0.008889607307949455 0.01884292831086718
0 0.25314638410604123 0.6348883556849441 0.013220441637463339 0.01701941911949312
0 0.251322874914667 0.6394471286633798 0.009573423254714832 0.02127427389936635
0 0.24699204058515314 0.6750055578951776 0.016411582722368295 0.029176147061988046
0 0.2680763656104179 0.6815397991642687 0.02165417164756928 0.02765655606917619
0 0.27787772751405454 0.662392952654839 0.014816012179915747 0.013676318935306995
0 0.27092559872194016 0.6516038566058746 0.011852809743932652 0.02066643750224159
0 0.2672785803391917 0.639599087762661 0.008205791361184111 0.017931173715180222
0 0.27001384412625307 0.629113909912259 0.008661668659027661 0.016411582722368152
0 0.2760542183226803 0.6297217463093837 0.008889607307949455 0.015195909928118709
0 0.27844757413635896 0.6327609282950074 0.009573423254714832 0.01519590992811878
0 0.28756512009323026 0.6446137380389401 0.006838159467653462 0.023705619487865304
0 0.2921238930716658 0.6341285601885381 0.005470527574122776 0.015499828126681124
0 0.2937194636141183 0.6417265151525976 0.007749914063340597 0.017931173715180222
0 0.2995318991616237 0.6271384416216036 0.00615434352088812 0.01610766452380595
0 0.3043186107889811 0.6351922738835064 0.009801361903636625 0.013372400736744582
0 0.3113847089055564 0.6323050480319421 0.007066098116575291 0.01793117371518015
0 0.29816426726809303 0.6587459342720905 0.012080748392854446 0.02157819209792862
0 0.2954290034810317 0.6630007890519637 0.016183644073446465 0.02765655606917619
0 0.30682593592712076 0.663304707250526 0.013904257584228717 0.030087901657675074
0 0.30739578254942523 0.6490205519180945 0.008661668659027661 0.02400953768642772
0 0.31263837147462614 0.6733340078030844 0.015955705424524673 0.031911410849049415
0 0.32848010757469 0.6374716603727244 0.0061543435208880485 0.017323337318055465
0 0.33075949406390776 0.6275943189194472 0.005242588925201019 0.01154889154537031
0 0.3349763590689607 0.6294178281108214 0.0041028956805921266 0.010333218751120867
0 0.33691383758479587 0.6330648464935699 0.007066098116575219 0.01337240073674451
0 0.34124467191430974 0.6333687646921322 0.007977852712262319 0.015195909928118638
0 0.3466012301639716 0.6269864825223224 0.005470527574122741 0.013980237133869266
0 0.3508180951690245 0.6320011327986016 0.009345484605793075 0.017323337318055465
0 0.34511962894598 0.661481198059152 0.0180071532648207 0.02765655606917619
0 0.3475129847596587 0.6499323065137816 0.005926404871966256 0.01975468290655442
0 0.3549209908496166 0.6383834149684114 0.008433730010105904 0.015499828126681194
0 0.35720037733883436 0.6458294108331896 0.0056984662230445335 0.020058601105116834
0 0.360733426397122 0.6358001102806312 0.005470527574122741 0.015803746325243537
0 0.3658620459978621 0.6336726828906946 0.008433730010105904 0.01458807353099388
0 0.36722967789139277 0.6248590551323858 0.007521975414418733 0.01337240073674451
0 0.3745237146568898 0.6295697872101026 0.008433730010105904 0.015499828126681194
0 0.36722967789139277 0.6544910794922174 0.009801361903636589 0.026440883274926677
0 0.3765751624971858 0.6684713166260866 0.009345484605793075 0.030695738054799904
0 0.38193172074684767 0.6433980652446907 0.008661668659027698 0.016411582722368295
0 0.38671843237420506 0.6485646746202511 0.009117545956871283 0.02492129228211475
0 0.38603461642743975 0.631545255500758 0.010485177850401897 0.01701941911949298
0 0.3936705611663194 0.6753094760937401 0.012536625690697958 0.03099965625336225
0 0.40039475130951196 0.6544910883878826 0.010485177850402039 0.025225210480677163
0 0.40723291077716545 0.663304707250526 0.015043950828837608 0.02704871967205136
0 0.4031300150965733 0.64203043335116 0.009573423254714868 0.01428415533243161
0 0.4072329107771654 0.6347363965856628 0.0045587729784356415 0.012460646141057338
0 0.3992550580649031 0.6248590551323858 0.012308687041776168 0.013980237133869195
0 0.3959499476555372 0.6351922738835065 0.007977852712262319 0.016411582722368295
0 0.4138431315958971 0.6383834149684114 0.0072940367654970115 0.02157819209792862
0 0.4147548861915842 0.6309374191036333 0.006838159467653497 0.012156727942494854
0 0.4182879352498718 0.6271384416216036 0.005242588925200948 0.014891991729556367
0 0.4242143401218381 0.6283541144158531 0.01162487109501086 0.01793117371518015
0 0.4332179167542485 0.6303295827065085 0.005014650276279227 0.017019419119493052
0 0.43378776337655295 0.6269864825223224 0.011168993797167277 0.013372400736744582
0 0.44222149338665884 0.6240992596359798 0.009345484605793075 0.015499828126681194
0 0.4459824810938682 0.6294178281108214 0.010485177850401968 0.018235091913742636
0 0.45190888596583456 0.6259227688273541 0.00729403676549694 0.00881362775830894
0 0.455555904348583 0.6275943189194472 0.00820579136118404 0.01762725551661781
0 0.438916382977293 0.6430941470461283 0.006382282169809841 0.022489946693615794
0 0.4442729412269549 0.6475009609252826 0.00706609811657529 0.020970355700804008
0 0.437890659057145 0.6581380978749658 0.007521975414418733 0.02583304687780199
0 0.429456929047039 0.6608733616620274 0.008889607307949418 0.025225210480677163
0 0.4182879352498718 0.6740938032994905 0.013904257584228646 0.023705619487865304
0 0.46262200246515833 0.6406628014576293 0.0072940367654970115 0.013372400736744582
0 0.4669528367946721 0.6292658690115402 0.0077499140633405265 0.01853901011230498
0 0.46843443801266377 0.6537312839958114 0.009345484605793004 0.02674480147348902
0 0.47675419869830876 0.6462852881310331 0.005926404871966326 0.01975468290655435
0 0.4780078612673785 0.6581380978749658 0.01253662569069796 0.025225210480677305
0 0.48040121708105715 0.670446784916742 0.010029300552558382 0.027352637870613705
0 0.49533119858543395 0.6617851162577143 0.00980136190363666 0.028264392466300876
0 0.5029671433243136 0.6725742123066786 0.01595570542452478 0.014588073530994023
0 0.499662032914948 0.645677448768687 0.007066098116575291 0.021578192097928692
0 0.4968127998034255 0.6385353740676927 0.0072940367654970115 0.015195909928118709
0 0.4908863949314592 0.6394471286633798 0.006382282169809841 0.01701941911949291
0 0.49362165871852054 0.6292658690115401 0.0041028956805920554 0.012460646141057338
0 0.5009156954840175 0.6268345234230412 0.010029300552558382 0.01610766452380595
0 0.4919121188516072 0.6207561594517936 0.005242588925200948 0.01246064614105741
0 0.485757775330719 0.6251629733309482 0.008889607307949418 0.015195909928118851
0 0.47857770788968296 0.6231875050402927 0.010941055148245553 0.015499828126681194
0 0.5103751494142714 0.6265306052244789 0.010257239201480174 0.0075979549640593546
0 0.5092354561696627 0.6286580326144154 0.009345484605793004 0.015499828126681124
0 0.5148199530682461 0.6303295797412868 0.0068381594676535686 0.015195909928118707
0 0.511742781307802 0.6450696153367836 0.008889607307949418 0.025225210480677163
0 0.5194926953711427 0.6560106704850293 0.009345484605793004 0.030695738054799762
0 0.5310035971416927 0.6440059016418154 0.006838159467653355 0.02309778309074062
0 0.5241654376740392 0.6248590551323858 0.010485177850402039 0.01337240073674451
0 0.5310035971416927 0.6259227688273541 0.009117545956871283 0.017323337318055396
0 0.5396778985024627 0.628202155316572 0.009345484605793004 0.016411582722368437
0 0.5422991929650632 0.6330648464935699 0.013676318935306853 0.01519590992811878
0 0.5412734690449151 0.6479568382231262 0.00888960730794949 0.026136965076364264
0 0.5516446775708562 0.6415745560533165 0.008205791361184182 0.02066643750224145
0 0.5522145241931606 0.6602655252649027 0.01436013488207216 0.02704871967205136
0 0.5583688677140488 0.6633047072505263 0.013448380286385059 0.025225210480677163
0 0.5650930578572413 0.6692311121224926 0.012764564339619682 0.027960474267738532
0 0.5694238921867553 0.6470450836274392 0.0072940367654970115 0.02309778309074069
0 0.5637254259637107 0.6417265151525976 0.0072940367654970115 0.014891991729556363
0 0.5722731252982775 0.639599087762661 0.007977852712262248 0.018539010112304907
0 0.5685121375910681 0.6350403147842254 0.008661668659027627 0.015499828126681194
0 0.5607622235277274 0.6282021612470156 0.006838159467653426 0.013980237133869266
0 0.5607622235277275 0.6190846093597007 0.008205791361184111 0.016411582722368295
0 0.5668025977241549 0.6225796686431679 0.008889607307949418 0.013068482538182167
0 0.5739826651651909 0.6222757504446056 0.006382282169809841 0.015499828126681194
0 0.5849237203134363 0.6178689365654512 0.011396932446089138 0.016411582722368295
0 0.5820744872019141 0.6356481511813502 0.0061543435208880485 0.010029300552558311
0 0.5881148613983412 0.6274423598201659 0.0077499140633405265 0.014284155332431681
0 0.5926736343767769 0.6206042003525125 0.005470527574122812 0.009117545956871354
0 0.596776530057369 0.6207561594517937 0.008205791361184182 0.014891991729556438
0 0.5981441619508996 0.6251629733309483 0.010485177850402039 0.01884292831086718
0 0.5825303644997577 0.654187161293655 0.012080748392854375 0.025833046877801847
0 0.5932434809990813 0.6420304333511601 0.01162487109501086 0.02279386489217799
0 0.5930155423501595 0.6698389485196173 0.011168993797167346 0.03282316544473659
0 0.6025889656048744 0.6610253207613084 0.014360134882072231 0.02856831066486322
0 0.6074896465566927 0.6402069241597858 0.009117545956871283 0.020970355700803935
0 0.6068058306099273 0.6280501962172907 0.010485177850402039 0.01853901011230498
0 0.6093131557480669 0.6166532637712017 0.009573423254714797 0.013980237133869337
0 0.6127322354818936 0.6180208956647324 0.007294036765496869 0.010029300552558311
0 0.6151255912955723 0.6199963639553878 0.008889607307949347 0.017627255516617667
0 0.6251548918481308 0.6187806911611383 0.006610220818731634 0.014588073530993952
0 0.6245850452258263 0.6347363965856629 0.008205791361184182 0.01975468290655435
0 0.629029848879801 0.6254668915295106 0.008433730010105975 0.015803746325243465
0 0.6358680083474545 0.6172611001683265 0.00797785271226239 0.01458807353099388
0 0.6356400696985327 0.6320011327986017 0.008889607307949347 0.01671550092093064
0 0.6270923703639659 0.6538832430950926 0.016411582722368222 0.025225210480677163
0 0.6259526771193569 0.6654321346404629 0.010941055148245482 0.027048719672051504
0 0.6476068487669261 0.6567704659814352 0.010941055148245624 0.026136965076364333
0 0.6431620451129514 0.6206042003525125 0.00888960730794956 0.013980237133869266
0 0.6477208180913872 0.6234914232388552 0.01071311649932369 0.014284155332431681
0 0.6576361493194847 0.6165013046719205 0.010485177850402039 0.01489199172955651
0 0.6550148548568842 0.6294178281108214 0.007066098116575148 0.015803746325243537
0 0.6585479039151717 0.631545255500758 0.007749914063340668 0.020666437502241522
0 0.6600295051331632 0.6429421879468471 0.011168993797167275 0.01246064614105741
0 0.6702867443346434 0.6716624577109918 0.01071311649932369 0.03039181985623756
0 0.6786065050202885 0.6592018115699342 0.0068381594676534966 0.029783983459112727
0 0.6830513086742631 0.6557067522864669 0.006610220818731705 0.025225210480677163
0 0.6711984989303307 0.6231875050402926 0.010257239201480245 0.017323337318055465
0 0.6713124682547914 0.6321530918978827 0.010029300552558454 0.015803746325243465
0 0.6749594866375399 0.6411186787554729 0.009117545956871283 0.02036251930367911
0 0.6792903209670539 0.6259227688273541 0.009573423254714726 0.017323337318055465
0 0.6870402350303944 0.6215159549481997 0.008661668659027838 0.01701941911949298
0 0.6937644251735869 0.6203002821539502 0.007521975414418875 0.01337240073674451
0 0.6963857196361875 0.6143738772819839 0.005470527574122883 0.014891991729556296
0 0.7067569281621284 0.6155895500762333 0.007977852712262177 0.014891991729556367
0 0.699918768694475 0.6274423598201659 0.007521975414418875 0.01610766452380581
0 0.699918768694475 0.6362559875784749 0.012992502988541616 0.014284155332431823
0 0.7064150201887458 0.631545255500758 0.005926404871966185 0.013980237133869337
0 0.6908012227376037 0.6516038566058748 0.008433730010105904 0.023705619487865304
0 0.6993489220721705 0.651755815705156 0.010485177850402039 0.027048719672051434
0 0.7117715784384078 0.6464372472303144 0.013904257584228646 0.025529128679239576
0 0.7170141673636087 0.6529714884994056 0.008433730010105904 0.02157819209792862
0 0.7210030937197399 0.6563145886835917 0.011852809743932794 0.028872228863425706
0 0.7146208115499298 0.619388527558263 0.010029300552558311 0.014588073530994094
0 0.7197494311506699 0.6236433823381363 0.0052425889252010905 0.017019419119493052
0 0.7232824802089576 0.6219718322460432 0.005014650276279298 0.01489199172955651
0 0.7276133145384714 0.6172611001683265 0.006838159467653497 0.010333218751120796
0 0.7285250691341585 0.6277462780187283 0.00911754595687114 0.020970355700803866
0 0.7373007071176471 0.6245551369338235 0.007977852712262461 0.01701941911949312
0 0.7295507930543066 0.6471970427267203 0.007521975414418592 0.028872228863425706
0 0.7331978114370551 0.6487166337195324 0.008433730010105762 0.024617374083552263
0 0.7350213206284295 0.665736052839025 0.011168993797167417 0.02765655606917605
0 0.7519405848870323 0.6156862513212304 0.0058020746998271025 0.009670124499711932
0 0.7532874950852065 0.6245275080066814 0.006009291653392381 0.01795880264232217
0 0.7444807745586831 0.6368223805848865 0.011189715492523788 0.019892827542264513
0 0.747589028862162 0.6516038566058748 0.009531979864001698 0.029010373499135725
0 0.7587787443546858 0.6598925347484851 0.006216508606957518 0.029010373499135794
0 0.760954522367121 0.6518801458772951 0.009324762910436562 0.02072169535652563
0 0.7675854648812092 0.6656946094483122 0.01139693244608921 0.035088737470383366
0 0.7689323750793835 0.6576822205771222 0.009946413771132399 0.016853645556640658
0 0.7660313377294697 0.6405522857490611 0.008703112049740867 0.01519590992811878
0 0.7610581308439037 0.620106879663956 0.009117545956871283 0.01574848847095943
0 0.7599184375992948 0.6166532637712017 0.004765989932000849 0.011051570856813625
0 0.7661349462062524 0.6277048346280153 0.005180423839131265 0.019892827542264513
0 0.771004544615036 0.6448347694560763 0.010360847678262815 0.020445406085105304
0 0.7756669260702543 0.6299151487993779 0.00808146118904503 0.019892827542264582
0 0.7777390956059068 0.6265996775423339 0.008495895096175446 0.015472199199539103
0 0.7709009361382533 0.613614081785578 0.004351556024870433 0.013814463571017016
0 0.7803293075254726 0.6138903710569983 0.0058020746998271025 0.014367042113857665
0 0.7853025144110387 0.6187254333068541 0.007874244235479893 0.0118804386710746
0 0.7900685043430394 0.6203831689353763 0.007045376421218777 0.014090752842437269
0 0.7964922299035624 0.6123707800641863 0.0049732068855662705 0.014090752842437411
0 0.7924514993090399 0.6116800568856355 0.0047659899320007075 0.013261885028176294
0 0.7945236688446926 0.6270141114494645 0.00932476291043642 0.01851138118516282
0 0.7849916889806907 0.6426244552847136 0.011396932446089067 0.030391819856237418
0 0.7884107687145174 0.6536760261415273 0.009946413771132256 0.02486603442783064
0 0.7643736021009478 0.5862614439149642 0.006630942514088076 0.009393835228291608
0 0.7694504174632965 0.5825315387507896 0.0031082543034789013 0.009670124499711932
0 0.7800184820951246 0.5879191795434862 0.008081461189044887 0.005525785428406707
0 0.8012582198355633 0.5863995885506743 0.004144339071305154 0.010222703042552723
0 0.8067701908003988 0.6020099323859236 0.007252593374783913 0.013814463571017016
0 0.8121578315930955 0.6094697427142728 0.005180423839131265 0.009946413771132256
0 0.804490804311181 0.6213501813853474 0.010153630724697677 0.018235091913742636
0 0.8105000959645734 0.6239749294638406 0.008081461189044887 0.014090752842437482
0 0.8097748366270952 0.6310203058850594 0.00745981032834905 0.016577356285220404
0 0.8022114178219631 0.6394471286633798 0.008081461189044887 0.02016911681368498
0 0.8105000959645736 0.6423481660132933 0.009739196817566978 0.019892827542264655
0 0.8200320758285753 0.6397234179348001 0.008495895096175446 0.01795880264232217
0 0.8184779486768358 0.6337831985992627 0.007045376421218777 0.013261885028176294
0 0.8120542231163129 0.6605832579270359 0.00911754595687114 0.02983924131339691
0 0.8183743402000532 0.6533997368701069 0.011396932446089067 0.024866034427830783
0 0.8240728064230978 0.6158243959569406 0.0070453764212186345 0.016024777742379825
0 0.8306001404604032 0.6514657119701646 0.007667027281914472 0.0276289271420341
0 0.8467630628384932 0.6585110883913834 0.00808146118904503 0.029562952041976443
0 0.8418934644297097 0.6459399265417578 0.00663094251408822 0.022103141713627324
0 0.8563986511792776 0.662240993555558 0.007874244235479893 0.03204955548475965
0 0.8637548530308442 0.6630698613698189 0.011811366353219768 0.0326021340276003
0 0.8645837208451052 0.6473213728988594 0.011396932446089067 0.022103141713627324
0 0.8673811497182362 0.6398615625705102 0.008703112049740867 0.016577356285220474
0 0.8516326612472767 0.6426244552847138 0.008703112049740582 0.020997984627945953
0 0.8493532747580588 0.6384801162134086 0.008288678142610166 0.018235091913742566
0 0.8489388408509285 0.6299151487993779 0.008288678142610308 0.015472199199539103
0 0.8528759629686682 0.6225934831067389 0.00911754595687114 0.01464333138527806
0 0.8476955391295369 0.6188635779425644 0.005387640792696686 0.011051570856813625
0 0.8358841727763172 0.613752226421288 0.011604149399654347 0.01298559575675604
0 0.8385779931726657 0.6256326650923627 0.00621650860695766 0.01353817429959669
0 0.8780528228268468 0.6458017819060476 0.00973919681756712 0.026247480784932477
0 0.881368294083891 0.6312965951564797 0.007667027281914329 0.020445406085105235
0 0.8874811942140659 0.620106879663956 0.007459810328349335 0.01298559575675604
0 0.8890353213658053 0.6295007148922475 0.007252593374783913 0.015195909928118709
0 0.8931796604371105 0.6265996775423339 0.006838159467653497 0.016577356285220474
0 0.8998106029511987 0.6375131037634374 0.007667027281914472 0.024589745156410457
0 0.8925580095764148 0.6572677866699916 0.01429796979600269 0.03094439839907821
0 0.8964951316941545 0.6542286046843679 0.010568064631828094 0.02210314171362725
0 0.9265415899611165 0.66389872918408 0.014712403703133106 0.03039181985623756
0 0.9248838543325946 0.6528471583272664 0.013054668074611158 0.024313455884989992
0 0.9213611661219852 0.6306058719779288 0.010568064631828094 0.021826852442206928
0 0.9124508371186794 0.6227316277424491 0.008495895096175446 0.014367042113857665
0 0.9145230066543318 0.6130615032427371 0.007252593374783772 0.011604149399654276
0 0.9003286453351117 0.6078120070857507 0.011189715492523788 0.004420628342725408
0 0.8439656339653623 0.6006284860288218 0.008703112049740867 0.007736099599769659
0 0.8475919306527543 0.6093315980785625 0.007252593374784055 0.010775281585393301
0 0.8601285563434523 0.6126470693356068 0.008703112049740582 0.016301067013800078
0 0.8636512445540616 0.6172058423140423 0.0062165086069578025 0.013814463571017087
0 0.8681064090557146 0.6087790195357219 0.004351556024870291 0.010775281585393159
0 0.8692461023003236 0.6203831689353763 0.007459810328349335 0.01574848847095943
0 0.8605429902505827 0.6279811238994356 0.008703112049740867 0.016024777742379825
0 0.8748409600465854 0.6096078873499828 0.006630942514088218 0.01464333138527806
0 0.8807466432231951 0.6027006555644744 0.005594857746261681 0.01243301721391532
0 0.8827152042820652 0.6069831392714896 0.00745981032834905 0.014919620656698527
0 0.8891389298425881 0.6018717877502133 0.007459810328349192 0.011880438671074743
0 0.8821971618981519 0.5938593988790235 0.007667027281914472 0.010222703042552581
0 0.8681064090557146 0.5807356584865573 0.005180423839131549 0.006630942514088289
0 0.8605429902505827 0.5801830799437165 0.005802074699827245 0.007183521056928868
0 0.8591960800524086 0.5843274190150217 0.006009291653392523 0.007183521056928939
0 0.8466594543617105 0.5854325761007031 0.005387640792696686 0.006630942514088289
0 0.8475919306527543 0.582117104843659 0.006838159467653497 0.004420628342725337
0 0.8347444795317085 0.5858470100078337 0.0051804238391314076 0.005802074699827174
0 0.8300820980764902 0.5890243366291675 0.007045376421218777 0.006078363971247498
0 0.8906930569943273 0.5723088357082368 0.002693820396348343 0.010222703042552652
0 0.9028152487778948 0.5718944018011063 0.0058020746998271025 0.009393835228291608
0 0.9068559793724174 0.5763150301438319 0.004765989932000991 0.00718352105692901
0 0.883026029712413 0.5782490550437741 0.001864952582087227 0.005525785428406848
0 0.8832332466659781 0.5803212245794268 0.006423725560522797 0.007459810328349335
0 0.9020899894404164 0.5956552791432557 0.00973919681756712 0.009946413771132256
0 0.8936977028210237 0.5933068203361828 0.009946413771132114 0.008012388871189983
0 0.8939049197745887 0.6000759074859812 0.00745981032834905 0.007183521056928868
0 0.9149374405614625 0.5941356881504438 0.008910329003306145 0.009670124499712003
0 0.9245730289022467 0.6127852139713168 0.013676318935306853 0.009393835228291536
0 0.9320328392305959 0.6232842062852898 0.014090752842437554 0.015472199199539034
0 0.9362807867786835 0.6264615329066237 0.015126837610263663 0.019616538270844117
0 0.9428081208159892 0.6314347397921898 0.008288678142610166 0.017958802642322098
0 0.9609396042529491 0.6279811238994355 0.00932476291043642 0.011051570856813625
0 0.9670525043831242 0.6321254629707407 0.008703112049740724 0.018787670456583142
0 0.9619756890207753 0.6661090433554426 0.010153630724697535 0.03757534091316643
0 0.9582457838566009 0.6536760261415273 0.009324762910436562 0.02597119151351194
0 0.9758592249096475 0.663208006005529 0.013883535888872273 0.030668109127657887
0 0.9844587284826057 0.6667997665339936 0.012433017213915322 0.030115530584817096
0 0.993576274439477 0.6688956796789087 0.01284745112104588 0.03209704270328501
0 0.9946123592073033 0.6546667822007612 0.010775281585393372 0.03347848906038671
0 0.9989639152321738 0.6484502735938036 0.002072169535652648 0.006125851189773073
0 0.9122436201651141 0.6021480770216336 0.009739196817566978 0.010222703042552723
0 0.888310062028327 0.5792160674937453 0.0058020746998271025 0.0063546532426678225
0 0.8091531857663992 0.5858470100078336 0.007874244235479893 0.007459810328349192
0 0.9311003629395523 0.5750717284224403 0.008495895096175446 0.010222703042552581
0 0.9369024376393795 0.5775583318652233 0.004351556024870291 0.00856496741403049
0 0.9526509261103391 0.5774201872295132 0.005594857746261965 0.007736099599769517
0 0.9526509261103391 0.5841892743793115 0.006838159467653355 0.0063546532426678225
0 0.9298570612181605 0.5942738193078734 0.005594857746261823 0.009393835228291536
0 0.9407359512803367 0.610436755164244 0.009946413771132399 0.00967012449971186
0 0.9330689239984222 0.6054635482786778 0.00663094251408836 0.009670124499712074
0 0.9556555719370351 0.6137522264212881 0.012018583306784904 0.011880438671074672
0 0.9753411825257345 0.6107130444356643 0.011189715492523788 0.011880438671074672
0 0.9934726659626943 0.6122326354284762 0.011811366353219768 0.013814463571017087
0 0.9887066760306935 0.5793542121294556 0.006838159467653497 0.008841256685451028
0 0.9923329727180854 0.5836366958364709 0.007045376421218777 0.007459810328349192
0 0.9514076243889474 0.5953789898718354 0.008495895096175304 0.009393835228291679
0 0.9490246294229469 0.6017336431145032 0.010775281585393372 0.004973206885565986
0 0.9218792085058984 0.5745191498795996 0.006216508606957802 0.007459810328349335
0 0.9232111321647625 0.5807634500623924 0.006082365543943098 0.007641946452646309
0 0.9601722025439883 0.5956574477405092 0.008772642611456263 0.004990658907850545
0 0.9976021443528685 0.5953589342072029 0.004795711294262901 0.008760458385607137
0 0.9777759720509772 0.5815432405167441 0.005146616998721072 0.007953862634387007
