0 0.31904447421083126 0.49437942915409977 0.02890579292177339 0.01525583515315823
0 0.3365083907677361 0.49558383719250704 0.022883752729737295 0.030511670306316265
0 0.45694919460845895 0.4955838371925069 0.02288375272973731 0.016058773845429784
0 0.4602613167140788 0.4739044925011768 0.017463916556904806 0.016058773845429784
0 0.5560117557674534 0.4923720824234209 0.017463916556904806 0.04496456676720321
0 0.5701635502187383 0.4694883296936837 0.019270528614515784 0.018467589922244017
0 0.5891329768236523 0.48032800203934867 0.028303588902569884 0.012847019076343785
0 0.589434078833254 0.5004014693461358 0.02649697684495898 0.02569403815268757
0 0.7146925148276057 0.49397795980796394 0.03372342507540239 0.04978219892083203
0 0.16048737111776318 0.5020073467306788 0.017463916556904824 0.017664651229972676
0 0.2243209971533463 0.49518236784637126 0.01987273263371929 0.016861712537701194
0 0.8599875655351596 0.48594857288524906 0.02589477282575544 0.03693517984448832
0 0.9331553538683989 0.5220808140374659 0.06865125818921214 0.03211754769085935
