0 0.006221250800111702 0.6234923538256968 0.012442501600223404 0.03439027574892831
0 0.008238953762310099 0.5949082285278868 0.008407095675826632 0.019204959184466405
0 0.07532757725540662 0.6451537612779444 0.014123920735388732 0.042876187946715875
0 0.019000036227368188 0.5745867019489747 0.009752230983958894 0.008932539155565777
0 0.02690270616264522 0.5745867019489747 0.006053108886595173 0.012505554817792159
0 0.03766378862770331 0.5913352128656605 0.008070811848793573 0.019204959184466405
0 0.0314425378275916 0.5694504919345243 0.007061960367694376 0.012058927860013852
0 0.016477907524620198 0.5560516832011757 0.008070811848793567 0.007592658282230857
0 0.01984074579495085 0.5439927553411619 0.006725676540661305 0.007592658282230857
0 0.014495609173223487 0.5441984271298086 0.004141602620920996 0.004583804984092268
0 0.03451335517434164 0.542135714886967 0.005867270379638079 0.003667043987273857
0 0.038654957795262644 0.5424795002607739 0.007247804586611744 0.0052713757317059875
0 0.037360706976224824 0.5469487101202639 0.007075237810740034 0.0064173269777290185
0 0.04598904576981024 0.5464903296218547 0.009491172672943948 0.004125424485683098
0 0.0515111825977049 0.5384686708996932 0.00603983715550978 0.009167609968184465
0 0.04150230959714582 0.5662006910534514 0.007075237810740043 0.01191789295863984
0 0.05427225101165223 0.5714720667851574 0.008455772017713699 0.012376273457049081
0 0.06497139111569813 0.5427086905099786 0.006730104258996628 0.0034378537380691655
0 0.06436740740014717 0.5375519099028747 0.007247804586611748 0.006875707476138402
0 0.07316831296960428 0.5374373147782725 0.00586727037963807 0.008938419718979915
0 0.07800018269401211 0.5370935294044655 0.005177003276151258 0.009167609968184607
0 0.07963956706479333 0.5406459782671371 0.006730104258996619 0.006646517226933781
0 0.06583422499505667 0.5634504080629961 0.005694703603766378 0.013751414952276733
0 0.06971697745217012 0.5681488081716906 0.007247804586611739 0.01168870270943522
0 0.07661964848703845 0.5680342130470882 0.006557537483124919 0.010084370965003017
0 0.07696478203878185 0.572388827781976 0.005867270379638096 0.013751414952276662
0 0.07730991559052527 0.5854526719866386 0.006902671034868317 0.01375141495227673
0 0.06773245952964546 0.6028711309261892 0.009836306224687359 0.021085502926824314
0 0.08766392214282775 0.5908386428429472 0.006557537483124918 0.01718926869034597
0 0.08524798728062384 0.5698677350407252 0.006902671034868319 0.013751414952276733
0 0.09404889285008096 0.5780039888874889 0.009663739448815677 0.017647649188755138
0 0.10983875284234226 0.5705553057883389 0.011561973983404457 0.014668175949095214
0 0.1146706225667501 0.5957662332008464 0.013977908845608395 0.01925198093318741
0 0.12597374638634698 0.6008084186833479 0.007938071690098579 0.015126556447504458
0 0.12114187666193914 0.6091778401116109 0.01656641048368397 0.019030745348571118
0 0.12830339786061504 0.5800667011303304 0.006039837155509797 0.014897366198299693
0 0.13209986692979264 0.5697531399161229 0.007075237810740074 0.01168870270943529
0 0.13788085392149488 0.5726180180311805 0.005177003276151258 0.013751414952276733
0 0.12179506330118908 0.6487508517215126 0.01426171701419074 0.035230897811618075
0 0.13363228842296743 0.6318930565320825 0.01654359173646128 0.02538139949869276
0 0.1522438291264864 0.609163445040716 0.010981522100926904 0.02007782348404035
0 0.09348555502802042 0.5431528650012057 0.005562069635534419 0.00738712373469404
0 0.08934965709390508 0.5411640239957112 0.004421132274399131 0.006440056589220546
0 0.09804930447256145 0.5356710345519643 0.008699647378656366 0.009091844596546678
0 0.09640920701592952 0.5356710345519643 0.00741609284737919 0.007955364021978256
0 0.1073907291168564 0.5411640239957112 0.007130858507095361 0.008334190880167753
0 0.10724811194671449 0.5392698897047639 0.00741609284737919 0.0034094417237050577
0 0.11195447856139744 0.544762879148511 0.006275155486243928 0.009091844596546536
0 0.11658953659100944 0.5345345539773959 0.006703006996669654 0.008713017738357252
0 0.12314992641753719 0.5339663136901117 0.0049916009549668 0.009470671454736034
0 0.1283554531277168 0.5477934940140264 0.00998320190993354 0.010985978887493886
0 0.12742844152179442 0.5449522925776056 0.0075587100175210685 0.008334190880167753
0 0.12985293341420684 0.5391751829902166 0.005562069635534393 0.005871816301936477
0 0.1312791051156259 0.544289345575774 0.0064177726563858254 0.007008296876504687
0 0.13634201465566365 0.5476040805849317 0.009697967569649713 0.00719771030559933
0 0.14191185269453035 0.5446098968522848 0.008143429700063862 0.009961637893786844
0 0.13784013784449844 0.5419060237096854 0.004928917976354441 0.0065462191873456275
0 0.13778656264910327 0.5461752970927372 0.006536173838209134 0.009107783217176646
0 0.14646574430311868 0.5379925231085549 0.004393166022402859 0.00868085587887144
0 0.1525197413827714 0.5372098229883288 0.006000421884257587 0.004269273383051484
0 0.16259187811706088 0.5446810514086691 0.008143429700063844 0.0075423829767245106
0 0.1554128019341099 0.5833179755252857 0.007071925792160698 0.01878480288542683
0 0.16537778827760907 0.5637504725196326 0.011143640642192611 0.013803983938533406
0 0.1759856769658501 0.5717909373910465 0.0057861211026769156 0.01593862063005908
0 0.17089603340331025 0.5496618703555626 0.005678970711886642 0.006973146525650975
0 0.16612784101314126 0.531375149364825 0.00664332422899948 0.008823164991639982
0 0.1754499250118986 0.5306636038009831 0.005571820321096333 0.007115455638419235
0 0.176628579310592 0.5449656696342058 0.00835773048164448 0.007257764751187565
0 0.17111033418489086 0.5415502509277645 0.005678970711886642 0.004126964270283224
0 0.17898588790797892 0.5395579233490071 0.00514321875793506 0.003842346044746421
0 0.17946806466653534 0.5347194135148821 0.004821767585564097 0.004126964270283224
0 0.18482558420605102 0.5340790225074243 0.0039645644592415505 0.006830837412882502
0 0.1889508742514781 0.5665966547750004 0.007286226573741316 0.013234747487459871
0 0.19275471312453424 0.5630389269557908 0.004821767585564132 0.013519365712996674
0 0.18503988498763163 0.5510138069268622 0.009536384780337954 0.009107783217176646
0 0.18562921213697836 0.5491637884608731 0.007071925792160698 0.006546219187345699
0 0.20379120337593654 0.5374232866574813 0.0065361738382091516 0.004980818946893493
0 0.21027380201875054 0.5464599153182739 0.006214722665838188 0.00853854676610311
0 0.19350476586006643 0.5768429108943242 0.006321873056628533 0.01408860216407021
0 0.1985944094226064 0.5851679939912746 0.008143429700063827 0.017646329983279686
0 0.21257753542074223 0.5917853677350047 0.006964775401370389 0.01693478441943782
0 0.1713246349664715 0.6204606539578343 0.009107783217176646 0.02276945804294165
0 0.1916832092166311 0.6341934833399835 0.0127508965040473 0.038565769560232645
0 0.19870950905987791 0.5273608834807901 0.004563749444541045 0.008334190880167753
0 0.21133112861743672 0.5268873499080533 0.005562069635534428 0.0073871237346941855
0 0.2344351101804257 0.5258455760480324 0.005276835295250599 0.01022832517111489
0 0.22416667393020842 0.5360739012191473 0.0032801949132638696 0.0037882685818944137
0 0.23229585262829716 0.5410933570901574 0.004991600954966735 0.006250643160125762
0 0.2303705208313814 0.5463022263902623 0.004563749444541045 0.0053035760146521935
0 0.240211105571173 0.5457339861029782 0.006560389826527739 0.00871301773835711
0 0.2491959872901132 0.5402409966592312 0.003993280763973424 0.0068188834474101154
0 0.2522622564481642 0.5453551592447887 0.008414413038372537 0.0071977103055994715
0 0.22680509157783368 0.5600346999996295 0.005134218125108667 0.013069526607535806
0 0.2493386044602551 0.553310523266767 0.010268436250217334 0.005682402872841692
0 0.24185120302780494 0.5673271170197765 0.008984881718940173 0.010607152029304378
0 0.24869682719461658 0.5686530110234393 0.005562069635534393 0.013637766894819946
0 0.23728745358326392 0.5768924951890597 0.008129178698088744 0.01231187289115688
0 0.23336548140436147 0.5814384174873329 0.006275155486243945 0.015342487756672398
0 0.24270690604865636 0.6232987853172663 0.00955535039950778 0.020267236913135207
0 0.24998038172589365 0.6089980714206151 0.008699647378656354 0.02197195777498795
0 0.25461543975550555 0.6308753224810552 0.011409373611352738 0.030874388942439435
0 0.26801901702337266 0.5299727023005139 0.0065207976363752 0.006522055506289561
0 0.2760291326384262 0.5300796212432399 0.0038641763771112636 0.006735893391741712
0 0.2707158901198982 0.5263374582478277 0.005635257216620566 0.008018920704454544
0 0.2710379048179909 0.5243594578073956 0.003542161679018605 0.008125839647180513
0 0.30967966858910323 0.6241789825732996 0.014007639367028268 0.028782579055564455
0 0.3038834040234366 0.6202657494326731 0.0088554041975464 0.022239140087020538
0 0.2886777089721548 0.5881510946602284 0.007821978527692659 0.016080929742827477
0 0.3295020078632642 0.596049250418875 0.00675047461978977 0.017646329983279897
0 0.3300377598172157 0.6077897522222667 0.00675047461978977 0.01892711199819516
0 0.29623181152287176 0.5806087116835051 0.007071925792160698 0.015227075066217352
0 0.3370561104139813 0.5886491765549189 0.008572031263225028 0.01906942111096356
0 0.2801056777089295 0.5721413194737863 0.008036279309273517 0.013661674825765004
0 0.2757125116865266 0.564670091053446 0.007393376964531734 0.0126655110363862
0 0.279248474582607 0.556131544287343 0.008036279309273517 0.011242419908702317
0 0.2844452685359372 0.5557046169490377 0.004500316413193133 0.00953471055548178
0 0.28642755076555804 0.56168159968531 0.00760767774611228 0.010957801683165656
0 0.2978926425801215 0.5724970922557072 0.005464669930305906 0.012380892810849668
0 0.30892913283152396 0.5649547092789828 0.009750685561918538 0.014373220389606872
0 0.3034644629012179 0.5711451556844076 0.004821767585564097 0.010246256119323718
0 0.30303586133805666 0.5599027357757052 0.004821767585564061 0.010815492570397324
0 0.2935530517531138 0.5270293307262081 0.0030002109421286382 0.007115455638419303
0 0.295642484373525 0.5241831484708404 0.00332166211449973 0.010246256119323718
0 0.29987492480974237 0.5268870216134398 0.006643324228999461 0.005976982736272163
0 0.31069711427956404 0.5427544876871147 0.009857835952708846 0.004126964270283082
0 0.308982708026919 0.5505103343329918 0.004286015631612475 0.00939240144271352
0 0.32055495023227293 0.5586219537607896 0.0051432187579350955 0.012807820149154736
0 0.32034064945069235 0.5552065350543484 0.006857625010580115 0.009107783217176788
0 0.31069711427956404 0.5324370770114067 0.006429023447418807 0.006261600961808967
0 0.3121972197506285 0.5233292937942301 0.004500316413193168 0.010815492570397182
0 0.32264438285268404 0.5236139120197669 0.00739337696453159 0.009677019668250181
0 0.319537021519765 0.538414059747679 0.005678970711886606 0.008538546766103182
0 0.33293082036855426 0.5347140228157009 0.005893271493467225 0.00853854676610304
0 0.322965834025055 0.5308005222145703 0.003107361332919112 0.005834673623503761
0 0.32564459379481264 0.5625354543619203 0.005464669930306127 0.010957801683165725
0 0.33951569892984984 0.5579362825810873 0.004091196739266536 0.011384729021470932
0 0.3412690689609641 0.5696444414043044 0.006039385662726744 0.013325307831948834
0 0.34589601765418215 0.5532142074755902 0.0094487162787821 0.010996613259375313
0 0.3457986082080092 0.5496564796563812 0.004773062862477531 0.010091009814485545
0 0.34511674208479803 0.5397595277229434 0.00691607067828393 0.003751785700257457
0 0.3351809785751509 0.529927261749855 0.005747157324207777 0.005304248748639892
0 0.3437530098383759 0.5235233516752777 0.006721251785937881 0.007762315241912034
0 0.35471157253283975 0.5230705499528328 0.006623842339764891 0.0076329433212133325
0 0.3678618477661965 0.5290863442653146 0.005844566770380695 0.008021059083309013
0 0.3701022650281757 0.5215180869044503 0.006039385662726815 0.008409174845404621
0 0.35149706080913035 0.630319872211916 0.013052865787183662 0.0322136082539344
0 0.36503697382717903 0.6090381912570075 0.007597936801494925 0.01966453194617692
0 0.3637219463038434 0.5559310178102599 0.0051627006471697 0.010737869417978274
0 0.36956651307422417 0.5748193182322457 0.0055523384318617985 0.012549076307757473
0 0.37550848929077796 0.5704853588888449 0.00711088957062998 0.011125985180073811
0 0.376385174306335 0.5767598970427237 0.0051627006471697 0.012807820149154594
0 0.3724887964594146 0.5823875755931098 0.00496788175482358 0.012678448228456034
0 0.38339865443079196 0.5642755066953155 0.0071108895706299795 0.012678448228456176
0 0.37326807202879864 0.591896411764452 0.005941976216553826 0.016171490087316585
0 0.3815965796765912 0.6015346198564927 0.011299495756069432 0.015265886642426807
0 0.4091634529435537 0.606968240525831 0.0062342045550728645 0.01966453194617685
0 0.4137904016367716 0.6138249523228526 0.0076953462476676004 0.022251970360147446
0 0.4248950785004953 0.625921226908166 0.014319188587432877 0.03712974124047875
0 0.44276971187324304 0.6072916703275774 0.0077927556938409736 0.021605110756654822
0 0.39021731566290285 0.5558663318499107 0.004188606185439525 0.009314778290294328
0 0.39757172884896547 0.5757249216771346 0.005844566770380777 0.01617149008731604
0 0.3874898511700585 0.5398242136832928 0.006136795108899804 0.008021059083309084
0 0.3900224967705569 0.5273398233358845 0.0036041495084014486 0.004786761065845652
0 0.39528260686389954 0.5253345585650573 0.003019692831363372 0.007244827559117794
0 0.39966603194168515 0.5301213196309029 0.005747157324207777 0.008021059083308942
0 0.4014194019727993 0.5288922863842669 0.003993787293093476 0.006597967955625208
0 0.4048287325888547 0.5239114674373734 0.005552338431861727 0.005951108352132408
0 0.40994272851293784 0.5343259070536053 0.006234204555072793 0.0076329433212133325
0 0.4093582718358998 0.5554782160878152 0.007403117909148946 0.010091009814485474
0 0.41349817329825284 0.5587125141052784 0.003993787293093547 0.010867241338676692
0 0.41452097248306946 0.5704206729284956 0.004870472308650591 0.015395258563125297
0 0.4247002596081493 0.5654398539816021 0.006916070678283859 0.012937192069853226
0 0.43093446416322206 0.5763070953202789 0.0051627006471697 0.013713423594044372
0 0.4275251335471666 0.5602649771536609 0.004967881754823651 0.01112598518007367
0 0.43098316888630855 0.556383819532705 0.00526011009334269 0.011384729021470719
0 0.4211448148228343 0.5356843122209398 0.0037015589545745797 0.008021059083308942
0 0.42377486986950563 0.5285041706221714 0.002727464492844405 0.006339224114228088
0 0.42747642882408016 0.5382070646745611 0.006234204555072722 0.00866791868680167
0 0.4487022131074234 0.5932230908154692 0.009075638099939502 0.018596954856572517
0 0.4538882920216744 0.5744539419324473 0.006223294697101309 0.014808686274678138
0 0.44850773514813885 0.5642944943719114 0.006093642724244866 0.013086746010180658
0 0.4719747422351254 0.6041574114950287 0.007908770344232962 0.01739159667142438
0 0.4336319127586198 0.5355628800424863 0.006440293961852106 0.007270488105372124
0 0.43926716997524035 0.5319810954611631 0.005474249867574201 0.006735893391741783
0 0.4479615668237406 0.5332641227738759 0.0032201469809260176 0.006522055506289632
0 0.44538544923899975 0.5409088271787892 0.005957271914713227 0.008553515418084747
0 0.45379808322666904 0.5407484487647001 0.006037775589236389 0.009943461673523543
0 0.45271128362060653 0.5289873650648336 0.004991227820435285 0.0069497312771940045
0 0.4563742008114099 0.5219841743162768 0.004749716796865826 0.008125839647180513
0 0.4633377686576624 0.5286131487652924 0.00450820577329651 0.007056650219919902
0 0.4660748935914495 0.5358301773993014 0.005313242518528014 0.007805082819002393
0 0.466879930336681 0.5320880144038892 0.00450820577329651 0.006949731277193933
0 0.4713881361099775 0.5337452580161433 0.005313242518527943 0.009195029074441124
0 0.4468345153804165 0.5501038562532304 0.007728352754222456 0.008981191188988973
0 0.45371757955214603 0.556679371230883 0.00442770209877323 0.01293719206985322
0 0.45999686616495167 0.5606353721117472 0.00587676824019006 0.011654164757140394
0 0.46808748545452844 0.5575347227726914 0.005474249867574191 0.011226488986236372
0 0.47529256432435046 0.5485535315837025 0.0039446800516346504 0.010371137444427843
0 0.4788347260033692 0.5571605064731503 0.006359790287328551 0.011761083699866509
0 0.4760573492323202 0.5219307148449137 0.005313242518527943 0.006735893391741783
0 0.4717101508080701 0.5238552558139827 0.005474249867574201 0.005025190308124863
0 0.4819743693097718 0.5232672016289894 0.005554753542097402 0.004062919823590221
0 0.4926411061840893 0.520701147003564 0.005957271914713118 0.007698163876276354
0 0.4792774962132462 0.5307515276198136 0.004508205773296367 0.007484325990824275
0 0.4820548729842949 0.5316068791616221 0.002978635957356559 0.006628974449015814
0 0.4883744114343623 0.5311257439193549 0.0027371249337871007 0.006308217620837411
0 0.48318192442761904 0.5345471500865887 0.0033006506554492886 0.005666703964481172
0 0.48599955303592984 0.5609561289399259 0.007003819683513404 0.011440326871688375
0 0.4924398469977815 0.5731983478820593 0.007969863777792057 0.013899462554387796
0 0.4973505711436937 0.5829814311414938 0.006037775589236389 0.014006381497113694
0 0.49718956379464735 0.5928179738722913 0.0078088564287456565 0.02042151806067736
0 0.5069707602492103 0.6051671117571513 0.009499433593732067 0.02159762643066406
0 0.5359520830775446 0.590358838189592 0.005957271914713685 0.017213949778895586
0 0.5243193021089491 0.5681731575739345 0.005232738844004885 0.013257948898031344
0 0.5339394912144657 0.5702580769570926 0.0051522351694816134 0.013151029955305305
0 0.5335369728418499 0.5775820245338277 0.0054742498675742724 0.015182489867100343
0 0.49513039955787724 0.55663651529103 0.007784239602652063 0.010515168747438953
0 0.49809107188538176 0.5469607927881346 0.00798383548989925 0.009543178359020316
0 0.4965275707686098 0.5329552949186467 0.006320536429503604 0.00786428586993324
0 0.5009186802880543 0.5309229513792255 0.003393130083207083 0.007334109294432238
0 0.5034136288786479 0.5298184168469317 0.002661278496632988 0.006185393380846449
0 0.5048773320517961 0.5233237537970428 0.0045241734442763 0.004153049841425371
0 0.5099337611953988 0.5269024456816754 0.004391109519444378 0.007775923107349735
0 0.5071061527927263 0.5533670930754397 0.004324577557028775 0.011222070848107108
0 0.5119629860490814 0.5459888023997158 0.005122961106018986 0.010603531510022452
0 0.5140587428651802 0.5321600300553949 0.00638706839191954 0.006450481668597092
0 0.5141918067900119 0.5266815387752166 0.006786260166414308 0.0037995987910915117
0 0.5179175966852982 0.5217774054518313 0.005721748767761099 0.005655216805345162
0 0.5206121411631393 0.5381686979110742 0.0075181117529884035 0.009101364546102601
0 0.5247038568517125 0.5299951423720985 0.005987876617424562 0.007422472057015739
0 0.5267996136678111 0.5235888420847933 0.004856833256355486 0.003622873265924369
0 0.5279306570288802 0.5376385213355731 0.0064536003543351934 0.007687560344766169
0 0.5351493749509975 0.5484187783707626 0.006653196241582648 0.009101364546102672
0 0.5356150986879082 0.5209379592072877 0.00532255699326619 0.0062737561434299495
0 0.5424346248355306 0.5237655676099604 0.004856833256355273 0.0060970306182629485
0 0.5462269466932327 0.5226610330776664 0.005788280730176894 0.005301765755011161
0 0.5513499077992513 0.5263722691061743 0.005389088955682055 0.006185393380846449
0 0.5477239158475887 0.5274326222571765 0.005056429143602798 0.007069021006681524
0 0.5510172479871721 0.5324251183431454 0.005389088955681913 0.007157383769265096
0 0.5479567777160441 0.5316298534798937 0.003393130083207154 0.008217736920267456
0 0.554576707976419 0.532866932156063 0.00465723736910796 0.006097030618262877
0 0.5506180562126771 0.5189497970491579 0.0035261940080393004 0.007245746531848588
0 0.5528468769536066 0.6032036911725451 0.0065201323167510495 0.01899799395545687
0 0.5598327330072692 0.5803177356634123 0.007451579790572515 0.016170385552784244
0 0.5626270754287341 0.5717023663115203 0.0089152829637208 0.01519839516436548
0 0.574569562682375 0.5822617164402509 0.011243901648274815 0.0181143663296217
0 0.5815886847172448 0.5696258413908075 0.006120940542256008 0.01422640477594669
0 0.5940634276702124 0.5914956251302288 0.006719728203998585 0.019969984343875636
0 0.5625938094475262 0.5527043723560634 0.006586664279166854 0.01148715913585761
0 0.5514829717240832 0.55646862590729 0.00459070540669202 0.011946645231630764
0 0.55424404816434 0.549832582572099 0.00745157979057268 0.006097030618262806
0 0.5571049225482206 0.5468282486442595 0.005721748767761238 0.006627207193764252
0 0.5535787285401815 0.521070503351163 0.00465723736910796 0.003181059453006725
0 0.5591008814206953 0.519965968818869 0.00558868484292951 0.007334109294432096
0 0.5597662010448535 0.5170941790349046 0.004790301293939549 0.004771589179510158
0 0.572307475960237 0.516652365221987 0.003526194008038743 0.00636211890601345
0 0.5758669359494837 0.5167407279845705 0.004524173444276159 0.00636211890601345
0 0.5611966382367938 0.5324692997244371 0.006320536429503604 0.006538844431180521
0 0.5682157602716635 0.5297742354656397 0.00452417344427623 0.00503667746726066
0 0.5744364987575433 0.5280069802139693 0.005256025030850324 0.005920305093095876
0 0.5759999998743153 0.529553328559181 0.005721748767761099 0.006715569956347451
0 0.5652550879441592 0.516652365221987 0.002993938308712032 0.004241412604009014
0 0.5640242466394665 0.5189056156678667 0.0034596620456229486 0.004859951942093516
0 0.5878759551655405 0.526062999437132 0.004191513632197044 0.004683226416926516
0 0.5864455179736002 0.5444424540545041 0.006653196241582647 0.007334109294432096
0 0.5922670646849851 0.5470049741694263 0.008050367452315186 0.009278090071269602
0 0.5851481447064917 0.5512463867734352 0.006985856053661905 0.010691894272605964
0 0.5982216753212016 0.5495674942843484 0.004124981669781249 0.010515168747438963
0 0.5930987142151829 0.5399801345440364 0.0069193240912460395 0.008482825208017956
0 0.5978890155091225 0.5399359531627447 0.007451579790572609 0.008571187970601458
0 0.5879424871279564 0.5378594282420319 0.0036592579328704744 0.004418138129176015
0 0.5891400624514412 0.5283604312643034 0.004856833256355415 0.005566854042761662
0 0.6025795188594383 0.5360479916090698 0.007784239602651866 0.009101364546102601
0 0.6082347356647837 0.5409521249324551 0.004590705406692024 0.009719903884187246
0 0.6087337253829024 0.5469166114068428 0.004124981669781249 0.010868619797773107
0 0.6128587070526836 0.543735551953836 0.00771770764023593 0.010691894272606035
0 0.5855140704997787 0.521070503351163 0.0033265981207914307 0.005301765755011374
0 0.586112858161521 0.5167407279845705 0.003459662045623091 0.005655216805345447
0 0.5898719140380153 0.5158571003587353 0.003925385782533724 0.005301765755011161
0 0.593032182252767 0.516652365221987 0.00465723736910796 0.007422472057015739
0 0.5955271308433606 0.5167407279845705 0.004324577557028775 0.006008667855679448
0 0.6004172300809238 0.5168732721284458 0.004790301293939478 0.004859951942093516
0 0.6030119766151412 0.51572455621486 0.004124981669781249 0.005036677467260517
0 0.6048083396003685 0.5192590667182009 0.003858853820118 0.004329775366592514
0 0.5998184424191814 0.5206728709195372 0.00518949306843453 0.006097030618263091
0 0.5975230897158355 0.5267257201565083 0.005921344655008696 0.004418138129175944
0 0.6031117745587649 0.5262839063435907 0.003127002233543905 0.0067155699563476645
0 0.6040099560513785 0.5248701021422544 0.0030604702711279686 0.006362118906013521
0 0.6112952059359117 0.5255328228616308 0.0035261940080388143 0.005743579567928805
0 0.6132911648083865 0.5298625982282232 0.005655216805345304 0.007157383769265166
0 0.6182477960083657 0.5310554955231008 0.004923365218771138 0.005831942330512377
0 0.6230048313210973 0.5295975099404727 0.0037923218577022057 0.005743579567928805
0 0.6104968223869217 0.5198776060562855 0.004324577557028846 0.005213402992427802
0 0.6141228143385843 0.5176243556104057 0.0029274063462963085 0.004418138129176015
0 0.6170502206848807 0.5181545321859068 0.004124981669781249 0.004241412604008943
0 0.6174826784405836 0.52124722887633 0.0043245775570289165 0.00512504022984416
0 0.6121601214473175 0.5648984335925892 0.004856833256355344 0.011840610186191682
0 0.6222729797345231 0.5672400468010519 0.007385047828156508 0.014049679250779596
0 0.6168838907788413 0.5719232732179783 0.005256025030850733 0.014403130301113669
0 0.6172830825533361 0.5855753200371329 0.006719728203998585 0.016965650416035913
0 0.6351469144619857 0.5804944611885798 0.005854812692593049 0.014403130301113752
0 0.6170502206848806 0.5363130798968203 0.0061209405422560795 0.004683226416926658
0 0.6132578988271784 0.5371083447600721 0.006919324091246111 0.004329775366592514
0 0.6224393096405627 0.5378594282420319 0.0061209405422560795 0.009189727308686174
0 0.6185139238580288 0.5528369164999387 0.004124981669781249 0.009984992171937677
0 0.6335834133452135 0.5445308168170877 0.003925385782533866 0.00892463902093553
0 0.6365108196915101 0.5459446210184241 0.003925385782533866 0.010338443222271962
0 0.6400370136995488 0.542454291896375 0.008449559226810024 0.009719903884187175
0 0.6283939202767792 0.5227935772215416 0.004723769331523826 0.004859951942093659
0 0.6295582296190562 0.5200101502001607 0.004124981669781249 0.004771589179510016
0 0.630755804942541 0.5293766030340139 0.0027943424214647195 0.004064687078841942
0 0.6374090011841238 0.5345016432638582 0.007584643715404411 0.007952648632516742
0 0.636910011466005 0.5263722691061743 0.0037923218577022057 0.005125040229844089
0 0.6366438836163418 0.5207612336821207 0.004457641481860364 0.0060970306182629485
0 0.6399372157559252 0.515945463121319 0.003326598120791218 0.0035345105033407266
0 0.6381741187519058 0.516122188646486 0.0024616826093856047 0.0022974318271715786
0 0.6425652282713503 0.5231912096531675 0.004324577557028846 0.005831942330512306
0 0.6437628035948353 0.5163872769342364 0.004457641481860435 0.0054784912801783036
0 0.646956337790795 0.5158571003587353 0.0037923218577020634 0.006008667855679448
0 0.649717414231052 0.5147967472077327 0.0023951506469697273 0.0060086678556794445
0 0.6492184245129331 0.5690073020527229 0.006586664279166996 0.01157552189844111
0 0.6520127669343978 0.5743974305703176 0.005256025030850395 0.014403130301113834
0 0.6548071093558627 0.5814222701957065 0.01111083772344356 0.014844944114031462
0 0.6718392917343143 0.5846916924112977 0.008582623151641685 0.01678892489086877
0 0.6598302725182574 0.5622475507150836 0.005322556993266261 0.01290096333719383
0 0.662158891202811 0.5553994366148608 0.004524173444276156 0.01157552189844138
0 0.655372631036397 0.5462538906874663 0.009181410813384189 0.012017335711358825
0 0.6598968044806733 0.5430286498531679 0.0045241734442763 0.010868619797773036
0 0.6615601035410691 0.539449957968535 0.003193534195959689 0.00848282520801802
0 0.6543413856189518 0.5366665309471543 0.00738504782815691 0.008394462445434715
0 0.648087381151864 0.5257095483867978 0.006320536429503534 0.0034461477407573683
0 0.6538756618820409 0.5130294919560627 0.004191513632197115 0.004771589179510158
0 0.6537758639384172 0.5156361934522766 0.0037257898952863405 0.0060970306182629485
0 0.6563373444914266 0.5167849093658624 0.002594746534217336 0.0027392456400890807
0 0.6520460329156057 0.5238981117538357 0.0034596620456230198 0.002827608402672581
0 0.6706749823920373 0.5369758006161968 0.0058548126925929015 0.00759919758218274
0 0.6577012497209512 0.532690206630896 0.005455620918097708 0.00768756034476624
0 0.6633564665262963 0.5355178150335687 0.0070523880160776285 0.007157383769265096
0 0.653509736088754 0.5307020444727668 0.0034596620456230198 0.005831942330512447
0 0.6529442144082194 0.5289789706023881 0.0037923218577022057 0.005390128517594661
0 0.6606286560672474 0.5266373573939248 0.0029274063462963796 0.004771589179510016
0 0.6643544459625338 0.5281395243578447 0.0026612784966330593 0.004064687078841871
0 0.6577012497209512 0.5247375579983792 0.004258045594612981 0.004329775366592514
0 0.6660177450229292 0.5227052144589581 0.006653196241582719 0.0032694222155903673
0 0.6692112792188891 0.5246491952357956 0.0025282145718014703 0.0034461477407573683
0 0.6640550521316626 0.5157687375961518 0.003260066158375565 0.004948314704677159
0 0.6608947839169107 0.5141340264883567 0.0035927259704544665 0.004859951942093516
0 0.6605288581236236 0.5164756396968201 0.0036592579328706167 0.0053017657550113026
0 0.663090338676633 0.5186405273801162 0.0029274063462963796 0.0037995987910915117
0 0.6561044826229713 0.5208937778259961 0.00199595887247483 0.004241412604009014
0 0.6583000373826935 0.5204519640130785 0.0029274063462963796 0.0035345105033408684
0 0.6724380793960567 0.5151060168767755 0.004058449707365526 0.004683226416926516
0 0.675797943498056 0.5158129189774436 0.00399191774494966 0.004506500891759515
0 0.678093296201402 0.5149292913516085 0.004324577557028846 0.005213402992427661
0 0.6784259560134811 0.5204077826317867 0.002860874383880514 0.005566854042761804
0 0.675398751723561 0.5202310571066197 0.0027943424214646483 0.005566854042761804
0 0.6856779399168063 0.5154152865458177 0.0035261940080388854 0.004771589179510016
0 0.685411812067143 0.5189056156678669 0.0028608743838805253 0.004506500891759514
0 0.6785590199383128 0.525135190430005 0.0032600661583754233 0.005478491280178161
0 0.6831829913262127 0.5255328228616309 0.00439110951944457 0.0029159711652560817
0 0.685045886273856 0.5345458246451499 0.006520132316750988 0.007510834819599239
0 0.6809209046040746 0.5392732324433682 0.008116899414731052 0.007775923107349811
0 0.6779269662953625 0.5385221489614084 0.0029274063462963796 0.008041011395100313
0 0.6800892550738769 0.5455028072055064 0.003925385782533788 0.008041011395100304
0 0.6845136305745294 0.5692723903404734 0.0070523880160776285 0.015463483452116122
0 0.69502568063623 0.5593315795498274 0.005854812692592759 0.011133708085523608
0 0.693861371293953 0.5644566197796715 0.008316495301978364 0.01396131648819619
0 0.7004813015543279 0.576871587922656 0.006254004467087553 0.0168772876534524
0 0.7267614267085796 0.5929536107128568 0.006387068391919399 0.01652383660311827
0 0.7279257360508568 0.5781528479801156 0.006719728203998744 0.017319101466369884
0 0.720474156260284 0.5718790918366872 0.006187472504671803 0.01625874831536791
0 0.7231354347569176 0.5667098702255506 0.004856833256354456 0.011222070848107082
0 0.716182844684463 0.5643770931585155 0.004657237369107748 0.01062120379287748
0 0.720840082053571 0.5556645249026113 0.005987876617424348 0.011045345322940108
0 0.7147856734737307 0.5504511219101836 0.009181410813384049 0.011222070848107179
0 0.7107937557287803 0.5569016035787804 0.00878221903888899 0.012635875049443327
0 0.6911002948536962 0.516298914171653 0.004790301293939478 0.005655216805345447
0 0.6902353793422905 0.5248701021422542 0.003991917744949673 0.006538844431180441
0 0.6898029215865875 0.5229703027467087 0.0023286186845540157 0.005213402992427802
0 0.6967887776402495 0.5264606318687579 0.004457641481860435 0.008129374157683883
0 0.7001153757610408 0.529906779609515 0.003260066158375565 0.006008667855679306
0 0.6948593507301905 0.5149292913516085 0.002860874383880514 0.005566854042761662
0 0.6997827159489617 0.5224401261712076 0.005389088955681984 0.006803932718931094
0 0.7089973927435537 0.5130294919560627 0.0030604702711279686 0.00512504022984416
0 0.7040740275247824 0.5171383604161964 0.004258045594612838 0.005920305093095806
0 0.6995498540805062 0.5156803748335683 0.0031935341959596995 0.004948314704677159
0 0.7111123943421691 0.5262758733651741 0.004178867060828821 0.006937572268954071
0 0.7107000061453763 0.5222228706185745 0.0026942695523775747 0.005550057815163146
0 0.7080057365930004 0.5211639780091026 0.002474329180753898 0.005623084891678474
0 0.7099577073911507 0.5189001386371281 0.003189135388527262 0.005623084891678545
0 0.7033320036960208 0.5223324112333475 0.0043438223395456535 0.005330976585617293
0 0.7136966937087343 0.5142994328166638 0.004068896875017742 0.005330976585617435
0 0.7146864253810361 0.5134231078984801 0.0032991055743384835 0.0046007058204643415
0 0.7028921229527757 0.5394572606761868 0.006983106799016525 0.010077736559112295
0 0.7052839744941702 0.5371203942276971 0.006708181334488188 0.004235570437887461
0 0.716830844004356 0.527955496125026 0.005278568918941744 0.006061247350770387
0 0.718068008594733 0.5223689247716051 0.004673732896979601 0.005550057815163356
0 0.7205973228683925 0.5154678660409086 0.0035740310388665364 0.005038868279556042
0 0.7213396216226187 0.5216021404681943 0.0025293142736595086 0.005184922432586702
0 0.7248311750221269 0.5227340601541816 0.003793971410489405 0.0052579495091019625
0 0.7243363091859762 0.5148836494287863 0.004233852153734432 0.005330976585617435
0 0.7300272663017102 0.5231722226132736 0.005498509290564186 0.006134274427285646
0 0.7284052060609938 0.5127658642098425 0.0029142099239992092 0.0037243809022806575
0 0.7341511482696333 0.5099908353022609 0.003079165202716041 0.004016489208341838
0 0.7294224302797481 0.5095161593049115 0.0030791652027158988 0.0035052996727348074
0 0.7292574750010311 0.5142264057401487 0.003079165202715757 0.005623084891678616
0 0.727305504202881 0.5361345286947404 0.0047837030827909644 0.007375734728045913
0 0.7341236557231805 0.5435467769610439 0.008302749028752032 0.008325086722744927
0 0.7186453520702423 0.5395302877527022 0.004288837246640185 0.005842166121224323
0 0.7249686377543911 0.5418671542011918 0.0038489565033950155 0.00920141164092847
0 0.7200474719393362 0.536171042232998 0.005993375126714966 0.0073027076515306535
0 0.7373127911117078 0.5364631505390592 0.007203047170639109 0.007886924263653014
0 0.7507016612342318 0.5357693933121638 0.005058628547319017 0.007229680575015251
0 0.7401170308498957 0.5282841179693449 0.007313017356450331 0.005550057815163285
0 0.7248586675685798 0.528174577354572 0.002639284459470872 0.004016489208341909
0 0.7361306116142365 0.5308765791856384 0.004618747804073991 0.0037243809022805153
0 0.7383025227840093 0.5339072028610236 0.006763166427394083 0.005111895356071372
0 0.7301097439410686 0.5283206315076027 0.004013911782111848 0.005184922432586845
0 0.7433336587848756 0.5194113281727353 0.0032991055743386254 0.005330976585617222
0 0.7384674780627262 0.517330056492049 0.00401391178211199 0.003651353825765398
0 0.7250786079402025 0.5194113281727353 0.004508777618262627 0.004746759973494932
0 0.748172346960572 0.5106845925291562 0.0028592248310933144 0.00408951628485724
0 0.745698017779818 0.5111227549882479 0.0026392844594707297 0.00408951628485724
0 0.749107093539968 0.5195938958640235 0.0047287179898852115 0.007302707651530582
0 0.7511965270703824 0.5170379481859877 0.005278568918941744 0.0026289747545510524
0 0.7543856624589097 0.5105750519143831 0.0029691950169046777 0.004746759973495074
0 0.7537808264369477 0.579622152759605 0.0065982111486771085 0.0157738485273061
0 0.7694790704615084 0.5778695029232377 0.007203047170639109 0.014313306996999984
0 0.7646953673787175 0.5901088408357725 0.010282212373355009 0.019512834622028807
0 0.7630733071380013 0.5558153258156154 0.005718449662186771 0.010369844865173547
0 0.7573823500222672 0.5549755144356893 0.0066531962415828615 0.006499409809862158
0 0.7653826810400381 0.5354042579295872 0.005168598733130522 0.007813897187137755
0 0.7722283251067901 0.53690131299815 0.004343822339545067 0.006718491039408078
0 0.7685168313356583 0.5381062597606533 0.0061583304054320795 0.004454651667433939
0 0.7633482326025294 0.525107440140929 0.006818151520299409 0.004016489208341838
0 0.762166053105058 0.5136056755897683 0.003244120481433015 0.0037974079787959168
0 0.7643379642748309 0.5197764635553117 0.003079165202716041 0.004892814126525451
0 0.7680494580459617 0.520798842626526 0.004783703082790822 0.004892814126525522
0 0.7588119624378138 0.5131309995924188 0.0030241801098101462 0.004308597514403161
0 0.763073307138001 0.5114513768325669 0.001759522972980534 0.005038868279556042
0 0.7698364735653951 0.5140438380488602 0.002199403716225703 0.002482920601520462
0 0.7730256089539225 0.5096256999196842 0.002749254645282093 0.004016489208341767
0 0.7817407461794668 0.5353677443913296 0.006873136613205446 0.007448761804561315
0 0.7712935785273948 0.5264584410564622 0.0029142099239992092 0.005988220274254914
0 0.7857546579615786 0.5259107379825975 0.0059933751267151085 0.004308597514403161
0 0.78781659894554 0.5366822317686051 0.008027823564223553 0.004965841203040639
0 0.7666748307233208 0.5105750519143831 0.0017045378800747812 0.004016489208341838
0 0.7972098750335488 0.5485594202899796 0.00557182032109651 0.010530874344860663
0 0.8028888457454354 0.5331188815546097 0.003214511723709421 0.00555005539796717
0 0.8158004678356682 0.5441620684882901 0.0065361738382091516 0.007713153477753493
0 0.7411826510388514 0.5094298545781206 0.001999457923841561 0.0035004714362708
0 0.787124741061665 0.5200519747985287 0.00554395151610592 0.0051903541986084885
0 0.7949635249676344 0.5177887389561122 0.0034990513667227676 0.004888589419619791
0 0.7840346697248188 0.5132622672712792 0.0021812268260090664 0.003440118480473089
0 0.7826259607330214 0.5192070334173599 0.003998915847683122 0.004707530552226374
0 0.7890105934216518 0.5133829731828747 0.0028628602091366417 0.005130001242810707
0 0.7922142703223523 0.5255440937761261 0.004089800298767211 0.005793883756586309
0 0.7917144058413921 0.5306137420631392 0.0074525249888640135 0.004466118729035244
0 0.7942591704717359 0.5356230373943542 0.004635107005269106 0.004707530552226374
0 0.8020525121521636 0.5281090943975315 0.007134429410071022 0.0038022362152597823
0 0.8040974123015471 0.5169739740528422 0.004498780328643335 0.004224706905844187
0 0.8160487176190543 0.5188147392046742 0.005407624839480434 0.0048885894196196485
0 0.808187212600314 0.5207762102681014 0.004771433681894405 0.004586824640630666
0 0.8141174230335255 0.5102144430034916 0.0019085734727578086 0.004224706905844116
0 0.8063240813530979 0.5108783255172671 0.0024084379537181633 0.004224706905844187
0 0.8121406862224549 0.5135036790944703 0.0029537446602203943 0.006457766270361773
0 0.7995986319729036 0.5149219735557179 0.003771704719973883 0.005431766021799618
0 0.8186616455877109 0.524518093527564 0.003998915847683122 0.003983295082652986
0 0.8130040885077503 0.5296782712482736 0.003135513562387899 0.0036815303036641465
0 0.8242510393293588 0.5308551538863301 0.003090071336846023 0.004224706905844187
0 0.8217971591500988 0.5367395670766131 0.004362453652017848 0.004405765773237463
0 0.8282953974025837 0.5325450366486678 0.0035444935922646437 0.00458682464063088
0 0.8308856042584694 0.5275357413174526 0.003635378043348254 0.004224706905844116
0 0.8371566313832451 0.5285617415660148 0.0049077603585199366 0.006156001491372791
0 0.8337711855803769 0.535683390350152 0.0033172824645554045 0.005431766021799618
0 0.8409510572159897 0.5315190364001058 0.002953744660220393 0.004224706905844137
0 0.8235239637206891 0.551405335335472 0.007906947244282491 0.01068247317620596
0 0.8234558003823764 0.5454303927114925 0.004953202584062098 0.0056128248891928936
0 0.8301130864242577 0.5438008629049526 0.009906405168124053 0.008751178590677214
0 0.840019491592382 0.5466978047832458 0.010724365227877257 0.008871884502272706
0 0.8334303688888133 0.5533969828767985 0.007361640537780118 0.011648120468970333
0 0.8465858931831796 0.55901584296948 0.010588038551251771 0.0150399564006225
0 0.8508906695858031 0.5435654862852528 0.009836492894876711 0.009366778555631741
0 0.807773583033253 0.5747472171370406 0.007261431441988293 0.01281958123285456
0 0.8539102389024705 0.5561058994727521 0.010803593121006969 0.013172413743850626
0 0.8238115268862631 0.5129902855594469 0.001995958872474972 0.003052531798339757
0 0.826714739791681 0.5123878121781956 0.002116926076867287 0.002490223309171924
0 0.8296481944981972 0.5111427005236095 0.0021774096790635154 0.004016489208341838
0 0.834880026088169 0.5113033600919433 0.00199595887247483 0.004498467913342879
0 0.8402328248825333 0.5140345727536156 0.0052015897888738035 0.0035345105033407266
0 0.8416541895341438 0.5110623707394427 0.002479827690044516 0.005301765755011161
0 0.8449203040527392 0.5133116046961143 0.004173368551538203 0.005301765755011161
0 0.8275312684213298 0.5135124291565313 0.0016935408614938297 0.002490223309171924
0 0.8278639282334089 0.517046939659872 0.004052401347145889 0.002811542445839379
0 0.8406259682968085 0.5169666098757052 0.0033265981207914307 0.002811542445839379
0 0.8447086114450525 0.5196174927532109 0.004596753766911661 0.0039361594241749745
0 0.8556259016414677 0.5189346895877928 0.002358860485651917 0.004819787050010191
0 0.8415634641308497 0.5263250297311417 0.006532229037190263 0.004016489208341909
0 0.8441037754230905 0.5367679016728304 0.008951573125038557 0.005301765755011122
0 0.8502428610460054 0.5346793272844927 0.0075604502745257205 0.005623084891678545
0 0.8618557126676771 0.5300201998028162 0.008528187909665093 0.004337808345009222
0 0.8579847621271197 0.5263250297311416 0.002600794894436831 0.003695170071674454
0 0.8494868160185528 0.5283734392273961 0.0031451473142027455 0.0031328615825065497
0 0.8494868160185528 0.5257627212419738 0.0031451473142027455 0.0032131913666734136
0 0.8581964547348064 0.5345588326082426 0.008588671511861322 0.006988691222514874
0 0.8508476970679675 0.5200994714582118 0.00381046693836084 0.0026508828775053846
0 0.8522993035206764 0.5209429341919638 0.0052620733910698995 0.0030525317983401234
0 0.8696580973509875 0.5497411618157746 0.01034269597555138 0.012290456977525963
0 0.8748596871398615 0.5556855658441205 0.010705597588728466 0.010844520862522912
0 0.876492744399159 0.5497009969236912 0.009253991136019409 0.00883627625835203
0 0.8801520023320295 0.54439923116868 0.007741901081114406 0.0075509997116825645
0 0.8707770439916199 0.5422303269961756 0.009072540329430865 0.007069021006682061
0 0.8692649539367122 0.5279717903065619 0.003870950540557203 0.003454180719174005
0 0.8693254375389086 0.5192158438323768 0.003629016131772431 0.0063460529491800345
0 0.8673899622686299 0.5150788599477847 0.0026612784966330593 0.0035345105033408684
0 0.8832971496462322 0.5154001790844519 0.0021774096790633736 0.004016489208341696
0 0.8851721413143145 0.5124681419623626 0.0030241801098102885 0.004257478560842358
0 0.897631763366733 0.5147575408111174 0.004233852153734432 0.004498467913342879
0 0.9000208656534832 0.5235938170694694 0.006350778230601719 0.0038558296400080395
0 0.8945470996547265 0.5268873382203096 0.005443524197658576 0.004016489208341767
0 0.8939120218316663 0.5329924018169891 0.003931434142753432 0.006587042301680484
0 0.8912809851361314 0.5243167851269709 0.006290294628405491 0.003052531798339828
0 0.8910088089262485 0.5157616631132028 0.0028427293032216028 0.004096818992508701
0 0.9032264965698822 0.5822345595112606 0.011673335223867707 0.013495403740029104
0 0.9177728028980698 0.5865723678562693 0.01391122850512744 0.02875806273172756
0 0.9050712464368666 0.5357236144786615 0.006532229037190406 0.009157595395019485
0 0.9087909879719334 0.5298193753423991 0.0078023846833106345 0.008755946474185095
0 0.9036498817852557 0.5231118383644682 0.008407220705272778 0.003695170071674525
0 0.909819209209269 0.5120263281494448 0.003810466938360975 0.0041771487766756365
0 0.9069159963038522 0.5132714398040306 0.003931434142753293 0.002490223309171751
0 0.913690159749826 0.5200593065661284 0.00538304059546249 0.0035345105033408684
0 0.9087002625686391 0.5191355140482098 0.0030241801098102885 0.004257478560842287
0 0.9105752542367214 0.5145968812427835 0.0019354752702787437 0.003695170071674454
0 0.9226114910737664 0.5206617799473797 0.003629016131772431 0.003132861582506692
0 0.9294158963208398 0.5252004127528059 0.004657237369107748 0.004498467913342879
0 0.9246376917473395 0.512146822825695 0.004778204573500489 0.004418138129176086
0 0.9258473637912635 0.5151591897319514 0.005262073391070174 0.0025705530933386456
0 0.9194663437595636 0.516564960954871 0.0047177209713039755 0.002811542445839237
0 0.9224300402671779 0.5168461151994549 0.0024193440878481453 0.003052531798339757
0 0.9143857211750823 0.5314661359178193 0.004596753766911661 0.006908361438347939
0 0.9086397789664428 0.5438369226795121 0.00822576989868395 0.008354297553350988
0 0.9118454098828417 0.5531551776428651 0.008830605920646092 0.011085510215023575
0 0.9196477945661522 0.536044933615329 0.007983835489899463 0.009478914531686797
0 0.92191592964851 0.5358842740469953 0.0035685325295760606 0.007550999711682636
0 0.9233070524990228 0.5423508216724255 0.006108843821816947 0.01052320172585553
0 0.9302626667515865 0.5767319692958318 0.013729777698538897 0.017752882300870923
0 0.9280247734703267 0.5597823848366292 0.014334613720500898 0.015985627049200417
0 0.9411194733458056 0.5739204268499932 0.01052414678213993 0.015824967480867546
0 0.935071113126185 0.5366072421044968 0.009677376351393008 0.007069021006681737
0 0.9316537896021007 0.539579444118671 0.01010076156676672 0.005783744460012721
0 0.935071113126185 0.5456443428232659 0.009314474738215778 0.0105232017258556
0 0.9469863827588375 0.5537576510241164 0.013790261300735124 0.015182329207532135
0 0.9411799569480018 0.5580552944770422 0.008346737103076549 0.013495403740028564
0 0.9396678668930966 0.5503034703049425 0.010766081190924837 0.009880563452520903
0 0.9513714439180626 0.567253054764145 0.0156652529688175 0.015021669639198479
0 0.9616234144903194 0.563598049584554 0.009314474738215638 0.01558397812836624
0 0.9332263632592006 0.5194568331848772 0.0028427293032216028 0.00361484028750759
0 0.9353432893360679 0.515882157789453 0.005866909413032175 0.002891872230006172
0 0.9381557768381913 0.5192158438323767 0.006532229037190263 0.0029722020141728935
0 0.9390327890700364 0.5254012372132232 0.004052401347145747 0.0045787976975096715
0 0.9433271248259671 0.5263250297311418 0.007318515865740949 0.007711659280016434
0 0.9448996984830683 0.5292169019611479 0.007439483070133264 0.0064263827333469695
0 0.9432666412237708 0.5113435249840268 0.005624975004247119 0.0045787976975096715
0 0.950675882492806 0.5115443494444438 0.0035080489273799738 0.004177148776675494
0 0.9483170220071542 0.5182920513144581 0.0032661145185952025 0.0032131913666735555
0 0.9544561076300692 0.5254414021053065 0.003447565325183746 0.0036951700716746673
0 0.9640730003792659 0.5129902855594469 0.005020138982285118 0.005141106186677576
0 0.9537000626026164 0.5119058334731946 0.0031451473142028873 0.003936159424175117
0 0.9557262632761894 0.5113033600919433 0.002358860485651917 0.004016489208341767
0 0.9479238785928789 0.5378121888669993 0.007681417478918178 0.005462425323344888
0 0.9567242427124267 0.536245758075746 0.008830605920646092 0.004900116834176913
0 0.9617746234958101 0.5405434015286719 0.00997979436237415 0.011406829351690746
0 0.96002059903212 0.5425516461328427 0.010342695975551095 0.005623084891678616
0 0.9694862827758264 0.5447205503053474 0.011370917212886696 0.005623084891678616
0 0.960262533440905 0.5483755554849384 0.004778204573500489 0.010201882589188287
0 0.9782261632931782 0.5581356242612092 0.012641072859007068 0.012370786761692756
0 0.9911998959642645 0.5627545868508023 0.012217687643633608 0.011326499567523953
0 0.9935285146488184 0.5661284377858093 0.007439483070133264 0.017270903595869882
0 0.973871083851239 0.5771737831087494 0.010403179577747607 0.015905297265033626
0 0.988054488566253 0.5950551929417147 0.021108777166476328 0.026926543407575148
0 0.9919859227090027 0.5837688582662732 0.016028154581994726 0.026042915781741414
0 0.9859678042904801 0.553315837211199 0.010282212373355294 0.008032978416683535
0 0.9893246442123695 0.5491788533266069 0.012762040063399665 0.011647818704191338
0 0.9694557808909159 0.537691694190749 0.005927393015228404 0.006506712517513904
0 0.9807359727005084 0.5376515292986656 0.010705597588728466 0.01124616978335716
0 0.9885685991849169 0.5395392792265864 0.010524146782139922 0.006185393380846449
0 0.9632259698647065 0.5240356308823868 0.004233852153734574 0.0045787976975096715
0 0.9695162644931119 0.5243971149111375 0.005080622584481347 0.004016489208341838
0 0.9736896330446504 0.5160428173577867 0.005080622584481347 0.006265723165013242
0 0.9720263339842546 0.5123074823940287 0.00368949973396866 0.004096818992508701
0 0.9758972845248118 0.5120263281494448 0.002721762098829288 0.0053017657550112314
0 0.9836391856059262 0.512227152609862 0.0028427293032216028 0.004418138129176015
0 0.9881452139695436 0.51290995577528 0.003629016131772289 0.004498467913342879
0 0.992046406311199 0.5165247960627876 0.002479827690044516 0.004016489208341767
0 0.9896573040244487 0.5235938170694692 0.00326611451859506 0.0038558296400081106
0 0.9822783045565119 0.5241159606665537 0.004596753766912002 0.004739457265843337
0 0.9827016897718849 0.5192560087244601 0.003387081722987517 0.002731212661672444
0 0.9949496192166168 0.525963545702391 0.00368949973396866 0.009237925179186207
0 0.9973084797022689 0.518292051314458 0.003326598120791573 0.003695170071674454
0 0.9970060616912878 0.5247817498488544 0.005987876617424348 0.00417072212428053
0 0.956221968730386 0.5172620788878276 0.00372578989528634 0.0022090690645879363
0 0.8782439295722017 0.526966996621806 0.004714617194773752 0.003273109593672885
0 0.8760473465610004 0.5221996413440653 0.004607466803983584 0.00370003693197809
0 0.7812192507115728 0.513945712803499 0.0026787597697577326 0.00455389160858843
0 0.7739330241378313 0.5207053956599973 0.0028930605513386356 0.0038423460447465627
0 0.7747902272641539 0.5165072768333299 0.0041788652408222045 0.003130800480904554
0 0.7729686706207185 0.5130207035705046 0.0022501582065964955 0.0035577278192096885
