0 0.17543703761434315 0.6167416661117628 0.016861225583071827 0.0278344041371345
0 0.14211604420017726 0.5589317498269452 0.03051078915032054 0.025693296126585777
0 0.1854734814137907 0.5583964728243078 0.030510789150320575 0.022481634110762486
0 0.2874437504161778 0.5840897689508935 0.01926997209493937 0.022481634110762413
0 0.23284549614718317 0.5364501157161825 0.03051078915032054 0.019269972094939334
0 0.25251692599410036 0.5300267916845361 0.03291953566218801 0.023552188116036918
0 0.27981605312859775 0.4759638144181787 0.02328454961471828 0.01605831007911625
0 0.36091051902813376 0.5198565286344292 0.021678718606806698 0.028904958142409
0 0.4098883647694379 0.556255364813759 0.029707873646364787 0.024622742121311488
0 0.3328084763896807 0.45776439632851373 0.013649563567248606 0.01605831007911604
0 0.37977903337109525 0.4636524433575229 0.020875803102850837 0.0171288640843904
0 0.3954358856982334 0.4657935513680717 0.008832070543513879 0.010705540052744027
0 0.4078810760095483 0.4979101715263039 0.012846648063292818 0.01926997209493919
0 0.4319685411282225 0.4893457394841087 0.012846648063292818 0.0171288640843904
0 0.49820907020457633 0.6108536190827537 0.028102042638453215 0.02676385013186014
0 0.5447781694340129 0.593189477995726 0.015255394575160253 0.01926997209493926
0 0.6648140372754057 0.6012186330352841 0.01605831007911618 0.031046066152957793
0 0.5692670923046649 0.5819486609403447 0.019269972094939334 0.024622742121311346
0 0.5235009085791842 0.5305620686871733 0.01766414108702769 0.026763850131860067
0 0.5014207322203995 0.4834576924550994 0.02489038062262992 0.020340526100213693
0 0.5580262752492837 0.4914868474946575 0.022481634110762413 0.01498775607384161
0 0.6973008550086619 0.5214623596423409 0.01766414108702772 0.017128864084390454
0 0.869124772855204 0.5996128020273724 0.01605831007911618 0.0171288640843904
