0 0.11185344827586206 0.2948275862068966 0.11767241379310345 0.18620689655172418
0 0.2081896551724138 0.34396551724137936 0.10862068965517241 0.17068965517241386
0 0.3258620689655173 0.35172413793103446 0.05948275862068961 0.20344827586206896
0 0.5308189655172414 0.3172413793103448 0.1125 0.17586206896551723
0 0.4778017241379311 0.2939655172413793 0.04008620689655174 0.1396551724137931
0 0.7086206896551726 0.28620689655172415 0.08275862068965523 0.15172413793103445
0 0.8424568965517243 0.09913793103448276 0.042672413793103485 0.05
0 0.33814655172413793 0.11551724137931034 0.050431034482758645 0.04137931034482758
0 0.14418103448275865 0.07327586206896552 0.06077586206896555 0.03965517241379311
0 0.7758620689655173 0.5620689655172414 0.23275862068965522 0.30000000000000004
0 0.9245689655172415 0.5103448275862069 0.13448275862068967 0.14482758620689665
0 0.36908831968999306 0.06913190017357115 0.03938524120465473 0.030577571230618005
0 0.2623991852875107 0.1056920396884405 0.03340267292040337 0.043872167417843236
0 0.28583091106749514 0.0880766997403671 0.041379430632738516 0.02725392218381172
0 0.27912128251732676 0.060689831594683136 0.020839279523475546 0.024860894870111165
