0 0.01601315930297564 0.5132974773159213 0.011799170012718893 0.014983073032023952
0 0.0810490606826048 0.4925084634839881 0.009832641677265759 0.014608496206223407
0 0.07023315483761246 0.544949219096072 0.015732226683625193 0.02060172541903306
0 0.1453826305138578 0.4906355793549851 0.012641967870770224 0.015357649857824712
0 0.1559176037394997 0.4979398274580968 0.013484765728821593 0.00898984381921437
0 0.16378371708131226 0.4883881184001815 0.007866113341812557 0.015357649857824498
0 0.17094749887474875 0.4915720214194866 0.010394506915966667 0.015732226683625186
0 0.16027205933943164 0.5421398929025676 0.017698755019078333 0.017979687638428814
0 0.1873820571067501 0.5432636233799694 0.015170361444924261 0.021725455896434837
0 0.17656615126175762 0.5277186851092441 0.013203833109471142 0.02284918637383588
0 0.1919315155784642 0.5222450314115027 0.015170361444924261 0.017605110812628267
0 0.18771752628820743 0.490593289631352 0.011237304774017964 0.01648138033522649
0 0.19319571236554126 0.4842254835927418 0.010394506915966667 0.015732226683625186
0 0.22213177215863755 0.49059328963135185 0.01151823739336841 0.01423391938042279
0 0.24362311753894697 0.4935899042377568 0.013484765728821558 0.014983073032023881
0 0.278599228648078 0.4765466586638295 0.008147045961163037 0.008615266993413827
0 0.22002477751350916 0.5241179155405057 0.01573222668362515 0.01910341811583045
0 0.2471347752808276 0.5259907996695087 0.015451294064274706 0.017605110812628125
0 0.27424477304814604 0.5527730427142515 0.02135087907063422 0.020976302244833604
0 0.2940505227123527 0.5578298298625597 0.02275554216738648 0.022100032722235385
0 0.33197642632466345 0.5471543903272426 0.02163181168998463 0.017979687638428884
0 0.33239782525368916 0.5572679646238587 0.032026318605951225 0.02846783876084558
0 0.361052952427435 0.5450942177853393 0.027531396696344076 0.019103418115830523
0 0.3878820175754029 0.5437831988950372 0.025564868360890856 0.023223763199637232
0 0.4151324816523966 0.47017885262521936 0.010394506915966701 0.013859342554622173
0 0.4821349113674789 0.5121314571148865 0.01123730477401807 0.019852571767431756
0 0.5291911251086793 0.5020178828182703 0.013203833109471218 0.016855957161026894
0 0.5076997797283699 0.539850142224131 0.03595937527685756 0.02659495463184257
0 0.5133184321153788 0.5587662719270612 0.039330566709062965 0.02322376319963709
0 0.49941226745753153 0.5681306925720763 0.041858960283217075 0.029966146064048047
0 0.5557392576372967 0.5387264117467291 0.03202631860595133 0.021350879070634078
0 0.5678193602693661 0.5625120401850672 0.04326362337996926 0.024722070502839488
0 0.5669765624113148 0.5743112101977861 0.04045429718646474 0.022100032722235312
0 0.5679598265790413 0.58929428322981 0.04523015171542241 0.027344108283443802
0 0.6050429323333006 0.577307824804191 0.04129709504451618 0.028093261935044963
0 0.5672574950306652 0.5089475540955813 0.01179917001271889 0.015732226683625256
0 0.5853776489787692 0.5053890742504756 0.017698755019078333 0.016855957161027037
0 0.5801803955207859 0.4904060012184517 0.006180517625709925 0.012361035251419707
0 0.5867823120755215 0.4917170201087538 0.006461450245060405 0.013484765728821558
0 0.5926818970818805 0.48853311708944863 0.008708911199863306 0.014608496206223393
0 0.6022336061397963 0.4875966750249472 0.007585180722462183 0.01048815112241691
0 0.6204942263975755 0.4842254835927418 0.010394506915966559 0.015732226683625186
0 0.6130495119847885 0.4920915969345544 0.016294091922326216 0.012735612077220395
0 0.6134709109138141 0.4960246536054607 0.012080102632069227 0.01610680350942573
0 0.617684900204071 0.5050144974246751 0.017136889780377446 0.015357649857824498
0 0.6012503419720697 0.5022051712311706 0.012361035251419778 0.01723053398682751
0 0.6338385258167218 0.541161161114433 0.039330566709062965 0.023972916851238396
0 0.6346813236747731 0.55801711827546 0.03539751003815681 0.023223763199637305
0 0.6317315311715931 0.49789753773446377 0.0070233154837617585 0.01685595716102682
0 0.6386143803456794 0.5008941523408685 0.01067543953531711 0.016855957161026964
0 0.6476042241648939 0.5081984004439802 0.012361035251419707 0.01723053398682751
0 0.6415641728488591 0.4855365024830439 0.005337719767658555 0.014608496206223407
0 0.6478851567842443 0.48815854026364813 0.00842797858051341 0.017605110812628198
0 0.6844063972998029 0.5398501422241309 0.03427377956075489 0.031089876541449825
0 0.6984530282673254 0.5608264444689645 0.02977885765114763 0.02359834002543778
0 0.6821589363449992 0.5782442668686923 0.04663481481217474 0.02846783876084558
0 0.7293556163958749 0.5696289998752786 0.038206836231661184 0.026220377806042024
0 0.7684052504855873 0.572812902894584 0.043263623379969064 0.028093261935045653
0 0.7733215713242203 0.5821773235395987 0.04298269076061885 0.0250966473286401
0 0.8209396503041216 0.5452815061982397 0.03708310575425955 0.023972916851238323
0 0.863185814376331 0.5417230263531339 0.035397510038156665 0.022100032722235385
0 0.9338403681429692 0.5789934205202936 0.03961149932841351 0.027718685109244346
0 0.678334711579683 0.5105084110374986 0.010989534382946005 0.016513374416701934
0 0.7487200627466464 0.4612008705256564 0.009768475007063132 0.014187547034067834
0 0.6860971604692242 0.49166920923816265 0.011512845544038726 0.015117877987121418
0 0.6473622820976286 0.45906543806564043 0.007500793308994815 0.010931388698380076
0 0.6602706240712476 0.4582513984817184 0.017269268316058087 0.013024633342750818
0 0.6728300919374717 0.4581351071125867 0.010291786168155853 0.010001057745326492
0 0.6837324077935688 0.4540649091929768 0.010815097329248284 0.011163971436643029
0 0.6886166452971006 0.4575536502669283 0.00767523036269244 0.00976847500706306
0 0.704054324549334 0.45557669699168923 0.006803045094204378 0.008605561315746045
0 0.7266439230031674 0.49081298183859545 0.014652712510594626 0.012559467866224026
0 0.7228063078218213 0.4844169565363518 0.011861719651433731 0.01372238155754097
0 0.715479951566524 0.48255629463024446 0.01081509732924829 0.014187547034067834
0 0.7122528660731191 0.4731366937305765 0.015176023671687347 0.010698805960116787
0 0.6884422082434029 0.47906755355629344 0.004884237503531636 0.010931388698380076
0 0.6939369754348758 0.48662649254985413 0.009942912060760705 0.016745957154965296
0 0.6583518164805744 0.4774394743884496 0.00819854152378511 0.010931388698380147
0 0.6675097617996961 0.49720900714083915 0.010815097329248432 0.014187547034067763
0 0.6631488354572573 0.4884871544559614 0.00872185268487783 0.013954964295804402
0 0.7115551178583288 0.4609260999717476 0.010640660275550858 0.007210064886165597
