0 0.7042723801335146 0.4621833103169536 0.011488614587254774 0.022019844625571425
0 0.48630051830397486 0.4702472529358148 0.01471289689987188 0.008500784875481528
0 0.5064081440671331 0.4620734213247749 0.011770317519897518 0.015693756693196618
0 0.40930302452797873 0.46763162682028203 0.0068660185532736055 0.007192971817715108
0 0.47575627552573324 0.4552074027715014 0.013241607209884662 0.01373203710654714
0 0.47600149047406454 0.4676316268202821 0.006866018553273534 0.008500784875481528
0 0.5954211703113579 0.46436209417586594 0.017165046383183828 0.02027110239537878
0 0.6405407208042984 0.4659968604980741 0.016184186589858953 0.006539065288831978
0 0.6292608331810634 0.45847693541591733 0.010299027829910566 0.017655476279846236
0 0.6130766465912041 0.46730467355584054 0.028935363903081282 0.027464074213094207
0 0.4409357528627033 0.463708187646983 0.0102990278299103 0.00719297181771496
0 0.4308819399811241 0.4689394398780485 0.009808597933247967 0.0071929718177151615
0 0.4230350616345258 0.4601117017381254 0.01373203710654714 0.011770317519897447
0 0.37276599722663023 0.4561882625648262 0.0102990278299103 0.01046250446213115
0 0.39360926783478206 0.45913084194480064 0.01177031751989759 0.007192971817715019
0 0.4070960899929979 0.4594577952092422 0.00735644844993601 0.0065390652888319065
0 0.4127360338046154 0.457169122358151 0.010789457726572707 0.009808597933247967
0 0.62656346874942 0.4365710666983304 0.010789457726572778 0.011770317519897518
0 0.6966949439721426 0.4427831787227207 0.015693756693196833 0.0163476632220798
0 0.6871315609872259 0.43853278628497994 0.0102990278299103 0.013078130577663813
0 0.7084652614920401 0.4414753656649543 0.007846878346598345 0.013732037106547069
0 0.5772752641348492 0.4459651054893684 0.015203326796534213 0.01569375669319669
0 0.5902716563964028 0.441802318929396 0.01471289689987188 0.014385943635430323
0 0.6052297682446058 0.44834138421822783 0.013241607209884662 0.014385943635430394
0 0.3681069132083374 0.4342823938472392 0.01373203710654714 0.016347663222079874
0 0.38257459515987813 0.44082145913607107 0.012260747416559923 0.01242422404878063
0 0.30974575550551237 0.43853278628497994 0.010789457726572707 0.013078130577663813
0 0.33009859621700177 0.43689801996277194 0.013241607209884734 0.013732037106547069
0 0.327891661682021 0.4395136460783047 0.01569375669319669 0.009808597933247896
0 0.3470184276518544 0.43820583302053834 0.009808597933247967 0.013732037106547069
0 0.3565818106367712 0.4362441134338888 0.008337308243260679 0.013732037106547069
0 0.3543748761017904 0.4542265429781766 0.009808597933247967 0.014385943635430321
0 0.3418689137368993 0.4512839635982023 0.012260747416559852 0.00850078487548167
0 0.32813687663035224 0.4489952907471111 0.015203326796534284 0.007846878346598416
0 0.6709473743973668 0.4411484124005128 0.020107625763158266 0.018309382808729423
0 0.5701640306332445 0.42905114161617364 0.02157891545314534 0.016347663222079874
0 0.521121040967005 0.44311013198716237 0.011770317519897447 0.014385943635430252
0 0.5299487791069282 0.4493222440115526 0.011770317519897372 0.009808597933247985
0 0.4507443507959511 0.4512839635982023 0.017165046383183835 0.01373203710654714
0 0.4377479585343977 0.4522648233915271 0.011770317519897518 0.011770317519897518
0 0.39753270700808124 0.4375519264916552 0.0058851587599487235 0.011116410991014262
0 0.40366308071636114 0.4372249732272136 0.005394728863286389 0.01046250446213108
0 0.3982683518530747 0.4467066178960198 0.016184186589859026 0.012424224048780701
0 0.5025551156337277 0.43523909112214826 0.012058927860013781 0.013398808733348701
0 0.5075796689087334 0.4345691506854808 0.006029463930006926 0.015631943522240163
0 0.5626822698246299 0.44037530113659856 0.011723957641680017 0.011165673944457239
0 0.4497973062461672 0.43523909112214826 0.005694493711673303 0.013398808733348701
0 0.44510772318949515 0.44015198765770946 0.006364434148340621 0.008039285240009235
0 0.43824083371365397 0.439482047221042 0.006699404366674315 0.009379166113344155
0 0.43271382511114764 0.43992867417882026 0.0063644341483405495 0.009379166113344084
0 0.4268518462903076 0.44082192809437687 0.008039285240009235 0.019204959184466405
0 0.4084284842819531 0.4419384954888226 0.0033497021833372286 0.0160785704800184
0 0.4147929184302937 0.4423851224466009 0.005359523493339466 0.011612300902235475
0 0.4603488681236793 0.4334525832910351 0.007369344803341775 0.012505554817792159
0 0.45632922550367466 0.43769553938992883 0.005359523493339537 0.011165673944457239
0 0.4757574981670302 0.43992867417882026 0.006699404366674386 0.012058927860013781
0 0.4836292982978727 0.43836547982659624 0.006364434148340621 0.015185316564461785
0 0.48999373244621325 0.43925873374215285 0.005694493711673232 0.01697182439557494
0 0.5424165716154401 0.43479246416436995 0.007369344803341704 0.01607857048001847
0 0.7231291154022459 0.4431755226400507 0.010789457726572494 0.010070160544801254
0 0.4695002544885564 0.4370412308967836 0.004863767570205581 0.009187116521499377
0 0.29786263910938227 0.4382486965935067 0.01436076823406821 0.016275537331944097
0 0.24329171981992304 0.4425569270637271 0.00861646094044101 0.015318152783006198
0 0.2612426801125081 0.4387273888679757 0.010052537763847801 0.01340338368513031
0 0.2734493331114664 0.4444716961616029 0.01005253776384773 0.017232921880881946
0 0.22812900901988542 0.4429965949482253 0.009948615484511134 0.01572126891379572
0 0.22536550471863243 0.44348788460178157 0.012527886165681004 0.00982579307112239
0 0.2533690149713304 0.4471725570034525 0.014001755126349345 0.015229979260239628
0 0.285794132106035 0.44275095012144744 0.014001755126349451 0.01621255856735189
0 0.2951900467302958 0.4508572294051234 0.009211681004177236 0.010808372378234524
0 0.37019838124351295 0.4458229843251336 0.011279887623235112 0.009154691404364711
0 0.3618610730002523 0.4484386104406664 0.00833730824326075 0.013078130577663884
0 0.4045284740098806 0.45334290940729033 0.00833730824326075 0.009808597933247967
0 0.5316314437584343 0.43821080844484805 0.016413540698352165 0.01697182439557494
0 0.5175626945884182 0.43553104669817844 0.008374255458343001 0.012505554817792088
