0 0.04409081123522144 0.49328707565328694 0.013977908845608367 0.010313561214207567
0 0.05970810445161104 0.49168274390885464 0.013460208517993238 0.007563278223752263
0 0.06445369078808301 0.48446325105890936 0.009836306224687367 0.007792468472956813
0 0.06928556051249084 0.5017671148738576 0.013977908845608367 0.0071048977253430935
0 0.07454884717657795 0.4880156999215808 0.011044273655789336 0.004812995233296888
0 0.07929443351304992 0.49890223675879997 0.011561973983404448 0.008250848971366053
0 0.07256432925405329 0.4943184317747077 0.011907107535147858 0.009167609968184465
0 0.08869932279805802 0.49042219753822924 0.007592938138355178 0.009625990466593777
0 0.09361747591040169 0.4976416903881746 0.014668175949095214 0.010313561214207638
0 0.09534314366911877 0.49065138778743317 0.008455772017713655 0.01237627345704922
0 0.09983052810164747 0.4889477000897402 0.011020417692783778 0.007748731190238445
0 0.11007303395729354 0.48602040164009447 0.006871554561382815 0.010159447560535
0 0.12148240756864614 0.48335139423012335 0.008427378235658195 0.010331641586984758
0 0.11798180430152659 0.487742341904592 0.008945986127083305 0.006715567031540033
0 0.11363846321084123 0.49411352088323257 0.01633614857989123 0.007748731190238658
0 0.1122771174958503 0.5073724609198631 0.00790877034423307 0.012225775877931895
0 0.12802983219788824 0.5084917220917863 0.010372157828502341 0.0089540893753869
0 0.12388096906648731 0.49893495362382545 0.013743109122765631 0.00878189534893707
0 0.1329566071664269 0.49781569245190205 0.012965197285627941 0.00860970132248724
0 0.13827233805353434 0.4907557373674625 0.010890765719927469 0.009987253534085383
0 0.1507837534341653 0.49153061048648633 0.014909976878472158 0.009815059507635624
0 0.1559698323484165 0.5100414683298341 0.008168074289945615 0.009987253534085383
0 0.15875734976482633 0.5047895505231166 0.014780324905615837 0.010503835613434272
0 0.17068533126760424 0.5045312594834421 0.012705893339915448 0.006887761057989934
0 0.16925915956618517 0.4928220656848594 0.01011285388278985 0.009298477428286276
0 0.17379697861615498 0.49583546114773003 0.006482598642813997 0.008093119243138104
0 0.18144644501467547 0.49557717010805535 0.012705893339915376 0.012397969904381724
0 0.17891823154397804 0.4842123643623721 0.006612250615670271 0.005854596899291451
0 0.18693072346649608 0.48541772254752047 0.010449949012216141 0.004821432740592954
0 0.19026277916890252 0.5025510281792701 0.006482598642814033 0.007748731190238587
0 0.2047838001288058 0.5120216996340062 0.00907563809993956 0.008781895348936999
0 0.19719915971671348 0.5018622520734711 0.008945986127083251 0.011192611719233555
0 0.20245006461739273 0.5075446549463133 0.011150069665640049 0.007748731190239156
0 0.22766737333793916 0.502637125192495 0.01828092817273543 0.014119910168879243
0 0.24607795348353087 0.50943878923726 0.011798329529921431 0.010848223666333964
0 0.2094512711516319 0.4980739834915768 0.011668677557065158 0.01566965640692686
0 0.2327238002793341 0.4771524092779326 0.011279721638496306 0.009987253534085241
0 0.23350171211647175 0.486967468785568 0.006093642724245205 0.011709193798582672
0 0.24730964722566554 0.49738520738577785 0.011927981502777706 0.0163584325127259
0 0.24523521565996503 0.48610649865331934 0.00726051047995167 0.012053581851482207
0 0.23972500681357314 0.4824043270846498 0.0045378190499697265 0.009470671454736035
0 0.185400830186792 0.491100125420362 0.010501809801358668 0.007920925216688347
0 0.2556073734884674 0.5004846998618732 0.008557030208514504 0.01601404445982645
0 0.24802273307637507 0.4801658047408031 0.010761113747071213 0.006371178978640586
0 0.2547646356649016 0.4883450209971661 0.005575034832819981 0.009642865481185724
0 0.260534148457006 0.49178890152616106 0.006482598642814033 0.012397969904381724
0 0.2760923851997596 0.503325901298294 0.014780324905615885 0.011020417692783724
0 0.22539846381295425 0.48946428216908944 0.009594245991364688 0.007404343137338998
0 0.26552574941197277 0.48051019279370266 0.013094849258484196 0.008437507296037624
0 0.2696746125433737 0.48266261812432437 0.0027226914299818715 0.009642865481185653
0 0.2653960974391165 0.4837818792962478 0.005834338778532562 0.008093119243138033
0 0.26682226914053564 0.49084183438068735 0.007908770344233033 0.012570163930831412
0 0.2746013875119124 0.4907557373674625 0.009723897964220924 0.013431134063080137
0 0.2817970720054359 0.4931664537377589 0.004926774968538617 0.01170919379858276
0 0.2812136381275826 0.5072863639066381 0.007130858507095427 0.016530626539175624
0 0.3199795780116103 0.47887434954242997 0.007649466398520559 0.010676029639884206
0 0.319396144133757 0.5072002668934132 0.006482598642813997 0.007059955084439622
0 0.31926649216090075 0.4888616030765152 0.007001206534239088 0.006198984952190898
0 0.338390158157202 0.4917028045129361 0.008945986127083288 0.01876914888302231
0 0.34649340646071947 0.4849011404681711 0.01011285388278985 0.017563790697874213
0 0.3503829656464078 0.4839540733226974 0.007779118371376796 0.006026790925741139
0 0.3359915966593608 0.4867952747591183 0.010372157828502395 0.006198984952190898
0 0.33067586577225333 0.4927359686716346 0.00622329469710138 0.008093119243138104
0 0.3334633831886633 0.5077168489727625 0.014650672932759576 0.009126283401836658
0 0.34033493775004614 0.5071141698801884 0.011020417692783795 0.011020417692783795
0 0.3490864459178451 0.510730244435633 0.007260510479951634 0.011020417692783795
0 0.35012366170069525 0.5003986028486483 0.014002413068478176 0.009987253534085241
0 0.36224612116275745 0.5082334310521116 0.014650672932759647 0.008781895348937141
0 0.36328333694560766 0.48722575982524263 0.013872761095622011 0.007748731190238587
0 0.36282955504061065 0.48137116292595133 0.0036302552399758523 0.006371178978640586
0 0.37158106320840956 0.48335139423012335 0.008945986127083217 0.0048214327405928965
0 0.37281275695054417 0.4954910730948305 0.012446589394202831 0.004649238714143209
0 0.37968431151192705 0.49729911037255276 0.009075638099939595 0.009987253534085241
0 0.3802677453897805 0.5113329235282063 0.018280928172735862 0.015669656406927038
0 0.3927143347839831 0.48300700617722386 0.005056426941394889 0.008954089375386687
0 0.4050960981917578 0.48188774500530057 0.010372157828502253 0.014292104195329003
0 0.4075594856760272 0.4892920881426396 0.00881633415422705 0.008781895348937141
0 0.3927143347839831 0.49686862530642856 0.011798329529921431 0.007059955084439622
0 0.40029897519607543 0.4941996178964574 0.00881633415422705 0.007576537163788899
0 0.4059388360153236 0.4976434984254524 0.010501809801358633 0.007576537163788899
0 0.39777076172537806 0.5130548637927046 0.008168074289945508 0.010159447560535
0 0.40477196825961714 0.5090944011843603 0.009464594018508379 0.012570163930831555
0 0.41935781520594856 0.5134853488588288 0.019447795928441845 0.016530626539176217
0 0.42551628391662194 0.5203731099168188 0.019836751847010774 0.010331641586984687
0 0.43394366215228003 0.5097831772901595 0.015169280824184667 0.01601404445982638
0 0.4241490449301377 0.481371162925951 0.012199071991477755 0.00912628340183644
0 0.4332305763015705 0.48094067785982697 0.0064825986428140685 0.007920925216688204
0 0.41838542540952645 0.49118622243358684 0.009723897964220995 0.008781895348937141
0 0.4410096946729473 0.4918749985393859 0.011409373611352578 0.005682402872841621
0 0.4358236157586961 0.49970982674284925 0.01503962885132843 0.006198984952190756
0 0.4188392073145234 0.5073724609198631 0.012705893339915376 0.011192611719233483
0 0.44522338379077636 0.5334598559269996 0.023207703141274082 0.023762775650064894
0 0.4548824557685691 0.5281218411070574 0.01892918803701683 0.021352059279768482
0 0.4870361450369265 0.5415529751701377 0.012705893339915448 0.015841850433376693
0 0.4931946137475998 0.5166709383481494 0.018021624227022956 0.01015944756053493
0 0.4638284418956524 0.5152072891233265 0.010372157828502395 0.00895408937538683
0 0.4546879778092847 0.5043590654569924 0.01387276109562194 0.014464298221778834
0 0.4472329893700487 0.5098692743033842 0.007779118371376725 0.01308674601018069
0 0.45300250216215304 0.5138297369117285 0.01127972163849627 0.006887761057989721
0 0.4555307156328505 0.48360968526979803 0.008038422317089271 0.01601404445982645
0 0.464541527746362 0.4886033120368406 0.007649466398520488 0.007748731190238658
0 0.4797108085705467 0.48007970772757813 0.006871554561382922 0.009987253534085312
0 0.4836003677562351 0.4864508867062187 0.010242505855646088 0.007232149110889381
0 0.4952042193268716 0.4809406778598271 0.01296519728562805 0.0055102088463922635
0 0.5145223632824577 0.47835776746308073 0.009075638099939595 0.011020417692783724
0 0.4896940104804799 0.5031537072718433 0.007390162452808153 0.015153074327577627
0 0.4865175371455014 0.5029815132453944 0.005704686805676289 0.011709193798582831
0 0.4841189756476602 0.4917889015261609 0.011020417692783795 0.010676029639884206
0 0.4765343352355679 0.4886894090500655 0.0036302552399758523 0.009298477428286418
0 0.46954491524431574 0.4934873607870515 0.010112853882789779 0.008781895348936928
0 0.509984544232488 0.4973852073857777 0.01503962885132836 0.00878189534893707
0 0.46305053005851476 0.4999681177825239 0.016076844634178612 0.008437507296037481
0 0.4779605069369869 0.5528316839025961 0.019188491982729445 0.011881387825032447
0 0.4583182330492606 0.5560172733919164 0.026578654435537318 0.016875014592075174
0 0.46220779223494823 0.5452551467388069 0.01957744790129826 0.006715567031539196
0 0.44742746732933314 0.5491295123339265 0.015169280824184738 0.007920925216688275
0 0.4787384187741246 0.5176180054936229 0.012187285448490286 0.009642865481185864
0 0.5241831025457262 0.4982166270428563 0.005647639937619644 0.012709641092255808
0 0.5294385452654555 0.49654978886682277 0.010197127665146369 0.010626093372213888
0 0.5417535379072091 0.5040505606589738 0.006275155486243946 0.011042802916222243
0 0.5201042514796675 0.5030087867989528 0.0122365531981756 0.009375964740188678
0 0.5215946009076504 0.4805064714225 0.009255854342209774 0.011876222004238955
0 0.5306151369191261 0.48321508345855446 0.010354006552302479 0.011042802916222243
0 0.5460677073040019 0.48102735835251037 0.009883369890834146 0.01083444814421803
0 0.5548529249847434 0.48290255130054816 0.008628338793585471 0.010417738600209746
0 0.5582258210585994 0.49217433865473476 0.0122365531981756 0.010626093372213888
0 0.5608143226966751 0.49686232102482913 0.012393432085331852 0.01291799586425995
0 0.5625399904553922 0.5633274932941665 0.03184641409268792 0.05000514528100631
0 0.5583042605021773 0.5527013999219523 0.025257500832131782 0.012917995864259459
0 0.5846599135444019 0.5555141893440093 0.018041072022951285 0.014376479268289444
0 0.5838755191086215 0.5467632889198332 0.018041072022951285 0.006875707476138402
0 0.6083486255049729 0.5429087256377557 0.021806165314697593 0.02083547720041935
0 0.6238796353334266 0.5495760783418899 0.02243368086332211 0.014584834040293444
0 0.559088654937958 0.506484523222841 0.01568788871560983 0.011554219174777955
0 0.5774149613011932 0.49843445248631524 0.006132538316102014 0.009470671454736035
0 0.5835474996172951 0.5017491874954729 0.009555350399507816 0.013448353465725305
0 0.594600330303293 0.49843445248631524 0.014546951354474586 0.00871301773835711
0 0.5985936110672664 0.48384961844602176 0.00998320190993354 0.013258940036630449
0 0.5963117363449959 0.4795878162913905 0.010553670590501128 0.015342487756672369
0 0.5925323813362353 0.47939840286229585 0.007558710017521122 0.007008296876504758
0 0.613211871006812 0.4791142827186537 0.008414413038372502 0.009091844596546536
0 0.631680794540189 0.48394432516056907 0.009127498889082162 0.011933046032967454
0 0.6278301309463575 0.49900269277359954 0.009697967569649676 0.017804862334903717
0 0.6213410497049006 0.5017491874954729 0.008699647378656366 0.011175392316588458
0 0.7007280577259387 0.5782404292782319 0.046741178062447195 0.023153463626372172
0 0.6758415385953924 0.5758915271712088 0.028802671887129493 0.020469004075488895
0 0.7033809353997533 0.5503891614378129 0.023749571556054155 0.00838893609651194
0 0.7095709833053206 0.5648181315238132 0.032087187102328725 0.025837923177256528
0 0.7219510791164552 0.5480402593307896 0.02248629647328542 0.011073395647395472
0 0.734204847419313 0.5633081230264408 0.023749571556054123 0.018791216856185882
0 0.7501221134622003 0.5805893313852555 0.03688763241685024 0.024495693401814476
0 0.8053272345791984 0.5774015356685807 0.045730557996232025 0.04630692725274503
0 0.7996424967067387 0.5555903018176501 0.034361082251312486 0.017448987080744494
0 0.7987582041488007 0.5737104037861154 0.03714028743340399 0.01476452752985991
0 0.7100846455703805 0.48730045429829505 0.006453997417601869 0.007563278223752263
0 0.7111286745644043 0.4787287389780425 0.009680996126402875 0.005546404030751617
0 0.7196707299700539 0.48087166780810575 0.012338524474826987 0.012353354432128615
0 0.7318194309914222 0.4856617440164821 0.013857112102498235 0.01285757298037865
0 0.7245112280332552 0.47557737305147924 0.009870819579861774 0.00932804314262775
0 0.7914239953775101 0.5496974996442509 0.02031110952009996 0.016387102818129905
0 0.8208466306636365 0.5538573026673146 0.024866872403113263 0.01663921209225485
0 0.8200873368498008 0.5354533256561842 0.023727931682359867 0.02672358305725773
0 0.8414424753639248 0.5581431603274409 0.024677048949654362 0.023698271767756865
0 0.8115452814441514 0.49133420268429684 0.017273934264757995 0.009075933868503371
0 0.7916138188309689 0.49309896760317173 0.013857112102498093 0.007059059675502013
0 0.7905697898369454 0.4881828367577328 0.00417611597609536 0.007311168949627245
0 0.758109979295477 0.492216585143734 0.013667288649039336 0.005798513304876636
0 0.851408206670516 0.49423345933673457 0.011199583754073927 0.01285757298037872
0 0.835842683486888 0.49511584179617246 0.012338524474827323 0.0126054637062537
0 0.8765598142538173 0.4997798633674863 0.007592938138355123 0.010336480239128108
0 0.8761801673468997 0.4862920172017948 0.009491172672944258 0.011092808061503163
0 0.8836781937585257 0.49019971095073345 0.0066438208710605014 0.00932804314262782
0 0.8392595056491475 0.4827624873640438 0.017273934264757856 0.01310968225450388
0 0.892884631251281 0.4893173284912959 0.00835223195219072 0.010588589513253194
0 0.1964551518704777 0.48869356655072727 0.012122459462062167 0.00814477745107297
0 0.2041564790581407 0.48822003297799055 0.008414413038372572 0.009849498312925462
0 0.2147814582337128 0.4839582308233592 0.011979842291920235 0.008523604309262467
0 0.38731808884307767 0.48849413456009344 0.010254292398632998 0.007513921154170688
0 0.4247403628265948 0.48583295415132466 0.007779118371376796 0.016593242548793796
0 0.433521337351861 0.4900595348005457 0.009311368959678318 0.009079321394622966
0 0.4550907110179512 0.49483400553392515 0.015440371312884267 0.006418140985854208
0 0.47035428418603137 0.5006259864235985 0.009900696109024798 0.015810542428567755
0 0.5012350268117995 0.5043829470006839 0.015086775023276218 0.009862021514849176
0 0.49993850708323684 0.5103314679144023 0.014143851584321465 0.008922781370577795
0 0.49416310101963895 0.5108793579985604 0.016029698462230898 0.006574681009899308
0 0.5091909433279805 0.4827021536704203 0.005068213484381872 0.00657468100989945
0 0.5619946559094471 0.4895899147284101 0.003418097466211023 0.008453161298442069
0 0.9202741495472708 0.4587972839868986 0.001725667758717151 0.005500565980910679
0 0.9158736967625423 0.46085999622974017 0.003278768741562317 0.005500565980910679
0 0.9225945276909678 0.45610605785515107 0.001714406252644949 0.004126964270283153
0 0.9294521527015479 0.4540425757200095 0.003643113286870658 0.0048385098341250906
0 0.9344882210686927 0.45162332080294704 0.004500316413193133 0.0028461822553676797
0 0.9405422181483454 0.4536156483817044 0.003535962896080207 0.0039846551575148225
0 0.9410779701022969 0.4598772493435133 0.002464458988177114 0.003984655157514751
0 0.9445603578029822 0.4662100048617065 0.002785910160548042 0.004696200721356689
0 0.9529180882846265 0.464146522726565 0.0023573085973869466 0.0034154187064412865
0 0.9200764935073954 0.45105408435187344 0.0041788652408222045 0.0034154187064412158
0 0.9782776935034181 0.45622896117981454 0.00194818892346035 0.003881157620956017
0 0.9757937526260062 0.45694050674365655 0.002045598369633126 0.0029755541760661686
0 0.9967367835532039 0.4544177542900351 0.003214511723709279 0.004398645303750115
0 0.7710390967703341 0.454159010448638 0.0034093306160555416 0.003622413779558897
0 0.7856018089731995 0.4540943244882888 0.003117102277536503 0.004010529541654578
0 0.7938816118979055 0.457781424228197 0.0038963778469204157 0.002587438413970631
0 0.7950505252519818 0.4549999279331785 0.0037015589545744375 0.0032342980174632887
0 0.8082495052084249 0.44523234792043936 0.004383425077785432 0.0031049260967647998
0 0.8148246428251034 0.4462673232860276 0.004286015631612514 0.002328694572573582
0 0.820474390703138 0.44665543904812316 0.005454928985688525 0.002328694572573653
0 0.828559374735498 0.4456204636825349 0.004091196739266536 0.004139901462352995
0 0.8336246659364945 0.44769041441371143 0.0037015589545745797 0.004139901462353066
0 0.910529423690088 0.45364152276584396 0.006136795108899662 0.005174876827941262
0 0.8468236458929377 0.4554527296556234 0.0022404172619793885 0.004657389145147164
0 0.8698609799128552 0.45474118409178144 0.002922283385190383 0.002975554176066311
