0 0.07082255745449756 0.6194600727986077 0.055276142403510524 0.08092419592207901
0 0.17110480395549105 0.6257514811161505 0.06901966930634375 0.04489401566871891
0 0.16963002469680755 0.5808574654474308 0.0755086980445465 0.04879784311817211
0 0.26313102969728264 0.631607222290331 0.0430635543535308 0.11125908230943392
0 0.3303809638932074 0.5681700262367064 0.05486178842299122 0.0624612391912612
0 0.5961361863078046 0.4325120223681857 0.07786834485843919 0.09954759996107271
0 0.6167830959293604 0.5174202693938067 0.04483328946394984 0.08588420388798433
0 0.7881524457882729 0.47545412431217754 0.03362496709796359 0.0800284627138034
0 0.8693345576807243 0.44617541844127173 0.038344260725746634 0.05660549801708121
0 0.9150527146998846 0.33589229299420337 0.03421487880143502 0.13273013328143038
0 0.9277358163245545 0.4539830733401813 0.04188373094658501 0.052701670567626605
