0 0.19602066304806987 0.5434648630940351 0.011446853257589353 0.029197770628054086
0 0.21144903048221206 0.5371607989811598 0.029363667052077033 0.03915155606943621
0 0.21816783565514494 0.5252162564515014 0.024884463603455132 0.036497213285067505
0 0.24927341515946388 0.5169214352503495 0.023391395787247866 0.023889085059316882
0 0.25624106496843124 0.5072994426570137 0.023391395787247866 0.023225499363224884
0 0.2729136555827462 0.5026543427843686 0.016921435250349504 0.023225499363224742
0 0.2908304693772339 0.49734565721563107 0.017916813794487625 0.03251569910851383
0 0.2898350908330957 0.5355018347409295 0.02388908505931692 0.03052494202023837
0 0.35105087129759527 0.6151321182719858 0.03384287050069894 0.057068369863923746
0 0.383898363254156 0.6091598470071566 0.023889085059317024 0.053086855687371044
0 0.33064561114276214 0.5215665351229946 0.01791681379448768 0.021234742274948388
0 0.345078600032766 0.5079630283531057 0.018912192338625858 0.029861356324146156
0 0.3791703151694996 0.5421376917018508 0.03234980268449178 0.042469484549896706
0 0.37021190827225575 0.5096219925933361 0.01642374597828038 0.027870599235869733
0 0.3848937417982943 0.48871904316643383 0.027870599235869663 0.03118852771633037
0 0.4157504766665786 0.5321839062604687 0.015926056706211257 0.03450645619679115
0 0.42296697111158055 0.5185803994905799 0.025382152875524255 0.03384287050069901
0 0.433916135097101 0.5557411984717395 0.018414503066556804 0.03517004189288329
0 0.4627821128771089 0.5875933118841621 0.022396017243109512 0.049768927206910264
0 0.4839339069400457 0.5995378544138206 0.016921435250349573 0.0471145844225417
0 0.4401372509979647 0.4970138643675855 0.018912192338626 0.033179284804606794
0 0.44909565789520856 0.49270055734298657 0.02189832797104046 0.017916813794487608
0 0.4836850623040111 0.4757791220926372 0.025382152875524255 0.03583362758897529
0 0.4839339069400457 0.5089584068972439 0.023889085059316882 0.03583362758897536
0 0.5170302435326409 0.48141960050942023 0.017419124522418557 0.03118852771633044
0 0.5476381337648908 0.48042422196528206 0.027870599235869733 0.03583362758897543
0 0.5030949439147061 0.5686811195455362 0.032349802684491634 0.035833627588975216
0 0.5016018760984988 0.5411423131577127 0.011446853257589353 0.02587984214759331
0 0.5419147071360961 0.5275388063878238 0.02538215287552426 0.03052494202023837
0 0.5399239500478198 0.5066358569609214 0.015428367434142132 0.013935299617934832
0 0.5170302435326409 0.5152624710101192 0.022396017243109582 0.029861356324146087
0 0.5570942299342038 0.5663585696092137 0.034838249044837184 0.048441755814726054
0 0.5745133544566222 0.5832800048595632 0.018912192338625785 0.038487970373344
0 0.6252776602076707 0.5517596842951867 0.03284749195656076 0.04711458442254163
0 0.702170652742347 0.5364972132850676 0.03434055977276799 0.03915155606943607
0 0.6772861891388919 0.5199075708827643 0.019409881610695123 0.037824384677251785
0 0.782049780909438 0.49502310727930904 0.026875220691731556 0.03848797037334386
0 0.7489534443168426 0.49369593588712474 0.02339139578724769 0.03716079898115964
0 0.7621422100266738 0.49369593588712485 0.0109491639855203 0.026543427843685522
0 0.7529349584933956 0.46781609373953137 0.017419124522418485 0.026543427843685522
0 0.7688610151996069 0.4628392010188404 0.016423745978280672 0.028534184931961967
0 0.5844671398980043 0.4558715512098729 0.030856734868284334 0.023889085059317024
0 0.6003931966042156 0.4797606362691899 0.023889085059316955 0.02256191366713267
0 0.5884486540745573 0.4940277287351708 0.015926056706211257 0.023225499363224742
0 0.5989001287880084 0.49369593588712474 0.013935299617934972 0.017253228098395537
0 0.614577340858185 0.5059722712648294 0.02438677433138601 0.029861356324146156
0 0.5862090523502462 0.518912192338626 0.013437610345865778 0.03450645619679115
0 0.6155727194023233 0.5232254993632248 0.025382152875524255 0.029861356324146156
0 0.6212961460311179 0.4787652577250517 0.019907570882764035 0.03118852771633044
0 0.6302545529283617 0.4581941011461954 0.02488446360345506 0.02587984214759338
0 0.6374710473733637 0.48838725031838764 0.022396017243109655 0.034506456196791005
0 0.6583739968002661 0.4993364143039078 0.01642374597828043 0.02322549936322503
0 0.7285481841620094 0.4435952158321685 0.028368288507938787 0.02587984214759331
0 0.6957006922054486 0.45189003703331937 0.025382152875524488 0.030524942020239892
0 0.7133686613639019 0.4654935438032089 0.02488446360345506 0.028534184931961873
0 0.6879865084883778 0.485069321837927 0.019907570882763962 0.0305249420202383
0 0.6720604517821664 0.47412015785240674 0.011944542529658549 0.03251569910851458
0 0.6690743161497518 0.45885768684228767 0.020902949426902354 0.024552670755409095
