0 0.03435368155519373 0.48210745752333645 0.03542723410379354 0.05081482063372414
0 0.11347056683001078 0.4978328038298996 0.03996217054756491 0.02933003342940403
0 0.1792798293372393 0.5054097291324975 0.020531023400583662 0.02199752507205389
0 0.22203018618768675 0.4755810851347925 0.028835089115283985 0.014787225187325177
0 0.2340078385894198 0.47173640658608795 0.021737221025367934 0.02602551632969218
0 0.2663918617496621 0.4673002390298905 0.016413819957930828 0.028982961367157216
0 0.26927537066119045 0.5081129805469069 0.04968507662941263 0.031348917397129146
0 0.31297162108973625 0.49598745589330123 0.03060955613776297 0.026025516329692237
0 0.311640770822877 0.45872364842124186 0.028835089115284054 0.03903827449453836
0 0.5175667782635177 0.49657894490079424 0.03682019071643957 0.01656169220980402
0 0.5499508014237577 0.49332575535958206 0.014639352935451797 0.019519137247268083
0 0.5561614360024347 0.4968746894045384 0.03859465773891899 0.03134891739712877
0 0.598970452919739 0.4909597993296101 0.03815104098329865 0.05027656563690658
0 0.7027767737347649 0.48327044223220156 0.03371487342710111 0.047910609606933365
0 0.69390443862237 0.5143236151255843 0.04613614258445452 0.04495316456946824
0 0.719856018826122 0.508408725050653 0.014639352935452021 0.03903827449453589
0 0.7444767487630185 0.4959874558932954 0.03548934044957967 0.05086805464439637
0 0.7819623646128879 0.5119576590956116 0.019075520491649435 0.02839147235966299
0 0.8229969145077182 0.5131406371105983 0.03815104098329868 0.027208494344678157
0 0.8152336212843726 0.5276321177941771 0.04125635827263721 0.04672763159194737
0 0.8584862549572985 0.5137321261180914 0.03903827449453843 0.04968507662941235
0 0.8795580508492362 0.5066342580281737 0.01109041889049468 0.034306362434594236
0 0.9412207798803764 0.5305895628316395 0.04924145987379167 0.05027656563690766
0 0.9608859433980507 0.5122346729243664 0.03580864336798158 0.03121779165413784
