0 0.04817493023734822 0.6669091017314185 0.05109462297900569 0.06520647123034998
0 0.06897774102165767 0.6737217181286193 0.05766393164773498 0.05742062391926353
0 0.1080286314413263 0.6620429471619893 0.026277234674917195 0.061313547574806865
0 0.15036417619535958 0.6717752563008476 0.05401431572066318 0.04768831478040539
0 0.22335649473679628 0.6600964853342177 0.055474162091491905 0.05936708574703516
0 0.3010933139834263 0.6586366389633889 0.056204085276906283 0.060340316660920976
0 0.3288303950291723 0.6649626399036468 0.056204085276906283 0.059367085747035094
0 0.3704360165977912 0.6591232544203319 0.04598516068110513 0.04963477660817695
0 0.37919509482276353 0.6717752563008474 0.024087465118674132 0.06131354757480679
0 0.40839202223933824 0.6503641761953594 0.031386696972817846 0.06909939488589345
0 0.4700705314068523 0.6503641761953594 0.029196927416574637 0.05158123843594858
0 0.49415799652552633 0.647444483453702 0.021897695562430996 0.045741852952633694
0 0.5164206536806646 0.6586366389633889 0.040145775197790175 0.05839385483314942
0 0.5423329267628746 0.64209171342733 0.021897695562430996 0.054500931177605946
0 0.6010969791710484 0.6520699482858183 0.041605621568619 0.05158123843594858
0 0.6248194826970154 0.658395949226076 0.033576466529060836 0.046715083866519506
0 0.6299289449949158 0.6355250227497593 0.017518156449944797 0.030170158330460453
0 0.6890527230134796 0.6559628719413615 0.03795600564154711 0.061313547574806865
0 0.747446577846629 0.6437974855177887 0.03941585201237572 0.07201908762755067
0 0.7518261169591152 0.6652085656232768 0.05255446934983439 0.0661797021442358
0 0.8000010471964633 0.647690409173332 0.05109462297900563 0.06617970214423594
0 0.8930662533367922 0.6394179464053018 0.03576623608529856 0.05158123843594973
0 0.9072997554523752 0.6389313309483596 0.05109462297900563 0.07007262579977919
0 0.9518250697626516 0.6048682489623559 0.04379539112486199 0.050608007522062695
0 0.8682488650327066 0.6009753253068125 0.02846700423116033 0.03503631289988974
0 0.7930667769350269 0.6068147107901275 0.02846700423116033 0.04476862203874788
