0 0.004823413952390117 0.5362249513258469 0.0059718458458163344 0.008541462207357497
0 0.015388987371911323 0.53576737299331 0.0041343548163343844 0.007016201098900968
0 0.08854409898316142 0.5337845335523161 0.006201532224501581 0.009761671094122945
0 0.10622995014192518 0.5345471641065446 0.009417141526094977 0.007016201098900652
0 0.15010004847080674 0.5459866224199696 0.006201532224501598 0.008541462207357568
0 0.14576542991107322 0.5375207929948498 0.004935409789930887 0.006302731853126957
0 0.14766366444566198 0.5375207929948498 0.0030371752553420527 0.005798513304876636
0 0.18857061866605043 0.5453361804927269 0.007403114684896295 0.0073111689496271025
0 0.21799325395217672 0.5331088806976609 0.007023467777978532 0.00857171532025248
0 0.2264403976310968 0.5435714155738515 0.009491172672943976 0.008319606046127461
0 0.23735524620498236 0.5327307167864734 0.004365939429554188 0.008823824594377569
0 0.2633610593288488 0.5425629784773512 0.007023467777978532 0.00831960604612732
0 0.26478473522979046 0.5435714155738515 0.0068336443245196 0.007311168949627172
0 0.2685812042989679 0.5328567714235359 0.005315056696848579 0.007059059675502155
0 0.2808248170470657 0.5358820827130367 0.006264173964142969 0.007059059675502013
0 0.28348234539548994 0.5288230230375346 0.008542055405649548 0.006554841127251905
0 0.2881330200052325 0.526554039570409 0.008352231952190686 0.007563278223752263
0 0.295156487783211 0.5421848145661636 0.006833644324519632 0.009580152416752767
0 0.30787465916495593 0.5415545413808509 0.006453997417601918 0.00932804314262768
0 0.30123083829389513 0.5308398972305353 0.004935409789930852 0.007563278223752263
0 0.31942094525964476 0.5247746898174931 0.004235729953214644 0.005208869300104766
0 0.3419330655665449 0.5238370933434741 0.005020124388995141 0.007500771792150905
0 0.37001438636748646 0.5225869647114477 0.005020124388995319 0.006250643160125679
0 0.39174211223860617 0.522482787325447 0.006432034373400057 0.00604228838812162
0 0.41213636756889893 0.52164936823743 0.009255854342209763 0.006875707476138143
0 0.41378359588403796 0.519357465745384 0.007843944357804914 0.006458997932130117
0 0.42045094858817206 0.5192532883593819 0.006432034373399986 0.0075007717921509
0 0.4457084494203039 0.5189407562013756 0.005804518824775542 0.00604228838812162
0 0.5129310525666921 0.5191491109733799 0.0056476399376195726 0.006458997932130046
0 0.5212456335859653 0.5180031597273568 0.007843944357804843 0.006667352704134188
0 0.5218731491345897 0.5235245611854679 0.006275155486243874 0.006458997932130117
0 0.5241478929983532 0.5259206410635161 0.006432034373400128 0.006667352704134047
0 0.5304230484845971 0.5241496255014805 0.008000823244961097 0.008125836108163469
0 0.5294817751616604 0.5184198692713652 0.006118276599087764 0.005000514528100623
0 0.5417967678034142 0.5242538028874826 0.008157702132117067 0.006667352704134188
0 0.5553667915424166 0.5180031597273568 0.004863245501839018 0.005417224072108979
0 0.5741922580011486 0.5173780954113442 0.006745792147712208 0.005000514528100694
0 0.6200008930507291 0.5211284813074196 0.009255854342209845 0.007500771792151042
0 0.6281585951828462 0.5111274522512184 0.007687065470648804 0.0075007717921509
0 0.6442386811163463 0.5096689688471892 0.007530186583492764 0.007084062248142544
0 0.7024407482512588 0.5071687115831388 0.006902671034868319 0.006250643160125762
0 0.7111475264884223 0.5070645341971367 0.00486324550183923 0.0056255788441131925
0 0.7165598480953076 0.5065436472671262 0.007530186583492622 0.006250643160125691
0 0.7232272007994424 0.5159196120073148 0.009569612116521447 0.00750077179215089
0 0.7289532801806393 0.5155029024633064 0.005333882163307209 0.006667352704134047
0 0.7560148882150665 0.5146694833752897 0.008314581019273248 0.005833933616117406
0 0.7725656108100349 0.5093564366891827 0.00847145990642943 0.006042288388121549
0 0.7910773194944545 0.5139402416732751 0.010667764326614702 0.00604228838812162
0 0.7968818383192307 0.5190449335873778 0.008471459906430515 0.0037503858960756826
0 0.7906066828329861 0.504043390003076 0.005020124388995271 0.004167095440083841
0 0.7949992916733569 0.5037308578450695 0.005020124388995129 0.005208869300104908
0 0.8082555576380471 0.5027932613710506 0.006118276599087977 0.005000514528100552
0 0.8122559692605279 0.5026890839850485 0.006275155486244017 0.0056255788441131925
0 0.8117853325990595 0.5161279667793192 0.008157702132117209 0.008334190880167753
0 0.8123344087041058 0.5137318869012709 0.008314581019273105 0.006458997932130046
0 0.8186880036339278 0.5156070798493085 0.00847145990642943 0.004792159756096339
0 0.8219824602642057 0.513836064287273 0.009726491003677893 0.005417224072108979
0 0.8307676779449474 0.5167530310953317 0.004078851066058462 0.006250643160125904
0 0.8338268162444913 0.5120650487252374 0.009569612116521995 0.006875707476138402
0 0.8550839054541427 0.5125859356552478 0.011922795423863448 0.005833933616117477
0 0.8474752794270719 0.5145653059892876 0.010824643213770883 0.00687570747613826
0 0.8443377016839498 0.5159196120073148 0.00705954992202436 0.006667352704134259
0 0.9112849893132264 0.5105023879352059 0.005490761050463533 0.006250643160125691
0 0.8960677372590848 0.5126901130412499 0.008942096567897692 0.003542031124071343
