0 0.8516991922577156 0.6322425554999568 0.16792744346376806 0.10745861512609933
0 0.6339038624482997 0.49720291436887254 0.07976487103630514 0.10479393254697712
0 0.4361363280053233 0.5765115176930147 0.10800921870212928 0.1052258061427696
0 0.7696971220128676 0.5543931150748059 0.09891273648131127 0.08000516205831291
0 0.2791530534332874 0.5992359635097528 0.15248401118259805 0.07441888946333741
0 0.549646624396829 0.5230355854907067 0.042219633214613965 0.04828606898488561
0 0.12694856606277766 0.561856138939951 0.06847662084242877 0.08610736123876633
0 0.20273621503044578 0.5535605436836193 0.10185328464882047 0.0740078795189951
0 0.08633186115938074 0.5457030452154821 0.04349624783385034 0.061150444878472224
0 0.6374855782255169 0.6516150339219641 0.1402127149490837 0.09345782072893993
0 0.6050412047143076 0.5503961500778698 0.07946214862898285 0.06760361615349264
0 0.4893034243116191 0.6837415707656761 0.139995589910769 0.08611689548866423
0 0.31879084363596516 0.5371882131740381 0.09305436569698408 0.06818397966986225
0 0.2508863065057335 0.530481592222904 0.09808433141033454 0.05029965713350492
0 0.5811873883490816 0.564573582057834 0.0947310209347666 0.05365296760907167
0 0.5665166550184766 0.6171087795083847 0.12239583235819516 0.05588850792611666
