0 0.14827624906293055 0.49457019351354786 0.012438840010310521 0.023866392214904764
0 0.1784631900635622 0.4959859964415507 0.008494817568017012 0.020225756114326074
0 0.18635123494814937 0.49477245107469114 0.009101590251446722 0.016180604891460747
0 0.20136885886303646 0.4931543905855451 0.013652385377170085 0.020225756114326005
0 0.2162347746686718 0.4976040608774071 0.008798203909731833 0.01941672586975308
0 0.22199913009964908 0.496188254002694 0.012438840010310486 0.016585120013747314
0 0.22928040230080649 0.49517696619697765 0.004550795125723361 0.018607695625180012
0 0.23201087937624051 0.49942437498098613 0.005764340492582925 0.016585120013747387
0 0.23686506084367875 0.5014469505924187 0.010618521960021212 0.014158029280028189
0 0.24126416279854468 0.49214310277982876 0.009101590251446759 0.014158029280028118
0 0.24627003743684037 0.5030650110815649 0.011225294643450958 0.019012210747466583
0 0.24945559402484674 0.49800857205298327 0.007281272201157378 0.02022575611432593
0 0.2647766042814487 0.500031147664416 0.01001174927659143 0.024270907337191262
0 0.28034994262240714 0.49992234494933063 0.013676318935306853 0.022793864892178134
0 0.3054231940038031 0.5034174042327979 0.009117545956871247 0.023705619487865235
0 0.3085003657642471 0.49961842675076823 0.0056984662230445335 0.01975468290655428
0 0.30530922467934224 0.49293222638239614 0.004330834329513884 0.015499828126681124
0 0.25653035381008105 0.4976429584601128 0.004786711627357363 0.02127427389936628
0 0.29163290574403533 0.5032654451335168 0.009801361903636554 0.02157819209792862
0 0.26211485070866464 0.4876136579075545 0.005470527574122741 0.011548891545370239
0 0.3433749790492797 0.49977038585004946 0.012992502988541545 0.02127427389936635
0 0.36765044515944945 0.5044811179277663 0.009573423254714868 0.02036251930367911
0 0.3757422671961727 0.49612336746730085 0.007521975414418804 0.018235091913742424
0 0.3801870708501474 0.5015938950414237 0.009117545956871283 0.02492129228211475
0 0.388962708833636 0.5029615269349544 0.009345484605793004 0.021578192097928692
0 0.4017272731732557 0.49733904026155046 0.01253662569069796 0.02492129228211482
0 0.3625218255587093 0.4639080384196892 0.005698466223044462 0.009117545956871283
0 0.377451807063086 0.4672511386038753 0.007749914063340597 0.009117545956871283
0 0.41278229764596214 0.506760504416984 0.011396932446089067 0.019450764707992008
0 0.43842539564966254 0.5060007089205781 0.01162487109501086 0.020362519303679178
0 0.4581420887813967 0.49399594007736425 0.009573423254714797 0.02127427389936628
0 0.47010886784979017 0.5094957682040454 0.007977852712262319 0.020666437502241522
0 0.4769470273174436 0.5079761772112336 0.007977852712262319 0.021882110296491106
0 0.4846969413807842 0.5031134860342356 0.00615434352088812 0.018235091913742424
0 0.48959762233260234 0.5003782222471742 0.005926404871966256 0.015803746325243607
0 0.44742897228207285 0.5011380177435801 0.009117545956871212 0.013676318935306781
0 0.50977019276218 0.5070644226155464 0.009801361903636589 0.020058601105116907
0 0.5300567325162188 0.5053928725234533 0.008889607307949418 0.01975468290655435
0 0.5501153336213354 0.5034174042327979 0.014360134882072302 0.015195909928118709
0 0.5639056218811033 0.5029615269349544 0.011396932446089067 0.022793864892178207
0 0.581798805821463 0.5032654451335168 0.011168993797167275 0.018539010112304907
0 0.5935376462409347 0.5032654451335168 0.010941055148245553 0.020362519303679036
0 0.6331989711533247 0.5028095678356732 0.010029300552558454 0.020666437502241522
0 0.6420885747201287 0.505544825692291 0.00820579136118404 0.01884292831086725
0 0.6530296336095196 0.500986058644299 0.01230868704177624 0.010941055148245553
0 0.6683015230872791 0.5060007089205781 0.010485177850401897 0.020970355700803866
0 0.39057287492747234 0.4660354658096258 0.00888960730794956 0.008509709559746455
0 0.45006486229605724 0.46056493823550304 0.00980136190363666 0.007901873162621769
0 0.4406054083658033 0.4628443247247209 0.006838159467653426 0.006382282169809841
0 0.4320577090312365 0.4658835067103446 0.009801361903636589 0.005774445772685226
0 0.5680231131130792 0.4660354658096258 0.010485177850401968 0.008509709559746455
0 0.5212956900841139 0.4657315476110634 0.007749914063340597 0.007901873162621698
0 0.5287036961740719 0.4637560793204079 0.005242588925201019 0.0069901185669346685
0 0.6060888674830167 0.46603546580962585 0.009117545956871212 0.005470527574122812
0 0.5194721808927398 0.475153011766497 0.0072940367654970115 0.012764564339619682
0 0.6146365668175835 0.5043291588284851 0.016639521371290017 0.017019419119493052
0 0.6872350264991707 0.5047850361263286 0.009573423254714868 0.017323337318055323
0 0.7498041856281997 0.486549944212586 0.009801361903636802 0.014891991729556367
0 0.7395469464267197 0.5037213224313603 0.017551275966977045 0.011548891545370239
0 0.9178177562160198 0.45899008938840713 0.010360847678262815 0.007459810328349192
0 0.9046594796646261 0.45968081256695803 0.010153630724697535 0.008841256685450887
0 0.9104615543644533 0.45926637865982756 0.006423725560523081 0.004144339071305083
0 0.8141056709566092 0.45456946104568163 0.00642372556052294 0.009117545956871283
0 0.7943164518911273 0.4571942091241749 0.00455877297843557 0.009393835228291536
0 0.7217905181432879 0.5054066869870245 0.014505186749567826 0.01574848847095943
0 0.7091502771737246 0.5070644037459533 0.014919620656698527 0.011327860128233952
0 0.7006543888796318 0.505821120894155 0.015334054563828801 0.011604149399654418
0 0.7095647178829377 0.4936643552124738 0.01864952582087284 0.013814463571017087
0 0.7064564635794589 0.4862045826233107 0.01284745112104588 0.007736099599769517
0 0.32973604199782386 0.506649988708416 0.013261885028176365 0.018787670456583142
0 0.42002876487677343 0.49697986420870405 0.003729905164174596 0.017682513370901844
0 0.422929802226687 0.5002953354657481 0.006216508606957589 0.019340248999423933
0 0.40798116366406423 0.4620292713740308 0.007459810328349192 0.008012388871189912
0 0.36747024924205673 0.4642395855453935 0.007252593374783984 0.0063546532426678225
0 0.4979133215113852 0.49324995904452934 0.014090752842437482 0.01851138118516282
0 0.46281906578799875 0.4816458096448751 0.01554127151739415 0.007459810328349192
0 0.46199019797373764 0.5015386371871396 0.01388353588887206 0.02127427389936628
0 0.47183300326808736 0.494493260765921 0.007459810328349192 0.015472199199539034
0 0.2726517582948798 0.4875138783552707 0.006507639864032839 0.010731897319633034
0 0.3248841308877749 0.487742216596114 0.004795103057708374 0.01255860324637915
0 0.9050398340893104 0.4537198187104686 0.01044647451857898 0.00616513250276796
0 0.8448441653470067 0.4565740467210094 0.006507639864032768 0.008676853152043761
0 0.8392784207264523 0.4610266424174529 0.009076445073519323 0.008448514911200461
0 0.819412999394645 0.4610266090002277 0.011473996602373688 0.006621808984454489
0 0.7398656591193195 0.4884272313186437 0.009247698754151941 0.010275220837946648
0 0.7314742287683299 0.48899807692075187 0.010275220837946648 0.00913352963373029
0 0.7266791397645115 0.4859155106693679 0.010960235560476405 0.008448514911200532
0 0.6094559813177143 0.49036810636581135 0.012501518686168325 0.008220176670357304
0 0.6040614903777923 0.49676157710942265 0.01575533861818478 0.00639347074361126
0 0.5456639909036854 0.4901397859474881 0.017810382785774053 0.00639347074361126
0 0.5097863391896326 0.4940215182193036 0.009761459796049152 0.011873588523849392
0 0.5031930724852836 0.4782661796011187 0.004110088335178546 0.012786941487222378
0 0.7700063069106293 0.4610266424174529 0.00548011778023806 0.007078485466140947
0 0.7571622808631964 0.48717137099400587 0.010960235560476263 0.007306823706984247
0 0.3644775911730049 0.496647407989001 0.008905191392887061 0.018038721026617282
0 0.35745619026707476 0.5026983713713473 0.007877669309092354 0.020093765194206695
0 0.3585693391911856 0.4939073490988818 0.0066788935446652434 0.010731897319633034
0 0.35052041620146085 0.5057809376227312 0.00804892298972483 0.017125368063244224
0 0.33211064553347314 0.49493487118267654 0.004795103057708374 0.015983676859027938
