0 0.10765107595007678 0.7063424425580587 0.10342946512850515 0.06027338887829813
0 0.011467278501827527 0.7028219056899246 0.022934557003655053 0.03527459862462635
0 0.02090003985010501 0.5693876365337315 0.032922186666537095 0.02505577233136215
0 0.02200977647931412 0.5475252469504841 0.015906225018663987 0.030459958520479308
0 0.03514165992495532 0.5573510400216064 0.021454908164709567 0.018669006835132507
0 0.045684157902441916 0.5590705538090528 0.021084995954973196 0.019160296488688715
0 0.06584437333307419 0.5632465158642799 0.025154030262073288 0.020634165449356912
0 0.1389020347560076 0.5738092434157365 0.030702713408118854 0.015229979260239829
0 0.24127044667221628 0.4730511531722945 0.009782802240961886 0.008932539155565777
0 0.2826944999112893 0.4878710476803923 0.010088514810991924 0.014210857747491019
0 0.33374849910630927 0.49375840303292434 0.0119227902311723 0.012992784226277579
0 0.3387927565118052 0.49132225599049717 0.011005652521082184 0.014616882254562213
0 0.34933984017784225 0.4937584030329243 0.013757065651352604 0.016240980282846918
0 0.3693524143526876 0.4754833345358395 0.0039046684376491925 0.006406096655517998
0 0.3791140854468105 0.4774661739768332 0.010106200662150613 0.005490939990444232
0 0.3949624455760923 0.47487323009245686 0.008728082390039233 0.009456618872431549
0 0.4039202143448168 0.47685606953345056 0.008268709632668774 0.0067111488772094675
0 0.4090881578652348 0.4838722706323513 0.005282786709760501 0.015252611084566896
0 0.4329755412485001 0.4914985761746348 0.012173378070317896 0.008541462207357568
0 0.41816076982330186 0.4803641700829009 0.007349964117927783 0.0057959922121353456
0 0.41666780836184786 0.482194483413049 0.011714005312947435 0.008846514429048895
0 0.4274436707987432 0.4774500719412259 0.00499160095496677 0.0071977103055994715
0 0.4332909747745613 0.47830243237215214 0.007558710017521051 0.009660084883830678
0 0.4525442927437189 0.4866366232523199 0.012122459462062167 0.006629470018315118
0 0.46117263153730426 0.48521602253410945 0.006845624166811461 0.00871301773835711
0 0.5192981400327125 0.5273686450538408 0.01941893928884326 0.013034049472266248
0 0.5366290213335081 0.549831581378385 0.017748492898405105 0.030227901967596435
0 0.5528114707408774 0.5674414141760213 0.028397588637448193 0.014975290883029402
0 0.5495749808594037 0.5732651384083105 0.025683113252986375 0.015529931286104599
0 0.4909005513952641 0.4856319547224349 0.008978649348604933 0.007764965643052193
0 0.5047861370157811 0.484938654218591 0.007517008756971535 0.005269083829213983
0 0.5171056791452624 0.48479999411782215 0.00918745514740955 0.006101044433826672
0 0.5244138821034292 0.4852159744201285 0.005428950768924068 0.004159803023063731
0 0.5302604444699628 0.4845226739162846 0.007517008756971677 0.004437123224601294
0 0.540700734410201 0.48771185623396673 0.009605066745019286 0.005269083829213983
0 0.5517674417468537 0.48812783653627323 0.009605066745019215 0.007764965643052264
0 0.6150355987846982 0.5625883106491136 0.029232811832667308 0.027454699952220524
0 0.6301740191980437 0.5233475021315459 0.015660434910357637 0.021076335316856144
0 0.5686807114500397 0.49825002389239487 0.010857901537847851 0.012479409069191262
0 0.5820442825735449 0.4976953834893197 0.011275513135457516 0.008596926247664954
0 0.5900833058275283 0.49506084157471264 0.009396260946214525 0.011092808061503163
0 0.5702467549410756 0.48077885119552716 0.0068905913605573944 0.008596926247665025
0 0.5971827029868905 0.4795309102886081 0.0031320869820713054 0.009428886852277784
0 0.6067126247449619 0.4815475761268368 0.0028238199688098574 0.007292417020146686
0 0.6540900486661037 0.48269352737285987 0.0031375777431219376 0.00875090042417611
0 0.6607574013702379 0.4779013676167634 0.00329445663027812 0.005833933616117335
0 0.6793475494982354 0.5599931477864156 0.012864068746799972 0.013751414952276733
0 0.6864070994202599 0.5511380699762374 0.014432857618361083 0.01145951246023074
0 0.6932313310115502 0.5473876840801618 0.01898234534588795 0.01562660790031444
0 0.7213910912560699 0.5754114009147259 0.03325832407709264 0.019585348568394684
0 0.7155865724312948 0.5559302297323336 0.01694291981285874 0.019793703340398167
0 0.7020165486922916 0.5758281104587344 0.013020947633956287 0.007917481336159648
0 0.7770830961964847 0.5623892276644638 0.01757043536148316 0.016043317444322795
0 0.8127730430244973 0.5685356934385873 0.028395078575253904 0.02375244400847798
0 0.8369323916465362 0.5883293967789851 0.03341520296424892 0.01958534856839417
0 0.9084691641897166 0.5903087671130258 0.03372896073856091 0.021460541516432518
0 0.9484652855692217 0.5768698843187546 0.03027762522112681 0.028752958536578645
0 0.6747102013101286 0.4992728848215207 0.00984058473979161 0.010607152029304387
0 0.7396010137246967 0.5123424114290565 0.016971443246886934 0.009470671454735964
0 0.7526504847926812 0.5040082205488887 0.00855703020851422 0.005682402872841479
0 0.7594961089594926 0.5040082205488886 0.00713085850709561 0.006440056589220475
0 0.7602805033952733 0.5101641569944672 0.010981522100927066 0.007387123734694043
0 0.7677679048277233 0.5098800368508251 0.00741609284737919 0.0071977103055994715
0 0.825313932979983 0.5103535704235618 0.011837225121778231 0.010796565458399101
0 0.8313751627110142 0.5070388354144043 0.010268436250217127 0.0071977103055991636
0 0.9352918790017297 0.5086934634685623 0.009664965249286298 0.013775522115979726
0 0.9450747096808852 0.5011795423143915 0.007543387511638287 0.005009280769447173
0 0.9626366587314176 0.5093978935767658 0.005893271493467296 0.01518438233238662
0 0.9879777261533269 0.509319623564743 0.0049503480545124035 0.015340922356431861
0 0.9934584686422514 0.503136292614957 0.0053039443441205945 0.007357381130125518
0 0.9691192573742318 0.5034493726630472 0.008486310950592895 0.005478900841582757
0 0.9616348025775284 0.5021970524706855 0.004596751764904496 0.005791980889673312
0 0.9827327145241411 0.5037624527111377 0.008132714660984846 0.004539660697311447
