0 0.020461822852961088 0.37785751995269395 0.04025822057249255 0.0851744170789923
0 0.12726255676841686 0.22850654556071082 0.06887150130996675 0.05264252166687747
0 0.13042332615220753 0.24329377074803546 0.06720793847639257 0.05974038975679338
0 0.1435654725374423 0.2163810209071035 0.05423214837451447 0.05678294471932811
0 0.1919751509944483 0.2128320868621455 0.04325263367292584 0.06033187876428616
0 0.2422147485683844 0.1974533726673279 0.04125635827263682 0.06861272486918847
0 0.14007199058693703 0.4077277148310904 0.04591433420664434 0.10114462028130361
0 0.314746088112215 0.26458737501778395 0.04391805880635574 0.07630208196659745
0 0.2966132532262561 0.4577085359642485 0.04158907083935157 0.08990632913893579
0 0.3237293274135152 0.373717096900243 0.04059093313920756 0.07689357097409046
0 0.40424576855850025 0.3994468687261885 0.05656113634151878 0.08458292807149943
0 0.414726214410016 0.19952358419355343 0.03360396923819633 0.05619145571183524
0 0.4907510359043513 0.23057675708693587 0.0312749812711919 0.06979570288417446
0 0.5418224148950764 0.198636350682314 0.03293854410476636 0.05914890074930045
0 0.64097075977609 0.17615976839757938 0.04957417244050974 0.059148900749300216
0 0.5677739950988301 0.3373405229394228 0.0356002446384845 0.07038719189166699
0 0.6055368714209637 0.3447341355330863 0.04325263367292607 0.07925952700406264
0 0.6211743620565584 0.4307957861233173 0.06587708820953449 0.07866803799656925
0 0.8470861948559112 0.19774911717107405 0.0365983823386272 0.06328932380175144
0 0.7975120224154117 0.21874697693707607 0.019962754002888366 0.05441698868935634
0 0.8249608091693823 0.2521661058604308 0.06221724997567055 0.06920421387668171
0 0.9698895127123085 0.19745337266732763 0.04225449597278048 0.06742974685420242
0 0.7888938764194491 0.6866147818640427 0.08883425531285534 0.1443233178282929
0 0.8010378851045401 0.5411084860207638 0.055895711208088936 0.11829780149860075
0 0.8803898322660203 0.47397448367030676 0.04824332217364834 0.094046752191388
0 0.9823662339641127 0.5777808044853281 0.03526753207177421 0.1005531312738098
0 0.936119187190749 0.9183745169659613 0.07718931547783796 0.16325096606807046
0 0.4300633732175212 0.795936292414912 0.15504405608910385 0.12066375752857285
0 0.3259243398357839 0.7001150732010463 0.06454623794267406 0.13012758164846092
0 0.194835588550147 0.7595597184540921 0.12243822455105188 0.12717013661099574
0 0.26304166472668267 0.6232215022269537 0.051903160407510834 0.10410206531876746
0 0.38398268272751956 0.590393862311094 0.08218000397855946 0.1117914224161779
