0 0.9886191275738796 0.48022654491128947 0.022761744852240896 0.022694001563989943
0 0.9665077182888457 0.49402585272796046 0.01885973144899964 0.022544966329838517
0 0.9843919463870349 0.5309527191534259 0.03121610722593033 0.037434941087345804
0 0.922284899718778 0.4979278661312017 0.0201604025834132 0.018209395881792503
0 0.9086278528074336 0.48708894001108705 0.021461073717826906 0.026013422688275084
0 0.8956211414632962 0.507032564072098 0.017559060314585793 0.031216107225930045
0 0.8826144301191586 0.44416679257543323 0.027964429389895712 0.03208322131553935
0 0.8601778530505214 0.4437332355306286 0.02731409382268879 0.03295033540514851
0 0.8299372491754017 0.46107551732281193 0.0201604025834132 0.022544966329838517
0 0.8237590612869363 0.4727815575325358 0.03251677836034389 0.021677852240229212
0 0.8361154370638668 0.48882316819030536 0.029915436091516194 0.022544966329838375
0 0.8510731551096251 0.4979278661312017 0.03251677836034389 0.023412080419447603
0 0.811727853293609 0.5074661211169026 0.030565771658723123 0.023412080419447603
0 0.7850640950381272 0.48145269842862737 0.03316711392755081 0.021677852240229212
0 0.7785607393660584 0.46844598708449 0.024062415986654314 0.018209395881792503
0 0.7684805380743518 0.4987949802208108 0.02471275155386124 0.025146308598665783
0 0.7444181220876973 0.4411318932618011 0.02211140928503383 0.029481879046711797
0 0.6995449679504228 0.43462853758973224 0.018209395881792715 0.030348993136320886
0 0.6660526862392686 0.43809699394816903 0.01755906031458565 0.030348993136320886
0 0.7333624174451804 0.5092003492961209 0.03902013403241256 0.026880536777884174
0 0.7255583906386979 0.48925672523511 0.03251677836034389 0.018209395881792646
0 0.7151530215633878 0.4862218259214779 0.03251677836034389 0.020810738150619984
0 0.7206808738846462 0.47321511457734033 0.02926510052430956 0.012139597254528454
0 0.7219815450190601 0.4632433025468349 0.022761744852240612 0.011272483164919293
0 0.6988946323832159 0.46237618845722567 0.02731409382268879 0.016475167702574182
0 0.6771083908817854 0.458907732098789 0.022761744852240754 0.018209395881792646
0 0.6810104042850269 0.4753828998013633 0.024062415986654456 0.018209395881792573
0 0.6307885685253903 0.45820881574693234 0.023360748312046552 0.016180604891460816
0 0.648384976344854 0.46670363331494924 0.02457429367890597 0.015371574646887822
0 0.6289682504751011 0.47378264795496333 0.023967520995476478 0.01415802928002826
0 0.6565764075711562 0.4810639201561207 0.022753975628616707 0.01577608976917439
0 0.6641610661140284 0.4893564801629944 0.0288217024629148 0.018607695625179943
0 0.5857356967807291 0.45537720989092656 0.024877680020621115 0.017798665380606947
0 0.5790611972630014 0.46528783038694643 0.01941672586975301 0.014158029280028189
0 0.5996914684996141 0.46650137575380596 0.021843816603472135 0.016585120013747314
0 0.6174395694899352 0.49057002552985396 0.03246233856349342 0.020225756114326147
0 0.6303334890128179 0.5043235396875957 0.030945406854918856 0.021034786358898997
0 0.5497844152875144 0.4557817250132131 0.014865930744029683 0.01941672586975301
0 0.5374972684480613 0.46811943624295194 0.02366413465376148 0.01901221074746651
0 0.5585826191972463 0.4727713601492471 0.023967520995476405 0.021843816603472205
0 0.5059450889097127 0.4527478615960642 0.0206302712366125 0.01577608976917439
0 0.5217211786788871 0.49016551040756745 0.030338634171489076 0.025079937581764397
0 0.5353735640560572 0.49987387334244393 0.026091225387480675 0.01941672586975301
0 0.4543694108181813 0.49319937382471635 0.0230573619703317 0.023057361970331626
0 0.4665048644867769 0.48955873772413766 0.029731861488059366 0.022248331725758633
0 0.4110884930236773 0.46508557282580304 0.024877680020621115 0.01698963513603388
0 0.41442574278254113 0.48409778357326955 0.024877680020621115 0.020225756114326005
0 0.4013801300888008 0.48207520796183695 0.015776089769174318 0.016180604891460747
0 0.3930370056916413 0.49259260114128656 0.02821492977948494 0.01941672586975301
0 0.3937954715459286 0.4990648430978709 0.020023498553182792 0.0226528468480452
0 0.3385791573538184 0.47398490551610656 0.021237043920042352 0.017798665380606947
0 0.3540518607812778 0.48065940503383414 0.012742226352025482 0.014967059524601254
0 0.3469222817509779 0.4913790557744271 0.011832067326880776 0.02588896782633732
0 0.3617882124950076 0.4942106616304327 0.0263946117291956 0.02103478635889914
0 0.32401661295150364 0.49764904016986816 0.030945406854918856 0.024675422459477757
0 0.3158251817252015 0.47115329966010094 0.02123704392004239 0.018607695625179943
0 0.29716692170973574 0.4818729504006937 0.01607947611088921 0.011730938546309062
0 0.3012626373228868 0.48430004113441294 0.020630271236612607 0.012539968790882199
0 0.2862450134079997 0.4879406772349915 0.02518106636233597 0.017394150258320452
0 0.27653665047312315 0.4950196918750057 0.022147202945187062 0.021843816603472278
0 0.26364273095024027 0.4739849055161066 0.016382862452604136 0.014562544402314827
0 0.2557546860656531 0.4762097386886825 0.0175964078194637 0.013348999035455193
0 0.25560299289479566 0.4845022986955561 0.02032688489489768 0.01618060489146089
0 0.2313320855576044 0.4954242069972922 0.013045612693740338 0.025079937581764255
0 0.21828647286386407 0.49178357089671354 0.021540430261757244 0.017798665380606878
0 0.21434245042157052 0.49946935822015737 0.017293021477748773 0.023461877092618266
0 0.15882274988774545 0.46650137575380596 0.021540430261757244 0.01901221074746651
0 0.16140153379232203 0.49421066163043265 0.021843816603472153 0.02427090733719133
0 0.0916226751978971 0.4927948587024298 0.024877680020621053 0.02143930148118571
0 0.07159917664471427 0.47924360210583133 0.01880995318632323 0.021843816603472063
0 0.0420190083275124 0.482075207961837 0.015472703427459442 0.021843816603472205
0 0.05491292785039528 0.48430004113441283 0.010921908301736076 0.017394150258320452
0 0.0503621327246719 0.49057002552985396 0.013955771718884983 0.02427090733719133
0 0.13212475181683506 0.4889519650407078 0.022753975628616824 0.020225756114326074
0 0.13030443376654569 0.4810639201561206 0.022753975628616807 0.018203180502893376
0 0.18931307723009197 0.4701420118543846 0.021237043920042352 0.014967059524601325
0 0.19340879284324303 0.4762097386886824 0.019113339528038155 0.012539968790882199
0 0.19811128113982385 0.48409778357326955 0.013348999035455193 0.01051739317944957
0 0.19219524747638345 0.4919858284578568 0.017293021477748773 0.021439301481185568
