0 0.4159089513190196 0.4295214973414882 0.01563670959304602 0.018129518368749088
0 0.33602576100671916 0.42294954693281667 0.018356137348358458 0.012237424898905615
0 0.3214088368219153 0.42906825938226945 0.008838140204765246 0.010877711021249396
0 0.30526223452474816 0.4222696899939886 0.013937067245975748 0.011784186939686876
0 0.28452659789049145 0.41977688121828555 0.011897496429491526 0.009517997143593249
0 0.27347892263453494 0.4247624987696916 0.01631656653187413 0.016769804491092798
0 0.2836767767169563 0.43042797325992566 0.006118712449452772 0.011784186939686876
0 0.29081527457465123 0.4295214973414882 0.008158283265937101 0.009971235102811988
0 0.2311578281924865 0.4385862565258627 0.022095350511912918 0.01722304245031154
0 0.20957237038469465 0.4385862565258627 0.013597138776561763 0.013597138776561692
0 0.051499163116227716 0.4227229279532073 0.015976638062460084 0.011784186939686804
0 0.02957377683902186 0.4268020695861759 0.016996423470702217 0.011784186939686876
0 0.05421859087154007 0.4379063995870346 0.015296781123632001 0.012237424898905544
0 0.0705351574034142 0.4224963089735979 0.009857925613007286 0.010424473062030728
0 0.0866817597005813 0.4369999236685971 0.014956852654217964 0.014956852654217983
0 0.11778521465196637 0.4224963089735979 0.013937067245975819 0.014956852654217983
0 0.12339403439729811 0.43745316162781583 0.018356137348358406 0.012237424898905544
0 0.16214587991049917 0.42045673815711365 0.014956852654217947 0.013597138776561763
0 0.17642287562588904 0.43767978060742524 0.014276995715389838 0.009971235102811846
0 0.20293729624018447 0.4172840724425826 0.013597138776561763 0.013597138776561763
0 0.1900200144024508 0.4195502622386762 0.014956852654217947 0.013597138776561834
0 0.9750152574980677 0.4236294038716447 0.020055779695428554 0.018129518368749088
0 0.8424431544265905 0.42748192652500394 0.020055779695428554 0.011330948980468065
0 0.8162686622817088 0.42589559366773844 0.018016208878944298 0.013597138776561763
0 0.75457164508306 0.42793516448422264 0.014276995715389802 0.016769804491092798
0 0.7601804648283916 0.4238560228512542 0.010537782551835306 0.01586332857265539
0 0.770718247380227 0.42612221264734773 0.01393706724597564 0.014050376735780433
0 0.7788765306461637 0.4252157367289101 0.008498211735351393 0.01767628040953028
0 0.7911139555450697 0.428161783463832 0.016656495001288078 0.009971235102811917
0 0.8028414877398541 0.4286150214230507 0.009517997143593249 0.012690662858124212
0 0.7268674748258153 0.40912578917664555 0.011217639490663487 0.010877711021249325
0 0.7120805864063044 0.4102588840746924 0.010877711021249467 0.009517997143593178
0 0.6770679540566579 0.4136581687688329 0.01903599428718664 0.01631656653187413
0 0.6610913159941978 0.4243092608104729 0.01563670959304588 0.014956852654217983
0 0.6507234976770694 0.4222696899939886 0.007138497857694972 0.010877711021249467
0 0.6124815448679893 0.4254423557085197 0.01835613734835853 0.011784186939686876
0 0.5958250498667012 0.4234027848920354 0.01631656653187406 0.013143900817343023
0 0.5829077680289675 0.42657545060656654 0.014276995715389873 0.010424473062030728
0 0.5380372100663137 0.425668974688129 0.013597138776561834 0.01586332857265539
0 0.5546937050676017 0.4252157367289104 0.0067985693882809525 0.013143900817343094
0 0.5631919168029529 0.42453587979008217 0.01631656653187413 0.011784186939686876
0 0.597384225904096 0.4114912418315766 0.008427978580513624 0.008615266993414005
0 0.5816519992204712 0.41224039548317776 0.01179917001271889 0.007866113341812522
0 0.5666221040852221 0.4135514143734798 0.009832641677265599 0.00898984381921437
0 0.5527159394273748 0.4120531070702774 0.009551709057915261 0.005993229212809581
