0 0.6007664635582673 0.503284749195656 0.02573053536597257 0.027737882096651276
0 0.6716623003645111 0.5062045262584615 0.027372909963800537 0.02043843943963779
0 0.7168276018047822 0.48832089174877835 0.023540702568868567 0.018248606642533787
0 0.5621706605093085 0.46313781458208175 0.01751866237683245 0.013138996782624162
0 0.541640978036458 0.4660575916448872 0.016971204177556275 0.014598885314026972
0 0.5246697738589016 0.4879559196159277 0.01806612057610849 0.018978550908235123
0 0.5057824659838792 0.48284630975601817 0.01642374597828038 0.014598885314027043
0 0.5706562625980867 0.4806564769589141 0.023540702568868567 0.011679108251221563
0 0.5747621990926569 0.4930655294758371 0.024088160768144604 0.016058773845429784
0 0.4691027666323863 0.4981751393357466 0.022993244369592603 0.02043843943963786
0 0.4504891878570019 0.4952553622729411 0.018613578775384453 0.02189832797104046
0 0.4302332344837895 0.502189832797104 0.025183077166696675 0.01678871811113112
0 0.3828781002464144 0.5047446377270588 0.023540702568868567 0.018978550908235192
0 0.4816943052157346 0.46970731297339385 0.019708495173936455 0.017518662376832524
0 0.452679020654106 0.47445195070045265 0.019708495173936386 0.015328829579728307
0 0.4592485190454181 0.4667875359105885 0.015328829579728379 0.013138996782624304
0 0.4477518968606219 0.4609479817849777 0.013138996782624375 0.011679108251221563
0 0.4400874820707577 0.47080222937194594 0.012044080384072231 0.012409052516922899
0 0.42503238159066725 0.4784666441618101 0.016971204177556345 0.014598885314027043
0 0.4220213614946492 0.46350278671493245 0.014233913181176306 0.012409052516922899
0 0.4291383180852374 0.46167792605067903 0.012044080384072231 0.008759331188416226
0 0.4034077827192648 0.4627728424492311 0.019708495173936386 0.015328829579728379
0 0.24218134303247907 0.5127740246497736 0.025730535365972605 0.023358216502443126
0 0.18223467021175563 0.5186135787753844 0.031752575558008755 0.01897855090823505
0 0.19072027230053387 0.4919706130772851 0.023540702568868567 0.024088160768144604
0 0.2161770785668684 0.47116720150479663 0.021898327971040493 0.014598885314027043
0 0.19920587438931203 0.4587581489878737 0.019708495173936455 0.014598885314027043
0 0.1729278808240634 0.47116720150479663 0.02518307716669657 0.018978550908235192
0 0.1595151549418011 0.4930655294758371 0.027920368163076647 0.02335821650244334
0 0.2681856074980897 0.4529185948622629 0.017518662376832417 0.011679108251221705
0 0.29610597566116625 0.45036378993230813 0.01642374597828038 0.013868941048325638
0 0.2580576308114834 0.47591183923185537 0.02135086977176453 0.018248606642533714
0 0.38616284944207036 0.4733570343019007 0.01916103697466049 0.01751866237683231
0 0.3719289362608941 0.4770067556304074 0.013686454981900268 0.01751866237683245
0 0.3522204410869576 0.4799265326932127 0.01916103697466056 0.018978550908235123
0 0.34428229719745546 0.474086978567602 0.019708495173936528 0.014598885314026972
0 0.32977465491664115 0.4722621179033486 0.012591538583348267 0.013868941048325638
0 0.32046786552894885 0.4722621179033486 0.007116956590588153 0.013868941048325638
0 0.31006615974270463 0.47919658842751145 0.021350869771764494 0.020438439439637718
0 0.29637970476080433 0.47481692283330335 0.007116956590588188 0.01751866237683231
0 0.27749239688578187 0.47956156056036214 0.019708495173936455 0.013868941048325638
0 0.2703754402951937 0.46788245230914055 0.012044080384072302 0.009489275454117561
0 0.2805034169817999 0.46934234084054327 0.007116956590588117 0.012409052516922899
0 0.288989019070578 0.4744519507004523 0.0120440803840725 0.01532882957972888
0 0.017633738090320233 0.5245560550424591 0.032061341982400425 0.024580362186506974
0 0.12939921073796665 0.4532413388144532 0.016288012540443333 0.01327171392184269
0 0.7529349584933953 0.44492238722435273 0.015428367434142132 0.012608128225750548
0 0.8126576711416876 0.44558597292044483 0.015428367434142132 0.009953785441382123
