0 0.987369515843503 0.7821465427758781 0.01666148973835803 0.015765710720166765
0 0.9207235568900708 0.7893127749214085 0.014511620094698828 0.010032725003742513
0 0.9387287151557158 0.7907460213505146 0.008599478574636379 0.008599478574636379
0 0.7855505030450053 0.7839381008122608 0.0150490875056137 0.01504908750561384
0 0.8024807176673951 0.7957624048278993 0.014511620094698969 0.010032725003742513
0 0.7387908382954198 0.8344600374382495 0.01504908750561384 0.012899217861954497
0 0.722935549673434 0.83338510261642 0.00913694598555125 0.01934882679293196
0 0.7162172070369993 0.853450552623905 0.017198957149272616 0.026515058938462205
0 0.6855815646148571 0.8323101677945905 0.011824283040125038 0.011465971432848363
0 0.6982120311285033 0.8362515954746321 0.012361750451039625 0.012182594647401573
0 0.7116487340442237 0.8376848419037382 0.015586554916528429 0.013615841076507422
0 0.6885376353748884 0.8599001615548824 0.01558655491652857 0.016482333934719692
0 0.6759071512183911 0.8681413285222422 0.022573631258420476 0.0171989571492729
0 0.6627391996509792 0.8606167847694354 0.024186033491164664 0.020782073222037952
0 0.6450027750907915 0.8609750963767118 0.014511620094698828 0.014332464291060632
0 0.6546771884872575 0.8498674365511397 0.025260968312994406 0.013615841076507564
0 0.6579019929527462 0.831951856187314 0.013436685272869368 0.010749348218295438
0 0.6740260152801895 0.8362515954746322 0.012361750451039768 0.017915580363825966
0 0.5885686969447403 0.8480758785147572 0.022036163847505747 0.015765710720166765
0 0.6122172630249904 0.8538088642311814 0.01988629420384662 0.012899217861954497
0 0.5573955871116835 0.8702911981659011 0.014511620094698897 0.021498696436591018
0 0.4378090881831461 0.8613334079839884 0.01827389197110236 0.035114537513098586
0 0.4735506710089786 0.86527483566403 0.016661489738357956 0.021498696436590876
0 0.548796108537047 0.8409096463692269 0.026335903134824007 0.015765710720166623
0 0.5522896467079931 0.8315935445800374 0.02257363125842062 0.015765710720166765
0 0.5479899074206749 0.8645582124494768 0.017198957149272758 0.028664928582121406
0 0.5044550471365781 0.8391180883328443 0.017198957149272758 0.01218259464740143
0 0.5138607268275868 0.8362515954746321 0.01666148973835803 0.013615841076507706
0 0.45339564309967456 0.822277442790848 0.007524543752806779 0.02149869643659116
0 0.36847579217514026 0.8158278338598709 0.011824283040124967 0.02723168215301513
0 0.43109074554671145 0.8380431535110148 0.01666148973835803 0.012899217861954639
0 0.4310907455467114 0.8226357543981248 0.018811359382017157 0.010749348218295438
0 0.34939569908766577 0.876382495489602 0.024186033491164806 0.017915580363825682
0 0.3837936133862114 0.8727993794168369 0.025260968312994406 0.023648566080249935
0 0.37626906963340445 0.8656331472713066 0.01988629420384662 0.023648566080249935
0 0.4130855872810666 0.8663497704858597 0.027948305367568267 0.0150490875056137
0 0.07363303529532407 0.875665872275049 0.027948305367568267 0.023648566080249935
0 0.08760718797910819 0.8584669151257762 0.012899217861954587 0.019348826792931817
0 0.10158134066289232 0.8724410678095603 0.016124022327443227 0.017198957149272616
0 0.16795856591086697 0.8724410678095603 0.014511620094698897 0.018632203578378893
0 0.2106872250785915 0.876382495489602 0.02257363125842051 0.019348826792931817
0 0.24105413379527627 0.8706495097731778 0.01988629420384662 0.02221531965114394
0 0.27652698291565136 0.8684996401295187 0.023111098669335278 0.017915580363825824
0 0.2982944130576997 0.8710078213804543 0.02149869643659095 0.0300981750112274
0 0.008330744869179 0.8652748356640301 0.013436685272869358 0.0300981750112274
0 0.14726607059064814 0.8717244445950072 0.022573631258420532 0.0171989571492729
0 0.18972599605291532 0.8699328865586247 0.019348826792931886 0.0150490875056137
0 0.5156999807727258 0.8670663937004126 0.023111098669335348 0.017915580363825824
0 0.06180874784448621 0.8419845672073814 0.02364856608025007 0.013615841076507564
0 0.10158134066289234 0.8341017258309732 0.018273891971102324 0.012182594647401573
0 0.4125062378770892 0.7982705651033214 0.0155865549165285 0.009316101789189447
0 0.1314107819686623 0.8337434142236966 0.02526096831299439 0.017198957149272758
0 0.16124022327443227 0.8380431535110148 0.021498696436590966 0.02006545000748474
0 0.24589134049350925 0.8341017258309731 0.016661489738358064 0.01074934821829558
