0 0.005196384305168964 0.570059206144724 0.007525797959210223 0.00907874039523783
0 0.022398208211935194 0.5686257208191602 0.004658827308082519 0.0071674266278193245
0 0.018097752235243635 0.6190366214348222 0.012542996598683707 0.009556568837092314
0 0.06952403828984684 0.5621750368541228 0.010034397278946975 0.008600911953383061
0 0.08654667653091758 0.6183198787720404 0.013976481924247573 0.011945711046365303
0 0.09801455913542842 0.63432713157417 0.018993680563721062 0.03440364781353231
0 0.11037837006841662 0.6223814205278047 0.014334853255638541 0.01911313767418477
0 0.12453403765835967 0.5817660029701621 0.006092312633646379 0.009556568837092314
0 0.08681956108716456 0.5638771710600963 0.00623057123454494 0.009197509917661576
0 0.091715009914307 0.5681792321506154 0.004450408024674957 0.008307428312726444
0 0.09727801994515069 0.568475926018927 0.00489544882714247 0.008307428312726657
0 0.10272976977537752 0.5616519670477588 0.007788214043181174 0.008900816049349843
0 0.1054000145901825 0.5677341913481481 0.0068981324382461654 0.008010734444414922
0 0.11797241725988922 0.5653606404016547 0.008900816049349931 0.004450408024674886
0 0.12676197310862228 0.5641738649284079 0.006008050833311127 0.010977673127531486
0 0.1620314567041713 0.5586850283646422 0.0062305712345449744 0.004747101892986692
0 0.16904084934303434 0.5569048651547722 0.004227887623441156 0.0035603264197398943
0 0.17983308880287108 0.5524544571300973 0.0035603264197399654 0.008900816049349914
0 0.19891743147893073 0.5561165421906217 0.008827255586132132 0.005149232425243753
0 0.21068710559377365 0.554767933698296 0.007723848637865629 0.004413627793065964
0 0.2290772213982156 0.5510899105374075 0.008459453270043334 0.006375240145539891
0 0.2333988986122594 0.5464310812002822 0.00790774979591003 0.010298464850487434
0 0.17059665314009018 0.5800236927363962 0.01103406948266514 0.009808061762368965
0 0.1760217373024005 0.5795332896482777 0.006068738215465857 0.010788867938605904
0 0.20700908243288524 0.5780620803839224 0.00698824400568796 0.010788867938606046
0 0.2381803287214143 0.5529289221178517 0.0038619243189328147 0.005639635513362293
0 0.24029519203892513 0.5584459568591843 0.0036780231608883798 0.008827255586132168
0 0.24581222678025774 0.5529289221178517 0.0066204416895991255 0.003678023160888415
0 0.2473753866236353 0.5564843445067105 0.008275552111998864 0.009808061762369107
0 0.2518809649957236 0.5467988835163711 0.004781430109154883 0.010053263306428306
0 0.25114536036354596 0.5568521468227994 0.008459453270043334 0.010053263306428306
0 0.2635586885315442 0.5455728757960749 0.009378959060265367 0.010053263306428306
0 0.24654783141243541 0.576958673435656 0.004413627793066084 0.010053263306428164
0 0.2687998715358102 0.576590871119567 0.003678023160888415 0.010788867938606046
0 0.26401844142665526 0.5754874641713006 0.007723848637865594 0.01348608492325745
0 0.2850751240227413 0.5529289221178517 0.01416038916942032 0.006130038601480692
0 0.2822246560730528 0.561388375387895 0.011034069482665174 0.00931765867425078
0 0.2893968012367852 0.572177243326501 0.0069882440056879954 0.017164108084145795
0 0.3064996089349162 0.5585685576312138 0.011034069482665174 0.007110844777717631
0 0.31532686452104836 0.5464310812002822 0.00735604632177683 0.008827255586132097
0 0.309074225147538 0.5477796896926079 0.005884837057421421 0.004168426249006814
0 0.30245378345793894 0.580391495052485 0.004413627793066084 0.004168426249006885
0 0.315602716258115 0.5708286348341752 0.0064365405315546555 0.014957294187612718
0 0.3213956027365142 0.5725450456425898 0.010298464850487542 0.013976488011375849
0 0.3327055239562459 0.5662924062690796 0.0057009358993767864 0.015202495731671989
0 0.3332572274303793 0.5490056974129041 0.008643354428087733 0.00662044168959909
0 0.337946706960512 0.5443468680757788 0.005884837057421421 0.005639635513362364
0 0.34392349459695554 0.5497413020450819 0.01011456369244307 0.004168426249006885
0 0.3530266019201544 0.5405462441428608 0.0073560463217767595 0.011769674114842843
0 0.3677386945637079 0.5452050734799861 0.009195057902220966 0.005394433969302952
0 0.37665790072886224 0.5371134225260316 0.00349412200284398 0.007846449409895229
0 0.37233622351481843 0.5405462441428608 0.009562860218309837 0.003432821616829287
0 0.38493345284086117 0.5395654379666239 0.006804342847643525 0.014712092643553519
0 0.3873241678954386 0.5365004186658836 0.0031263196867552523 0.005149232425243753
0 0.3921975485836158 0.5428756588114234 0.005149232425243753 0.010543666394546633
0 0.3995535949053925 0.5453276742520157 0.008459453270043297 0.008582054042072898
0 0.39918579258930365 0.5412818487750386 0.00735604632177683 0.008827255586132026
0 0.40884060338663564 0.5355196124896469 0.009011156744176553 0.012505278747020515
0 0.41454153928601273 0.5361326163497947 0.005333133583288188 0.011769674114842843
0 0.419047117658101 0.5405462441428608 0.00625263937351022 0.003923224704947543
0 0.42079417865952295 0.5448372711638971 0.009011156744176692 0.012995681835139052
0 0.3487968752851327 0.5709512356062049 0.011034069482665245 0.014221689555434978
0 0.3582677849244203 0.563962991600517 0.005700935899376987 0.012995681835139052
0 0.3651640783510861 0.5735258518188268 0.009195057902220966 0.01446689109949439
0 0.35504951465864293 0.5796558904203074 0.0080916509539545 0.00563963551336208
0 0.3717845200406852 0.5722998440985306 0.011401871798754045 0.010053263306428306
0 0.37932446752050636 0.5691122240257607 0.008827255586132097 0.01544769727573133
0 0.38511735399890556 0.5715642394663529 0.007539947479821265 0.014957294187612859
0 0.4068176906481471 0.5714416386943233 0.015263796117686752 0.015202495731671989
0 0.42640316397987776 0.576590871119567 0.0073560463217767595 0.010788867938606046
0 0.43890844272689816 0.5729128479586787 0.005884837057421421 0.018144914260382804
0 0.4422186635716978 0.5709512356062048 0.005149232425243753 0.019616123524738214
0 0.43449481493383224 0.534784007857469 0.00625263937351022 0.011524472570783643
0 0.4482874017871636 0.5329449962770247 0.0073560463217767595 0.011769674114842843
0 0.4403796519912537 0.5400558410547422 0.004781430109154954 0.011769674114842914
0 0.4444254774682308 0.5399332402827127 0.005149232425243753 0.007110844777717631
0 0.4496666604724968 0.5437338642156306 0.003861924318932779 0.006865643233658219
0 0.4392762450429866 0.5514577128534964 0.01176967411484285 0.007601247865836004
0 0.44975861105151904 0.5485152943247855 0.012873081063109382 0.007110844777717631
0 0.4574824596893846 0.5445920696198381 0.011401871798753974 0.012014875658902184
0 0.46584996238040577 0.5409140464589496 0.004965331267199247 0.004658829337125283
0 0.47513697086164897 0.538584631790387 0.009195057902220966 0.008336852498013627
0 0.49371098782413525 0.5300025777483142 0.008459453270043297 0.010788867938606046
0 0.5158710773684878 0.5336806009092023 0.00386192431893285 0.0078464494098953
0 0.5050209090438671 0.5323319924168767 0.006436540531554727 0.00563963551336208
0 0.5096184379949775 0.5341710039973209 0.007172145163732466 0.007356046321776688
0 0.4872744472925806 0.5442242673037491 0.00698824400568796 0.011769674114842914
0 0.4973890109850237 0.5425078564953345 0.011401871798753974 0.007846449409895229
0 0.500607281250801 0.5438564649876603 0.010482366008531798 0.008582054042072898
0 0.506676019466267 0.5403010425988016 0.006804342847643525 0.004413627793066084
0 0.49122832219053564 0.5514577128534964 0.007907749795910064 0.009072457130191367
0 0.47688403186307093 0.5659246039529906 0.014528191485509155 0.017409309628204993
0 0.48212521486733695 0.5763456695755077 0.004781430109154954 0.009317658674250637
0 0.5109976966803123 0.5507221082213187 0.009195057902218175 0.008091650953954577
0 0.5080552781516001 0.5517029143975556 0.012505278747020582 0.011524472570783643
0 0.50097508356689 0.5714416386943233 0.013056982221153746 0.016183301907908926
0 0.5212961615307984 0.5742614564510045 0.006620441689599019 0.009562860218309908
0 0.5347209460680413 0.5757326657153599 0.004413627793066084 0.007110844777717523
0 0.5218478650049316 0.5649437977767537 0.010298464850487434 0.017899712716323464
0 0.5283763561155087 0.5618787784760134 0.004597528951110207 0.018144914260382804
0 0.5370197105435964 0.5249759460951 0.005700935899376824 0.011034069482665242
0 0.5406977337044846 0.5363778178938539 0.007172145163732324 0.00686564323365836
0 0.554030567662705 0.523382136058715 0.007723848637865558 0.008827255586132168
0 0.5866730232155895 0.5216657252503003 0.006068738215465928 0.010788867938605975
0 0.5461228178667951 0.5475344881485488 0.004413627793066084 0.011034069482665174
0 0.568926561464303 0.5358874148057355 0.004413627793066084 0.006375240145539891
0 0.576834311260213 0.5412818487750384 0.00662044168959909 0.009317658674250637
0 0.5850179127931896 0.5450824727079565 0.007907749795910135 0.013486084923257593
0 0.5723287328881248 0.5477796896926079 0.005333133583288117 0.007601247865835888
0 0.600925362964032 0.5428756588114234 0.005149232425243824 0.011034069482665174
0 0.6023046216493652 0.5388298333344461 0.003494122002844051 0.007846449409895158
0 0.5976151421192324 0.555380937558444 0.015447697275731259 0.008582054042072898
0 0.5630417244068816 0.561388375387895 0.00698824400568796 0.016673704996027324
0 0.5593637012459932 0.5745066579950637 0.0051492324252436815 0.009072457130191438
0 0.5685587591482144 0.5751196618552117 0.005149232425244013 0.006865643233658433
0 0.5749952996797688 0.5682540186215533 0.009562860218309766 0.016673704996027324
0 0.5875005784267894 0.5710738363782345 0.0073560463217767595 0.014466891099494178
0 0.6155455050285634 0.5561165421906217 0.008643354428087661 0.0154476972757314
0 0.6316368563574501 0.5675184139893757 0.011034069482665032 0.018635317348501344
0 0.6385331497841159 0.5556261391025032 0.007907749795909993 0.012995681835139052
0 0.6338436702539831 0.5255889499552481 0.009195057902220895 0.009317658674250566
0 0.636878039361716 0.5212979229342116 0.006068738215465857 0.011034069482665032
0 0.6402802107855379 0.5206849190740634 0.004781430109155025 0.012260077202961312
0 0.6448777397366484 0.5263245545874257 0.004045825476977285 0.0073560463217767595
0 0.6602334864333573 0.5618787784760135 0.007172145163732324 0.014221689555435119
0 0.6698882972306893 0.5715642394663529 0.00735604632177683 0.012014875658902042
0 0.6746697273398443 0.558936359947303 0.00662044168959909 0.013731286467316752
0 0.671451457074067 0.52178832602233 0.003861924318932779 0.008582054042072898
0 0.6837728346630431 0.520194515985945 0.008643354428087804 0.006865643233658431
0 0.6818418725035766 0.5724224448705602 0.00551703474133248 0.009317658674250566
0 0.684600389874243 0.5659246039529907 0.01471209264355366 0.02035172815691567
0 0.6849681921903317 0.551580313625526 0.00662044168959909 0.013240883379198109
0 0.6936115466184194 0.5431208603554826 0.015079894959642246 0.00662044168959909
0 0.699128581359752 0.5525611198017629 0.009930662534398636 0.01373128646731672
0 0.7021629504674854 0.5596719645794805 0.011953575272887207 0.016183301907909016
0 0.6967378663051746 0.5292669731161364 0.009195057902221037 0.009317658674250637
0 0.7042778137849959 0.5642081931445762 0.009195057902220895 0.0154476972757314
0 0.7095189967892618 0.5575877514549771 0.007539947479821194 0.016428503451968127
0 0.7029905056786849 0.5176198997733232 0.00735604632177683 0.015447697275731259
0 0.7194496593236605 0.5197041128978266 0.01121797064070961 0.006865643233658219
0 0.7163233396369054 0.5270601592196035 0.004597528951110377 0.00686564323365836
0 0.7283688654888149 0.5295121746601956 0.00514923242524361 0.006375240145539891
0 0.7237713365377044 0.5490056974129041 0.009195057902220895 0.01397648801137592
0 0.7303917782273035 0.5599171661235397 0.009195057902220895 0.017164108084145795
0 0.7252425458020596 0.5693574255698199 0.0055170347413326225 0.010543666394546776
0 0.7107143543165506 0.536990821754002 0.009562860218309908 0.011034069482665174
0 0.7147601797935278 0.5365004186658836 0.007723848637865558 0.012505278747020582
0 0.7208289180089935 0.5378490271582094 0.0058848370574214924 0.005394433969303023
0 0.7318629874916587 0.5317189885567285 0.00735604632177683 0.010298464850487434
0 0.7360927141266803 0.5260793530433664 0.009562860218309766 0.008827255586132168
0 0.7497013998219674 0.5378490271582091 0.008091650953954428 0.0073560463217767595
0 0.7554023357213444 0.5166390935970863 0.010298464850487363 0.011034069482665174
0 0.7737005009467641 0.5179877020894119 0.01048236600853187 0.005394433969303094
0 0.7743441549999196 0.5567295460507696 0.007723848637865416 0.016183301907908856
0 0.7896999016966286 0.5649437977767537 0.013424784537242544 0.016918906540086667
0 0.7908033086448952 0.5239951399188629 0.009378959060265544 0.011034069482665316
0 0.7995386136520051 0.514187078156494 0.009930662534398636 0.011524472570783572
0 0.8198596916159134 0.5395654379666239 0.010114563692443141 0.012260077202961383
0 0.8289627989391122 0.5215431244782707 0.0058848370574214924 0.007110844777717489
0 0.8392612637895998 0.5178651013173823 0.004413627793066068 0.010053263306428164
0 0.8467092606903986 0.520194515985945 0.003494122002844051 0.00637524014553982
0 0.8457897549001765 0.5250985468671295 0.010114563692443141 0.01373128646731665
0 0.8567318738038194 0.5159034889649083 0.00993066253439881 0.008582054042072901
0 0.8622489085451521 0.5308607831525213 0.010298464850487505 0.01299568183513898
0 0.8256525780943126 0.5617561777039838 0.011401871798753974 0.009072457130191367
0 0.8445024467938658 0.5627369838802208 0.009011156744176387 0.01839011580444192
0 0.8506631355883536 0.5629821854242799 0.009930662534398636 0.011034069482665245
0 0.8682256961815957 0.5672732124453164 0.006436540531554869 0.010298464850487434
0 0.8803722966921054 0.5330675970490542 0.006068738215465795 0.013976488011375843
0 0.8894754040153038 0.5225239306545076 0.005149232425243895 0.009562860218309766
0 0.8927856248601032 0.5360100155777651 0.013240883379198322 0.0154476972757314
0 0.9052909036071238 0.5326997947329655 0.012137476430931571 0.011769674114842843
0 0.9172444788800113 0.5276731630797513 0.00919505790222118 0.010543666394546704
0 0.9245085746227656 0.5396880387386535 0.013792586853331415 0.01299568183513898
0 0.9339794842620531 0.5304929808364325 0.0058848370574214924 0.011769674114842843
0 0.9440020973754741 0.5225239306545076 0.00974676137635413 0.010543666394546633
0 0.9537488587518286 0.5111220588557537 0.008643354428087804 0.01275048029107971
0 0.9836327969340465 0.5133288727522867 0.011034069482665103 0.008336852498013627
0 0.9931956571523562 0.5118576634879313 0.006620441689599232 0.009317658674250495
0 0.966254137498849 0.5219109267943596 0.010482366008532012 0.011279271026724373
0 0.970208012396804 0.5280409653958401 0.00625263937351022 0.010298464850487505
0 0.9784835645088029 0.5295121746601956 0.009562860218309623 0.016183301907908926
0 0.9667138903939599 0.5319641901007879 0.012505278747020582 0.011769674114842843
0 0.9954024710488895 0.5259567522713369 0.006620441689599232 0.012505278747020725
0 0.9400482224775192 0.5383394302463276 0.010666267166576522 0.013731286467316549
0 0.8776137793214386 0.5662924062690796 0.007907749795910064 0.014221689555435119
0 0.8846939739061487 0.5605301699836877 0.011769674114842985 0.017899712716323606
0 0.8957280433888141 0.5661698054970499 0.010298464850487648 0.012014875658902113
0 0.920186897408722 0.5540323290661182 0.014712092643553519 0.011279271026724373
0 0.9296578070480095 0.5578329529990362 0.015263796117687037 0.018880518892560472
0 0.9335197313669422 0.5696026271138791 0.006436540531554584 0.00563963551336208
0 0.9524615506455174 0.5637177900564576 0.012321377588976218 0.015447697275731117
0 0.9686448525534266 0.559181561491362 0.011585772956798478 0.016673704996027397
0 0.9753572448220479 0.5493734997289929 0.008827255586132168 0.014712092643553448
0 0.9891498316753793 0.5601623676675989 0.013608685695287193 0.018635317348501202
0 0.988230325885157 0.5654342008648722 0.010666267166576376 0.01397648801137592
0 0.16370373748232692 0.6138028882071265 0.010493829325790198 0.008395063460632244
0 0.1991204114568688 0.6302432208175311 0.0162654354549748 0.038477374194564005
0 0.2185339957095806 0.6169510370048634 0.013117286657237735 0.01469136105610623
0 0.23191362809996313 0.6487823192930936 0.014691361056106267 0.04337449454659939
0 0.25788585568129385 0.6232473346003377 0.012067903724658713 0.02588477900361589
0 0.34996920801510273 0.6323419866826892 0.015740743988685323 0.04127572868144149
0 0.39273156251769775 0.6375889013455842 0.016265435454974834 0.03497943108596715
0 0.4357562627534375 0.6288440435740924 0.012067903724658607 0.025884779003615747
0 0.47143528246112415 0.6263954833980747 0.015216052522395813 0.03777778557284478
0 0.4806173831211906 0.6218481573568989 0.011543212258369167 0.02448560176017722
0 0.5855556763790927 0.6253461004654955 0.006296297595473983 0.024485601760177004
0 0.5789970330504736 0.6312926037501101 0.018364201320132736 0.03497943108596715
0 0.6054939520980938 0.6152020654505651 0.01469136105610623 0.018189304164702946
0 0.6582254444601895 0.6319921923718295 0.02046296718529092 0.03917696281628338
0 0.7020371818953635 0.62079877442432 0.01574074398868518 0.015390949677825602
0 0.7048610502121511 0.6096053564768105 0.015216052522395813 0.008395063460632173
0 0.7394906869872586 0.6375889013455841 0.01836420132013302 0.04337449454659939
0 0.7528703193776412 0.6169510370048634 0.016790126921264203 0.02728395624705449
0 0.7649382231022999 0.6085559735442313 0.009444446393211195 0.007695474838912872
0 0.8024536629419998 0.6127535052745473 0.011018520792079585 0.017489715542983716
0 0.8146160111305903 0.6190723900014913 0.010158026787365059 0.029627578129814224
0 0.8457249681668955 0.6279606634404356 0.019046300226309397 0.0423251116140203
0 0.8546132416058398 0.6220351478144728 0.008888273438944196 0.02878107589753377
0 0.8682630901013613 0.6169561344207902 0.013332410158416508 0.022009058039290607
0 0.8908012120358264 0.6084911120979861 0.01396728683262665 0.010158026787365269
0 0.9460354826921238 0.6186491388853511 0.022855560271570995 0.022009058039290538
0 0.9869850281786886 0.6106073676786873 0.014602163506837088 0.009311524555084674
