0 0.6659482758620692 0.47844827586206895 0.05948275862068968 0.056896551724137934
0 0.685344827586207 0.37327586206896557 0.03362068965517253 0.03275862068965516
0 0.8521551724137931 0.4508620689655173 0.056896551724137795 0.049999999999999926
0 0.5763687345758675 0.3841774780168939 0.015684299851878903 0.022521045941159487
0 0.34412044830765987 0.3705039858383327 0.02292320747582309 0.01608646138654251
0 0.35950312700854115 0.375732085788959 0.018700511361855732 0.015282138317215442
0 0.4406392166269149 0.35642833212510794 0.02292320747582309 0.01689078445586965
0 0.4885969796355448 0.35401536291712665 0.010255119133920871 0.023325369010486697
0 0.4557202741767986 0.3600477859370801 0.013271330643897628 0.011260522970579813
0 0.3351010987584139 0.4565665542563352 0.03559129581772538 0.04021615346635635
0 0.29196927416574675 0.4445017082164284 0.04946586876361831 0.03056427663443081
0 0.2699509301429166 0.45857736192965304 0.05489504948157634 0.06193287633818862
0 0.3028276356016629 0.48150056940547614 0.03860750732770203 0.06917178396213287
0 0.2793011858238445 0.5261404997531316 0.07238907623944137 0.10054038366589069
0 0.30946330092361174 0.5752042069820863 0.08083446846737616 0.11501819891377905
0 0.16619325419971742 0.44490386975109186 0.030765357401762596 0.0394118303970292
0 0.17132081376667785 0.48150056940547614 0.0651501686154972 0.07238907623944137
0 0.12034683924807123 0.4605881696029708 0.021113480569837043 0.04986803029828174
0 0.1131079316241271 0.4987935153960093 0.044036688045660154 0.10536632208185352
0 0.6806556025313819 0.3129655778398487 0.01269029636053304 0.018128994800761654
0 0.7228055154431527 0.3087354790530043 0.009064497400380987 0.012085996533841126
0 0.7567973806945809 0.30208818095939166 0.009064497400380987 0.02296339341429814
0 0.789882796205971 0.3144763274065789 0.018128994800761546 0.011481696707149104
0 0.7706207392301616 0.3168935267133471 0.01858221967078052 0.015107495667301336
0 0.7359490366737049 0.3093397788796964 0.013596746100571409 0.012085996533841126
0 0.7463732086841428 0.3262601740270739 0.012690296360533182 0.016920395147377542
0 0.8716898852444079 0.3513386168347942 0.01858221967078066 0.013898896013917295
0 0.889139042740141 0.36282031354194333 0.018128994800761546 0.013898896013917224
0 0.9166066239164965 0.33200102238064844 0.010877396880457014 0.018733294627453673
0 0.9086751886911633 0.33079242272726433 0.012237071490514211 0.01148169670714907
0 0.905049389731011 0.35043216709475616 0.023114468370971083 0.012085996533841055
0 0.90074375346583 0.3404612199543372 0.015409645580647436 0.013898896013917224
0 0.9440267285526486 0.3356268213408008 0.009517722270399674 0.018733294627453673
0 0.9311098197571058 0.33411607177407066 0.006345148180266591 0.02417199306768225
0 0.9363219057623248 0.3329074721206865 0.004985473570209536 0.020546194107529843
0 0.9805113305891814 0.3410655197810293 0.015409645580647436 0.0211504939342219
