0 0.01830347350841904 0.689550868907011 0.010530765580186294 0.018721361031442285
0 0.02670301272118668 0.6853719936767783 0.007271242900604827 0.014375330792000368
0 0.037108412044466 0.6870435437688712 0.01805274099460508 0.014375330792000368
0 0.03923963841188466 0.6818617384833828 0.015796148370279442 0.010697920589395693
0 0.04463038745888479 0.6805244984097084 0.012536625690697977 0.012703780699907413
0 0.05478505426835015 0.6768470882071036 0.015294683342651539 0.01337240073674451
0 0.06844997627121094 0.6745069180781732 0.007521975414418778 0.011366540626232933
0 0.07384072531821108 0.6780171732715687 0.009277103011116497 0.009026370497302594
0 0.055161153039071084 0.6877121638057084 0.00852490546967462 0.015712570865674708
0 0.0636860585087457 0.695568449238546 0.016548345911721326 0.016715500920930708
0 0.08863394363323467 0.7044276647266392 0.018804938536046967 0.03510255193395423
0 0.1020481331222815 0.7044276647266391 0.019055671049860903 0.02841635156558226
0 0.11057303859195614 0.6898851789254294 0.01755127596697717 0.015378260847256228
0 0.11546232261132834 0.6852048386675689 0.010781498094000242 0.016715500920930708
0 0.11997550785997962 0.68253035852022 0.010280033066372329 0.008692060478883974
0 0.016799078425535283 0.6746740730873826 0.012035160663070055 0.012369470681488793
0 0.026076181436651788 0.6746740730873826 0.008023440442046711 0.013038090718325748
0 0.0032595226795814735 0.6686852453552629 0.006519045359162947 0.013649251220747232
0 0.026076181436651788 0.6516066818164984 0.0105307655801863 0.010363610570977073
0 0.03259522679581473 0.6485978916507307 0.011032230607814214 0.009694990534139976
0 0.02657764646427971 0.6616359823690567 0.00702051038679087 0.015043950828837608
0 0.04588405002795458 0.657958572166452 0.00852490546967462 0.009026370497302452
0 0.07120803392316448 0.6604658973045915 0.007521975414418778 0.016715500920930566
0 0.07835391056686233 0.6611345173414287 0.007271242900604821 0.01337240073674451
0 0.08374465961386246 0.6601315872861729 0.0100293005525584 0.010029300552558311
0 0.1020481331222815 0.6768470882071037 0.010530765580186294 0.014709640810418846
0 0.10668668462783977 0.6740054530505453 0.005766847817721068 0.014375330792000368
0 0.1132057299870027 0.6728353679860802 0.008775637983488576 0.010029300552558454
0 0.0910159025144673 0.6497679767151959 0.005014650276279173 0.008692060478883832
0 0.09791104664435117 0.6489322016691493 0.011282963121628171 0.010363610570977073
0 0.05967433828772235 0.647093496567847 0.007521975414418787 0.010029300552558454
0 0.13514482494572416 0.6997473244687785 0.01805274099460508 0.0297535916392566
0 0.13602238874407302 0.6852048386675689 0.02030933361893073 0.014041020773581749
0 0.13890581265293356 0.677014243216313 0.0160468808840934 0.017718430976186427
0 0.1441711954430267 0.6719995929400338 0.009026370497302523 0.014375330792000368
0 0.15319756594032924 0.673838298041336 0.01253662569069796 0.016715500920930566
0 0.1584629487304224 0.6674864076913823 0.015545415856465485 0.014709640810418846
0 0.16623565665865514 0.6900523339346387 0.009026370497302523 0.016381190902511947
0 0.17964984614770196 0.6943983641740806 0.023318123784698237 0.02507325138139592
0 0.17789471855100422 0.7087736949660811 0.026326913950465745 0.033765311860280034
0 0.17250396950400415 0.6552840920191031 0.00702051038679084 0.016381190902511947
0 0.2212714434408192 0.7044276353709436 0.020810798646558624 0.037108412044465806
0 0.21048994534681895 0.6826975135294293 0.0082741729558607 0.02173015119720972
0 0.23105164512799198 0.6899139086926374 0.018306740805275723 0.028808121118416494
0 0.1891776816726324 0.6490993566783588 0.004763917762465261 0.016715500920930708
0 0.19607282580251634 0.6492665116875681 0.008023440442046734 0.01504395082883775
0 0.20008454602353964 0.6444190164204983 0.010530765580186277 0.008023440442046734
0 0.2172597232197959 0.655785557046731 0.008274172955860628 0.014709640810418988
0 0.21738508947670282 0.6467591898111723 0.013038090718325925 0.009360680515721214
0 0.22829195382761014 0.6549497820006845 0.00727124290060484 0.01236947068148865
0 0.22854268634142408 0.663808997488778 0.004262452734837332 0.008023440442046734
0 0.23142611025028462 0.6457562564941728 0.005014650276279156 0.006017580331535158
0 0.23681685929728474 0.6439175513928703 0.005766847817721086 0.011032230607814171
0 0.24295980588572674 0.6475949615954749 0.0080234404420467 0.009694990534139691
0 0.24935348498798274 0.6982429293858948 0.016799078425535255 0.032762381805024034
0 0.23493636544368002 0.6820288934925922 0.010029300552558382 0.02641049145507054
0 0.2686598885516575 0.7045948197358485 0.02582544892283785 0.03343100184186128
0 0.2591320530267271 0.6852048386675691 0.015294683342651539 0.02607618143665178
0 0.27969211915947184 0.6805244984097084 0.0082741729558607 0.015378260847256086
0 0.29110044853800693 0.7012517195516623 0.021562996188000554 0.036774102026047334
0 0.30401317299942593 0.6918910390359413 0.02030933361893073 0.03610548198921009
0 0.2927302098777977 0.677014243216313 0.008775637983488557 0.020392911123535525
0 0.31153514841384466 0.6872106987780807 0.016799078425535293 0.032093761768186936
0 0.32570153544433333 0.6847033736399412 0.012536625690697958 0.0304222116760937
0 0.34588550280635716 0.6952341392201273 0.019306403563674905 0.03811134209972195
0 0.3359815685107057 0.6892165588885923 0.009026370497302523 0.02607618143665178
0 0.346512334090892 0.676512778188685 0.009527835524930382 0.029419281620837977
0 0.3562909021296365 0.6838675985938946 0.0115336956354421 0.0320937617681868
0 0.06774617010493517 0.6501762391488708 0.006007049565954832 0.012904032400940083
0 0.26731370568499035 0.6439467062656584 0.008009399421273109 0.012014099131909787
0 0.3817813724140188 0.6977876690419944 0.022025848408501077 0.033372497588638056
0 0.3655957110835294 0.6817688701994481 0.017019973770205254 0.03337249758863791
0 0.39563095891330363 0.6857735699100845 0.02035722352906923 0.03248256431960769
0 0.4400163807061922 0.6993450522627975 0.025029373191478542 0.031147664416062214
0 0.41932543220123664 0.6924480694278122 0.02035722352906923 0.03337249758863791
0 0.4259999317189642 0.6768742372197812 0.011012924204250539 0.019133565284152495
0 0.44335363046505594 0.6848836366410543 0.01568507386665985 0.027142964705425498
0 0.45353224222959054 0.6922255861105547 0.012681549083682384 0.024028198263819432
0 0.2809964296963321 0.6521785890041891 0.010679199228364205 0.008009399421273003
0 0.3270504763686525 0.6521785890041891 0.012014099131909645 0.01423893230448556
0 0.38895645939557594 0.6659725546741595 0.012347824107796087 0.016908732111576653
0 0.4695510410721368 0.6893333029862062 0.013348999035455193 0.03159263105057732
0 0.48590356489056935 0.6782091371233269 0.011346649180136836 0.02180336509124345
0 0.4990857014380814 0.6900007529379789 0.01968977357729642 0.03737719729927449
0 0.5201103749189234 0.6960078025039337 0.01501762391488718 0.03159263105057732
0 0.55498463489905 0.6948953859176459 0.01935604860141005 0.02758793133994061
0 0.5626603093444368 0.6866635031791151 0.018021148697864503 0.026253031436395277
0 0.4184911197615206 0.6650826214051293 0.013348999035455264 0.020468465187698116
0 0.439015205778533 0.6641926881360988 0.012347824107796158 0.021358398456728336
0 0.5818494954579038 0.6928930360623275 0.017687423721978065 0.030702697781547102
0 0.458371254379943 0.6726470541918872 0.011680374156023205 0.019578531918667607
0 0.4480986179227283 0.6575322296391451 0.007772707928232734 0.021395841178791244
0 0.4596323135581704 0.6525175793628658 0.007271242900604875 0.015378260847256228
0 0.47016307913835675 0.6506788742615635 0.0062683128453490874 0.009026370497302594
0 0.4737987005886592 0.6652213600627731 0.009026370497302523 0.02407032132614006
0 0.530589614967521 0.6797638458639826 0.01579614837027954 0.03577117197079147
0 0.5473886933930562 0.6794295358455642 0.01629761339790747 0.02440463134455868
0 0.5635609405340567 0.6712389403943081 0.007521975414418875 0.02407032132614006
0 0.5720858460037312 0.6717404054219361 0.005516115303907157 0.021730151197210005
0 0.5852493029789642 0.6780922957718897 0.008274172955860663 0.018387051013023806
0 0.5918953482434623 0.6664201748944462 0.00953110282178713 0.02178761073162562
0 0.5873805293463827 0.6829397910389595 0.017551275966977257 0.02607618143665178
0 0.4088589795108436 0.6647198950351452 0.009026370497302523 0.01771843097618657
0 0.512035408945288 0.6510132038504457 0.005766847817721086 0.023067391270884273
0 0.5017553758789156 0.6481715491234238 0.006268312845348873 0.014709640810418988
0 0.4973675568871714 0.6525175793628657 0.005014650276279227 0.020058601105116765
0 0.5403681830062653 0.6459985340037028 0.005265382790093156 0.019055671049860903
0 0.5181783555337299 0.6496759442063075 0.006017580331535015 0.01704981093934933
0 0.61696696597643 0.6655556700811917 0.006519045359162945 0.014709640810418846
0 0.6348943407141282 0.688121596324448 0.010781498094000313 0.03242807178660527
0 0.6208533199405464 0.6826054810205409 0.010781498094000313 0.030756521694512314
0 0.6446729087528726 0.6742477305600755 0.01178442814925603 0.02808204154716336
0 0.6451743737805005 0.6861157362139363 0.008274172955860592 0.032428071786605554
0 0.6624749172336637 0.6799310008731919 0.012787358204511887 0.032762381805024034
0 0.6513173203689425 0.6705703203574709 0.012536625690698031 0.021395841178791102
0 0.6061854678824299 0.6533533772411201 0.008524905469674594 0.03443393189711713
0 0.6241128426201279 0.6459985340037028 0.006769777872976945 0.025741871418233232
0 0.6188474598300346 0.63947948864454 0.008274172955860663 0.016715500920930708
0 0.6365241020539188 0.6383094035800748 0.007521975414418804 0.017718430976186427
0 0.6399089909904073 0.6513474942984007 0.007271242900604804 0.023736011307721655
0 0.592645912136476 0.6478372391050052 0.007020510386790874 0.019389981068279525
0 0.6867959710736179 0.666224290118029 0.01328882323213989 0.031425141731349415
0 0.7023413869300833 0.6817697059744944 0.016799078425535328 0.02707911149190764
0 0.7201433954108745 0.6849456511494713 0.022315193729442198 0.03744272206288457
0 0.5758468337109407 0.6184179574841673 0.007020510386790804 0.016715500920930566
0 0.5503974835588238 0.6217610576683534 0.008775637983488523 0.01738412095776788
0 0.5902639532552434 0.6200895075762605 0.010280033066372311 0.015378260847256086
0 0.6945686790018505 0.655860679547052 0.017300543453163186 0.02540756139981454
0 0.968156970745627 0.6508460292707727 0.01203516066307003 0.014709640810418988
0 0.9522354561184407 0.6578665396575636 0.009277103011116594 0.015378260847256228
0 0.9655242793505806 0.628112948018307 0.010781498094000171 0.014709640810418917
0 0.9601335303035803 0.6306202731564466 0.012536625690698031 0.017718430976186427
0 0.9491012996957662 0.6439926738931913 0.008524905469674594 0.021730151197209936
0 0.9400749291984636 0.6426554338195167 0.010029300552558454 0.019724291086698143
0 0.9259085421679748 0.6508460292707727 0.007271242900604733 0.018052740994605045
0 0.9035933484385326 0.6483387041326332 0.01429175328739575 0.027079111491907712
0 0.8872957350406252 0.6475029290865867 0.013790288259768033 0.02340170128930289
0 0.8745083768361133 0.6476700840957959 0.01479321831502375 0.02574187141823309
0 0.8604673560625316 0.6530190443904936 0.010781498094000313 0.022398771234047102
0 0.807938894418507 0.6490073241694703 0.009527835524930452 0.02173015119720972
0 0.8238604090456935 0.6459985340037028 0.010781498094000171 0.021730151197210005
0 0.7852476019183436 0.6688987702653779 0.012285893176883889 0.0320937617681868
0 0.7763465976779481 0.6797638458639826 0.011032230607814313 0.02507325138139592
0 0.9784370038119994 0.629115878073563 0.013038090718325748 0.017384120957767948
0 0.7468855273048078 0.6844441861218431 0.009778568038744453 0.02774773152874488
0 0.7317162102190633 0.6727433354771918 0.011533695635442313 0.029084971602419216
0 0.7496435849567615 0.6583680046851916 0.01379028825976789 0.0230673912708842
0 0.8451726727198801 0.6485058591418423 0.009778568038744453 0.02206446121562841
0 0.8159623348605538 0.6329604432853769 0.010029300552558454 0.017718430976186497
0 0.7668187621530177 0.673411955514029 0.015545415856465326 0.0264104914550704
0 0.7599236180231338 0.6438255221457257 0.0062683128453490155 0.016715500920930566
0 0.6825726375115272 0.6337962183314234 0.009527835524930452 0.015378260847256157
0 0.6745491970694806 0.6332947533037955 0.010029300552558454 0.015043950828837537
0 0.6593798799837362 0.6434912088655632 0.005265382790093298 0.013372400736744582
0 0.7130366379399233 0.6464999990313306 0.014793218315023466 0.018721361031442427
0 0.7077712551498303 0.6558606795470519 0.01228589317688403 0.021395841178791244
0 0.6735462670142247 0.6729104904864011 0.006519045359162874 0.014709640810418846
0 0.7959037337554371 0.6582008496759822 0.013038090718326033 0.02407032132614006
0 0.1035214875199551 0.6597568068572844 0.011012924204250539 0.009299802661367096
0 0.09856567162804236 0.6624488549961014 0.009177436836875455 0.015662825534934085
0 0.18079550568644642 0.6722381209554351 0.014316801465525728 0.011747119151200422
0 0.6048908492969218 0.6229603926766896 0.007066098116575219 0.011244973346807968
0 0.6121848860624187 0.6205290470881906 0.00615434352088812 0.013068482538182167
0 0.631673640545231 0.6200731697903471 0.0041028956805920554 0.01337240073674451
0 0.6372581374438148 0.6196172924925035 0.004786711627357505 0.011852809743932512
0 0.6597100943626103 0.6150585195140679 0.0036470183827485413 0.010029300552558454
