0 0.08455249569707401 0.31841652323580033 0.11230636833046471 0.06884681583476762
0 0.28076592082616175 0.3287435456110155 0.08390705679862304 0.06540447504302929
0 0.38016351118760755 0.306368330464716 0.0993975903614458 0.06540447504302929
0 0.4750430292598966 0.32271944922547335 0.09552495697074001 0.0740103270223753
0 0.7164371772805507 0.3098106712564544 0.10327022375215136 0.07573149741824438
0 0.7564543889845095 0.2882960413080895 0.0800344234079175 0.05335628227194487
0 0.9036144578313252 0.4965576592082616 0.08261617900172126 0.10499139414802058
0 0.7667814113597246 0.5025817555938038 0.08261617900172112 0.09982788296041313
0 0.7570998278829603 0.576592082616179 0.17685025817555938 0.1239242685025816
0 0.6454388984509465 0.5223752151462995 0.11359724612736663 0.08433734939759034
0 0.59315834767642 0.4819277108433735 0.04259896729776244 0.08605851979345956
0 0.5615318416523235 0.5137693631669535 0.09036144578313256 0.11531841652323578
0 0.506669535283993 0.5628227194492255 0.09939759036144573 0.0550774526678142
0 0.31368330464716004 0.6617900172117039 0.13166953528399308 0.07056798623063677
0 0.24397590361445778 0.6359724612736661 0.09810671256454388 0.08433734939759048
0 0.1052065404475043 0.4896729776247849 0.07099827882960413 0.11187607573149748
0 0.18717728055077448 0.476764199655766 0.06196213425129091 0.12048192771084303
0 0.2317125645438898 0.5146299483648881 0.11230636833046471 0.09294320137693632
0 0.2891566265060241 0.4819277108433735 0.05679862306368328 0.08605851979345956
0 0.34660068846815834 0.517211703958692 0.12005163511187607 0.10843373493975897
0 0.3762908777969019 0.46815834767642 0.03485370051635115 0.09638554216867469
0 0.4492254733218587 0.48967297762478496 0.1265060240963855 0.12564543889845098
