0 0.004133934565142514 0.44549733639114747 0.008267869130285028 0.014033619971141746
0 0.010226048661142007 0.4306478082821487 0.010878775171427666 0.010443624164570621
0 0.02328057886685521 0.43179007967514865 0.011749077185141878 0.008811807888856365
0 0.03546480705885419 0.43048462665457726 0.008267869130285028 0.007506354868285143
0 0.031983599003997346 0.439785979426148 0.008267869130285023 0.007832718123427895
0 0.021104823832569678 0.442560067094862 0.013489681212570308 0.010117260909427727
0 0.022845427859998102 0.4454973363911474 0.01435998322628452 0.013380893460855959
0 0.0097908976542849 0.4541459626524324 0.018711493294855587 0.019581795308569808
0 0.04808418625771029 0.4477818791771473 0.009138171143999231 0.015991799501998683
0 0.05504660236742401 0.44778187917714724 0.009138171143999202 0.013380893460856094
0 0.05287084733313846 0.44158097732943347 0.007397567116570815 0.011422713929998949
0 0.057934422685657516 0.4317307409014862 0.008307428312726578 0.010680979259219896
0 0.06832949694450434 0.4335170341499577 0.007192578625737296 0.008827255586132097
0 0.06947377081678073 0.44013747583955676 0.010134997154448024 0.012750480291079853
0 0.07257965704153094 0.43768546039896455 0.005884837057421413 0.006375240145539891
0 0.0861474758128081 0.4318006233415431 0.010134997154448034 0.005884837057421421
0 0.09186884517419004 0.4558303746593473 0.01700064038810634 0.024520154405922624
0 0.10658093781774362 0.4387888673472311 0.01961612352473809 0.011524472570783572
0 0.10298464850487495 0.4430798943682675 0.009154190978211112 0.01373128646731672
0 0.11720633806031007 0.4504359406900443 0.01405822185939563 0.017654511172264263
0 0.12554319055832378 0.44234428973608986 0.010461932546526977 0.015692898819790458
0 0.11426391953159935 0.4318006233415431 0.012750480291079764 0.0078464494098953
0 0.12750480291079758 0.4306972163932766 0.00915419097821113 0.008091650953954428
0 0.1404187508979168 0.4376854603989645 0.019943058916817087 0.012750480291079782
0 0.13567818771277176 0.43008421253312856 0.008500320194053152 0.007846449409895229
0 0.15218842501275967 0.46012140168038373 0.01928918813265913 0.02721737139057403
0 0.1721314839295767 0.44639011521306715 0.012096609506921823 0.016428503451968127
0 0.16019834211869438 0.4376854603989645 0.00915419097821113 0.01373128646731665
0 0.163794631431563 0.42922600712892117 0.006538707841579346 0.0080916509539545
0 0.17164108084145827 0.4286130032687731 0.005884837057421421 0.008336852498013698
0 0.1981228475998547 0.43829846425911256 0.011769674114842914 0.011524472570783572
0 0.20498849083351303 0.4277547978645659 0.01046193254652696 0.008582054042072898
0 0.21479655259588207 0.4278773986365955 0.009154190978211147 0.0073560463217767595
0 0.22166219582954041 0.4298390109890693 0.00980806176236907 0.00686564323365836
0 0.23114332219983047 0.4248123793358552 0.009154190978211112 0.010543666394546776
0 0.2420956578344759 0.42616098782818085 0.012096609506921752 0.00686564323365836
0 0.2057886448265955 0.4415363922130913 0.016159798032730138 0.01689433430694514
0 0.21460308011717558 0.4448418054470588 0.010283507839010077 0.013956189210085129
0 0.2503505121289725 0.42739656893445244 0.006365981043196669 0.00991623970190254
0 0.25622680232269257 0.42666203266023744 0.005386599344243379 0.006243558330827526
0 0.2562268023226926 0.43070198216841993 0.009304126140056646 0.011385312250332617
0 0.2527989663763559 0.43896551525333877 0.00636598104319674 0.007345362742150101
0 0.24716752160737415 0.4468617802011501 0.012731962086393444 0.016527066169837568
0 0.28128455166616156 0.42352576696048994 0.013980655356959738 0.009105821581177764
0 0.2741102679961427 0.43014818265589194 0.006990327678479886 0.00965768955579449
0 0.2741102679961427 0.4358048293957145 0.01655603923850503 0.01158922746695346
0 0.266568072343046 0.4524988356278737 0.02281054295082907 0.02345438892121542
0 0.3121891582447042 0.42311186597952727 0.012509007424648217 0.009933623543102996
0 0.27429422398768166 0.4414614761355371 0.01471647932311555 0.013520765378112429
0 0.28551553947155733 0.44090960816092034 0.009933623543103034 0.01462450132734617
0 0.2925058671500373 0.43594279638936917 0.008461975610791345 0.011865161454261908
0 0.30170366672698434 0.4300102156622377 0.009197799576947253 0.011589227466953601
0 0.3109014663039316 0.42863054572569564 0.011405271475414586 0.011037359492336734
0 0.31163729027008735 0.43773636730687343 0.016556039238504957 0.013796699365420863
0 0.319731353897801 0.4497394957547898 0.014348567340037541 0.017935709175047172
0 0.32101904583857355 0.4253193378779947 0.008829887593869294 0.007174283670018724
0 0.3246981656693525 0.42173219604298523 0.012509007424648288 0.009933623543102996
0 0.33573552516168914 0.43621873037667713 0.01471647932311555 0.012968897403495702
0 0.3377590410686174 0.42752680977646207 0.012876919407726107 0.008829887593869401
0 0.3484284885778763 0.43042411664320035 0.007726151644635664 0.011313293479645097
0 0.35339530034942784 0.44311708005938755 0.016188127255427176 0.017383841200430298
0 0.37170728314353185 0.4305746260908231 0.008696101418204734 0.009783114095480201
0 0.35816143285748225 0.4255576445033974 0.00836163597904303 0.009281415936737645
0 0.37973445368341296 0.4195372665984862 0.012040755809821923 0.01028481225422282
0 0.38257740991628764 0.4236762764081126 0.013713083005630438 0.012040755809821845
0 0.3874271587841325 0.42530679542402594 0.012709686688145325 0.009281415936737645
0 0.371540050423951 0.4423645328212733 0.011706290370660191 0.014298397524163413
0 0.3827446426358685 0.43872722117038987 0.01003396317485155 0.014549246603534698
0 0.4064916888163505 0.41991354021754335 0.009365032296528141 0.012542453968564403
0 0.41384992847790825 0.41828302120162986 0.005351447026587408 0.009783114095480272
0 0.40966911048838683 0.42718816351931066 0.009699497735689774 0.010033963174851479
0 0.44796540327240353 0.41790674758257296 0.008027170539881254 0.012040755809821845
0 0.4568287374101889 0.41627622856665963 0.009699497735689774 0.009783114095480272
0 0.43559018202341987 0.42054066291597136 0.0033446543916170407 0.007274623301767348
0 0.4277302442031195 0.4216694837731423 0.011037359492336663 0.009532265016108923
0 0.4278974769227004 0.4239271254874839 0.010702894053174887 0.009030566857366367
0 0.43341615666886796 0.43120174878925094 0.014382013883953736 0.0065220760636531035
0 0.4382659055367136 0.4347136359004493 0.014716479323115692 0.014549246603534769
0 0.42154263357862776 0.43985604202756073 0.009365032296527999 0.011789906730450639
0 0.40481936162054183 0.457039203964494 0.021405788106349917 0.02408151161964369
0 0.42538898612898735 0.4520222223770679 0.019064530032217877 0.016556039238504912
0 0.5044900624907337 0.41414401139200374 0.012709686688145325 0.010535661333594105
0 0.4864289287760009 0.42141863469377105 0.012040755809821845 0.007525472381138627
0 0.47338477664869394 0.4279407107574247 0.008027170539881183 0.012040755809821845
0 0.46519037338923186 0.44136113650378844 0.015719875640600733 0.014298397524163411
0 0.47639496560114936 0.44788321256744196 0.012040755809821845 0.015803492000391158
0 0.48074301631025174 0.433083116884536 0.011371824931498367 0.014800095682906118
0 0.48709785965432445 0.43772382485290484 0.008696101418204663 0.013545850286049585
0 0.49161314308300746 0.42932038069396666 0.008361635979042959 0.011789906730450567
0 0.4979679864270798 0.43483906044013504 0.011706290370660207 0.01530179384164844
0 0.516865283739717 0.4409848628847316 0.010702894053175094 0.014549246603534864
0 0.5190393090942683 0.4236762764081126 0.013713083005630438 0.01003396317485155
0 0.5424518898355886 0.42493052180496904 0.007692705100719479 0.010033963174851621
0 0.5586734636349319 0.42417797456685524 0.008696101418204885 0.0065220760636535225
0 0.553322016608344 0.4325814187257934 0.02073685722802643 0.013295001206678293
0 0.5391072354439714 0.4397306174878752 0.014382013883953847 0.017057737397247693
0 0.5376021409677436 0.45302561869455343 0.016723271958085987 0.02408151161964362
0 0.5782396918258924 0.4358424567576201 0.009699497735689917 0.012793303047935752
0 0.5864340950853544 0.4245542481859122 0.007358239661557775 0.010284812254222828
0 0.5929561711490079 0.42806613529711024 0.009030566857366367 0.012793303047935752
0 0.614194726535777 0.43358481504327856 0.009365032296528112 0.013796699365420929
0 0.6300818348959586 0.43421193774170674 0.00903056685736642 0.015050944762277313
0 0.6245631551497897 0.4505171279008406 0.02006792634970359 0.01906453003221795
0 0.6349309731549845 0.43922891932913266 0.009699497735689825 0.01304415212730726
0 0.6442960054515134 0.4360933058369914 0.007692705100719621 0.01429839752416342
0 0.6596814156529525 0.4480086371071275 0.013044152127307019 0.014549246603534688
0 0.6543299686263648 0.4402323156466177 0.011706290370660071 0.012040755809821845
0 0.6128562541703121 0.4158999549476027 0.010368428614013334 0.006522076063653442
0 0.6287433625304936 0.4113846715189195 0.006689308783234509 0.010033963174851408
0 0.6441287727319326 0.41050669974112 0.004013585269940592 0.006772925143024721
0 0.64362707457319 0.4136423132332611 0.011706290370660071 0.007023774222396071
0 0.6588452520550482 0.4189101439000582 0.0107028940531751 0.008528868698623739
0 0.6549988995046884 0.42229660647157063 0.010368428614013112 0.010284812254222899
0 0.6563367612613352 0.4300729279320805 0.009030566857366579 0.009281415936737645
0 0.6665379571557676 0.43295769234485026 0.008027170539881183 0.012040755809821774
0 0.6703843097061274 0.4238017009477983 0.011706290370660212 0.010284812254222828
0 0.6864386507858898 0.429194956154281 0.009699497735689845 0.011539057651079218
0 0.6916228650928964 0.4229237291699988 0.008027170539881183 0.00852886869862381
0 0.7305880887552365 0.42003896475722896 0.009699497735689845 0.009281415936737645
0 0.7404548192105073 0.41439486047137497 0.006689308783234367 0.007023774222396071
0 0.7136975840775699 0.43019835247176613 0.01003396317485155 0.01304415212730703
0 0.7125269550405038 0.43659500399573403 0.015050944762277254 0.013295001206678236
0 0.7225609182153554 0.43383566412264984 0.010368428614013112 0.014800095682906047
0 0.7416254482475734 0.42405255002716946 0.009699497735689875 0.009783114095480267
0 0.7394514228930218 0.4391034947894469 0.010702894053174957 0.016806888317876363
0 0.7494853860678736 0.43584245675762007 0.021405788106349917 0.014800095682906047
0 0.7638673999518275 0.41113382243954816 0.012709686688145183 0.009030566857366367
0 0.7934675913176394 0.4416119855831598 0.020402391788864806 0.01580349200039123
0 0.7856076534973391 0.4333339659639073 0.0060203779049111 0.0017559435555990178
0 0.7931331258784776 0.4328322678051646 0.007692705100719608 0.010284812254222826
0 0.7989862710638078 0.41489655863011754 0.008027170539881041 0.008528868698623739
0 0.8232350154030322 0.4318288714876795 0.013713083005630438 0.014800095682905976
0 0.8376170292869861 0.4234254273287414 0.008361635979043172 0.010535661333594105
0 0.8461458979856097 0.41376773777294673 0.009365032296528113 0.004264434349311869
0 0.8657121261765703 0.4096287279633205 0.007692705100719621 0.009532265016108923
0 0.8747426930339367 0.41828302120162997 0.009699497735689845 0.008779717777995159
0 0.8486543887793225 0.4357170322179345 0.019733460910541248 0.014047548444792052
0 0.8394565892023755 0.4391034947894468 0.012040755809822059 0.014298397524163491
0 0.8376170292869861 0.4487611843452414 0.027091700572099028 0.019064530032217916
0 0.8831043290129799 0.43860179663070425 0.011037359492336663 0.018311982794104082
0 0.886281750685016 0.41401858685231807 0.007358239661557775 0.009783114095480272
0 0.8921348958703459 0.40912702980457794 0.005016981587425857 0.007525472381138696
0 0.8974863428969335 0.4120117942173478 0.009699497735689703 0.007274623301767278
0 0.9073530733522043 0.4197881156778577 0.007358239661557917 0.009783114095480201
0 0.911868356780887 0.43082547517019437 0.017057737397247023 0.016806888317876308
0 0.9083564696696896 0.4476323634880706 0.03210868215952463 0.028345945968955545
0 0.9489940205278381 0.4106321242808056 0.007692705100719479 0.009030566857366367
0 0.9568539583481385 0.414771134090432 0.007358239661557917 0.009783114095480201
0 0.9504991150040657 0.4202898138366002 0.009365032296528124 0.009281415936737715
0 0.9488267878082572 0.4347136359004493 0.008027170539881069 0.018562831873475214
0 0.9421374790250229 0.4377238248529048 0.012709686688145325 0.01705773739724762
0 0.9476561587711911 0.4431170800593875 0.020402391788864806 0.01881368095284657
0 0.9742461611845473 0.43922891932913266 0.014716479323115827 0.014047548444792108
0 0.9695636450362838 0.45214764691675385 0.014047548444792142 0.01128820857170794
0 0.9911366658622146 0.442239108281588 0.01705773739724762 0.016556039238504922
0 0.9936423924787442 0.4233663430414515 0.008292531549464001 0.011194917591776559
0 0.990601797577274 0.42056761364350753 0.009951037859356688 0.010987604303040141
0 0.7152897501350668 0.4201529870660341 0.006081189802940372 0.004353579063468658
0 0.5715327625223473 0.4174173510983127 0.007995553835571555 0.0066819985625849255
