0 0.0036487138817641917 0.4453833140823423 0.007297427763528383 0.01368267705661573
0 0.010642082155145558 0.4311305254817009 0.010946141645292572 0.008893740086800293
0 0.023108521251173214 0.43135857009931117 0.010946141645292578 0.00843765085157969
0 0.03527090085705385 0.4301043247024547 0.009121784704410479 0.006841338528307972
0 0.03177421672036317 0.44002426556850127 0.008817725214263465 0.007069383145918156
0 0.02113213456521761 0.4426467786710191 0.015507033997497817 0.011402230880513073
0 0.023108521251173214 0.44868996103769104 0.0152029745073508 0.006613293910697564
0 0.009729903684704512 0.45461912109555785 0.019459807369409023 0.01801552479121078
0 0.05792333287300657 0.4318146593345322 0.0057771303127932445 0.009349829322019694
0 0.056859124657491995 0.4307884585552854 0.00851366572411643 0.008209606233969425
0 0.04788936969815504 0.44766376025844484 0.010033963174851541 0.016419212467938912
0 0.05305838103065428 0.442532756362214 0.006993368273381373 0.01208636473334387
0 0.05594694618705094 0.4473216933320295 0.0097299036847045 0.012542453968564403
0 0.06795729604785807 0.4324987931873625 0.006993368273381373 0.00798156161635923
0 0.06689308783234352 0.4384279532452293 0.01581109348764482 0.007981561616359224
0 0.06947759349859314 0.43968219864208563 0.010033963174851541 0.011858320115733605
0 0.08604883571160553 0.43170063702572653 0.009729903684704517 0.005016981587425704
0 0.09273814449483986 0.45610141111002456 0.017027331448232895 0.02417272946668774
0 0.10687691078667612 0.43888404248044977 0.01793950991867396 0.01117418626290288
0 0.10277210766969141 0.44321689021504473 0.010338022664998529 0.013454632439005394
0 0.11493448727557208 0.4318146593345316 0.012770498586174612 0.008437650851579758
0 0.1275529561166732 0.43056041393767525 0.008209606233969425 0.007297427763528362
0 0.13545850286049563 0.43033236932006497 0.008209606233969408 0.008209606233969423
0 0.12512048019549732 0.4420766671269936 0.01125020113544 0.015735078615108467
0 0.11721493345167466 0.45017225105215775 0.013682677056615713 0.01778748017360037
0 0.1407795439380684 0.43819990862761904 0.018851688389114968 0.012998543203784862
0 0.152029745073508 0.4604342588446195 0.018851688389115006 0.02736535411323146
0 0.16039138105255094 0.437287730157178 0.007601487253675376 0.012086364733343942
0 0.16388806518924162 0.42930616854081877 0.005473070822646306 0.007525472381138627
0 0.171489552442917 0.4283939900703777 0.006689308783234331 0.008437650851579761
0 0.17179361193306403 0.44618147024397814 0.011554260625586607 0.015735078615108124
0 0.19748663885048687 0.4379718640100087 0.012466439096027635 0.011630275498123338
0 0.20295970967313315 0.4407083994213319 0.01003396317485155 0.010718097027682276
0 0.2064563938098238 0.44082242173013697 0.016419212467938885 0.015050944762277325
0 0.2148180297888668 0.4444711356119012 0.010642082155145545 0.013682677056615801
0 0.20493609635908874 0.42805192314396234 0.009121784704410522 0.009121784704410487
0 0.2149700595339403 0.42793790083515726 0.010338022664998548 0.007525472381138769
0 0.22124976751639822 0.43013353702950413 0.008910702083151402 0.007239003109429903
0 0.22993305320402624 0.42527486740802245 0.011307997567450982 0.009800264558457528
0 0.24249749494563844 0.42649990047782965 0.012815730576444508 0.007350198418843164
0 0.24978487115577352 0.42725376698232637 0.006282220870806086 0.009234864680084982
0 0.25317727042600885 0.42857303336519564 0.011056708732618752 0.00998873118458171
0 0.25669531411366026 0.4311173328178721 0.010051553393289758 0.011307997567450982
0 0.25317727042600885 0.4397867976195846 0.007036087375302849 0.0064078652882221835
0 0.24727198280745114 0.44694852941230356 0.012815730576444473 0.017338929603424872
0 0.26662122308953395 0.45250829488296695 0.02236470630006977 0.02318139501327451
0 0.2740342437170852 0.44148299725470225 0.015077330089934655 0.0131926638286928
0 0.27353166604742063 0.4354520652187284 0.017087640768592642 0.010177197810705892
0 0.27353166604742063 0.429986533061127 0.008041242714631842 0.008669464801712436
0 0.2819498420143008 0.42339020114678066 0.013820885915773467 0.008669464801712436
0 0.28559353011936844 0.43997526424570876 0.009548975723625296 0.013569597080941164
0 0.2922526842424229 0.43611169841016306 0.007789953879799611 0.012250330698071892
0 0.32102525583071484 0.42546333403414655 0.009548975723625296 0.007538665044967275
0 0.31248143544641854 0.42273056795534586 0.013067019411276703 0.009611797932333346
0 0.32818698762343373 0.4221651680769733 0.006282220870806086 0.00998873118458171
0 0.30205294880088035 0.429986533061127 0.009297686888793066 0.011684930819699346
0 0.3117275689419218 0.42876149999131974 0.008543820384296375 0.010365664436830145
0 0.3117275689419218 0.4376194314191564 0.016585063098928144 0.013758063707065346
0 0.31951752282172136 0.44958706217804184 0.015579907759599228 0.018092796107921433
0 0.3354743638335689 0.436205931723225 0.014826041255102496 0.013192663828692872
0 0.3383641854341397 0.42744223360845046 0.011559286402283249 0.008480998175588325
0 0.35369280435890665 0.44289649695063354 0.015579907759599223 0.016773529725052326
0 0.34829009441001335 0.4299865330611267 0.007789953879799642 0.010554131062954254
0 0.37115737837974755 0.4419541638200123 0.01181057523711563 0.01375806370706534
0 0.38259102036461473 0.4385617645497773 0.010051553393289794 0.01413499695931371
0 0.3719112448842444 0.4302692330003133 0.007287376210135079 0.009611797932333346
0 0.3791986210943794 0.41971510193735895 0.011307997567451053 0.009234864680084982
0 0.3813345761904535 0.4252748674080224 0.011056708732618716 0.007538665044967416
0 0.387993730313508 0.42150553488553866 0.005779643201141553 0.007538665044967346
0 0.38686293055676296 0.4248979341557738 0.013569597080941211 0.00942333130620916
0 0.4065891040910941 0.41971510193735895 0.009297686888793066 0.012627263950320256
0 0.4010607497247847 0.4211286016332903 0.007287376210135079 0.006407865288222254
0 0.41400212471864534 0.4181131356153034 0.004020621357315904 0.009423331306209164
0 0.4096045701090811 0.4271595336692643 0.01030284222812199 0.0090463980539608
0 0.42593834437317696 0.4173592691108067 0.008795109219128605 0.008292531549464072
0 0.42845123272149943 0.4172650357977446 0.005779643201141624 0.0058424654098496375
0 0.4353616756793861 0.42075166838104194 0.0025128883483225197 0.006784798540470618
0 0.4283255883040833 0.4215997681986008 0.01206186407194771 0.008857931427836618
0 0.4284512327214993 0.4244267675904635 0.011307997567450982 0.008104064923339892
0 0.4327231429136475 0.42979806643500285 0.012815730576444438 0.008292531549464072
0 0.4315923431569024 0.4342270321489211 0.01206186407194771 0.010742597689078507
0 0.4385027861147892 0.43488666534035575 0.014323463585437964 0.014700396837686328
0 0.42116385651136423 0.4401637308718329 0.009297686888793066 0.012438797324196145
0 0.40457879341243613 0.4564660940315747 0.02186212863040531 0.023558328265522944
0 0.42455625578159956 0.4520371283176563 0.02010310678657958 0.016585063098928057
0 0.44805176183841444 0.4181131356153034 0.008292531549464001 0.01206186407194771
0 0.45697251547495904 0.41632270266712296 0.009548975723625643 0.009988731184581701
0 0.4729293564868067 0.4281018667998851 0.008292531549464072 0.011684930819699417
0 0.46501375818959095 0.4414829972547014 0.015579907759599108 0.013946530333189593
0 0.4765730445918742 0.4480793291690486 0.012061864071947781 0.01583119659443149
0 0.4863733091503317 0.42188246813778707 0.012564441741612243 0.00791559829721571
0 0.5044661052582533 0.4142495697797577 0.013067019411276774 0.010742597689078436
0 0.49165037468180883 0.4291384332435682 0.0075386650449672035 0.011496464193575164
0 0.4980582399700312 0.4345097320881074 0.011307997567451124 0.015077330089934692
0 0.4807193103666063 0.433096232392176 0.011307997567450982 0.015265796716058872
0 0.48675024240258014 0.43780789804528053 0.009800264558457528 0.013381130454816982
0 0.5167792581650332 0.44091759737632963 0.010554131062954325 0.015077330089934692
0 0.5189152132611075 0.4233902011467805 0.013820885915773407 0.009423331306209235
0 0.5422850749005061 0.42470946752964983 0.007789953879799399 0.010554131062954185
0 0.5387670312128547 0.4399752642457087 0.014323463585438035 0.016585063098928144
0 0.5376362314561096 0.45316792807440154 0.016585063098928075 0.02412372814389549
0 0.5577393382426891 0.4241440676512772 0.007036087375302955 0.007161731792718982
0 0.5529648503808765 0.4327192991399276 0.019600529116914983 0.013381130454817054
0 0.5713012477761908 0.4182073689283656 0.007538665044967346 0.00508859890535291
0 0.5780860463166614 0.4360174650971009 0.009046398053960871 0.013192663828692872
0 0.5862529334487094 0.42452100090352574 0.0072873762101351505 0.010554131062954254
0 0.5927864431543477 0.42781916686069893 0.009297686888792924 0.013004197202568618
0 0.6140203496976724 0.4328135324529898 0.010554131062954325 0.013569597080941236
0 0.6127639055235111 0.41632270266712373 0.010051553393289794 0.0054655321576012736
0 0.6263335026044524 0.41481496965813025 0.010051553393289723 0.005842465409849709
0 0.6437980766252934 0.4132130033360747 0.012313152906780119 0.006784798540470618
0 0.658875406715228 0.4198093352504212 0.01080541989778652 0.006407865288222254
0 0.6554830074449928 0.4228248012684081 0.009548975723625262 0.010177197810705892
0 0.6296002574572716 0.43375586558361073 0.008543820384296338 0.014323463585437964
0 0.6244488363432105 0.45071786193478725 0.01934924028208286 0.019600529116915056
0 0.6347516785713325 0.4390329311150879 0.009800264558457457 0.013569597080941164
0 0.6443006542949579 0.4362059317232251 0.009297686888793066 0.014700396837686328
0 0.6566138072017378 0.43055193293949967 0.009800264558457455 0.009046398053960868
0 0.6539752744359992 0.4403521974979572 0.010051553393289794 0.012815730576444438
0 0.6600062064719733 0.44751392929067607 0.012061864071947639 0.01507733008993462
0 0.6662884273427793 0.43309623239217615 0.009548975723625404 0.012250330698071892
0 0.6705603375349274 0.423767134399029 0.013067019411276703 0.009800264558457599
0 0.6916685996608359 0.4229190345814702 0.00854382038429648 0.008857931427836689
0 0.6862658897119428 0.428949966617444 0.010805419897786663 0.011496464193575164
0 0.7123999285344962 0.4366770982885356 0.01331830824610904 0.01413499695931371
0 0.7223258375103698 0.4339443322097349 0.011056708732618858 0.014700396837686328
0 0.7141589503783219 0.43026923300031333 0.01080541989778652 0.013381130454817054
0 0.7155410389698992 0.42009203518960736 0.005528354366309429 0.0047116656531045464
0 0.7301157913901695 0.42065743506798 0.010051553393289794 0.008480998175588254
0 0.7396647671137947 0.41462650303200604 0.007538665044967275 0.0069732651665948
0 0.7420520110447011 0.42433253427740153 0.009800264558457457 0.011307997567450982
0 0.7395391226963786 0.4390329311150879 0.010302842228121847 0.016585063098928217
0 0.7510984090986617 0.4362059317232251 0.01934924028208272 0.013569597080941236
0 0.763662850840274 0.4111398704487087 0.011810575237115586 0.009423331306209164
0 0.7988432877167884 0.4149092029711923 0.007287376210135079 0.0090463980539608
0 0.7931892889330627 0.4336616322705486 0.006533509705638494 0.0118733974458236
0 0.7853993350532632 0.43347316564442445 0.005025776696644755 0.0020731328873660002
0 0.7928123556808144 0.44233109707226104 0.020856973291076317 0.0160196632205556
0 0.823218304695516 0.4321538992615552 0.01331830824610904 0.015265796716058872
0 0.8372904794461214 0.4232959678337185 0.007789953879799466 0.009611797932333348
0 0.848724121430989 0.4351693652795421 0.02060568445624412 0.014134996959313782
0 0.844703500073673 0.4393156310542741 0.022615995134901964 0.013758063707065418
0 0.8380443459506185 0.44826779579517284 0.0278930606663792 0.01997746236916342
0 0.865309184529917 0.4097263707527773 0.007538665044967275 0.008857931427836547
0 0.8749838046709583 0.41858430218061393 0.008795109219128563 0.009611797932333417
0 0.8866687354906577 0.41424956977975774 0.007036087375303026 0.010742597689078507
0 0.8919458010221348 0.4088782709352185 0.006030932035973962 0.008292531549464072
0 0.8978510886406926 0.4117052703270812 0.009800264558457599 0.008292531549464072
0 0.8835276250552547 0.43846753123671534 0.011307997567451053 0.017715862855673236
0 0.9071487755294857 0.42009203518960747 0.007789953879799469 0.009611797932333346
0 0.9117976189738823 0.43140003275705846 0.017087640768592535 0.015642729968307238
0 0.9081539308688149 0.4477023959168002 0.03191368202369476 0.028646927170875854
0 0.9482345000245576 0.4108571705095224 0.008041242714631807 0.009611797932333346
0 0.9562757427391895 0.41481496965813036 0.008543820384296338 0.009611797932333346
0 0.9501191662857994 0.4205632017549179 0.009297686888792924 0.009800264558457528
0 0.9488627221116382 0.4335673989574865 0.007789953879799611 0.01583119659443142
0 0.9423292124059999 0.4378078980452807 0.012313152906779977 0.017527396229549127
0 0.9477319223548932 0.44270803032450945 0.02060568445624412 0.019412062490790874
0 0.9692171177330501 0.45147172843928396 0.014323463585437821 0.012815730576444508
0 0.9741172500122789 0.4385617645497774 0.015579907759599079 0.013004197202568624
0 0.9915818240331198 0.44251956369838524 0.01633377426409595 0.016773529725052326
0 0.9934664902943617 0.4240498343382153 0.005528354366309287 0.011119530941326871
0 0.9905766686937909 0.4208459016941042 0.010302842228122132 0.012250330698071963
0 0.9966076007297647 0.41283607008382633 0.005779643201141624 0.009800264558457528
0 0.9961050230601003 0.4174535024238689 0.006282220870806298 0.010365664436830074
0 0.358887238932803 0.4262275662030802 0.007905546743822427 0.009121784704410558
0 0.3710496185386837 0.419956339218798 0.003040594901470115 0.008893740086800151
0 0.36420828001037575 0.4257714769678597 0.01125020113543954 0.012770498586174668
0 0.3544783763256713 0.4244032092621981 0.009425844194557555 0.0068413385283078295
