0 0.035570854847963275 0.2753872633390706 0.05737234652897302 0.10327022375215147
0 0.1491681009753299 0.28571428571428575 0.11933448078026392 0.08261617900172119
0 0.21801491681009755 0.25645438898450945 0.13310384394721744 0.11015490533562822
0 0.338496844520941 0.26506024096385544 0.09409064830751582 0.0757314974182444
0 0.697647733792312 0.2728055077452668 0.08261617900172112 0.11876075731497415
0 0.9486517498565692 0.2762478485370052 0.10269650028686172 0.0877796901893288
0 0.5611015490533563 0.6669535283993117 0.12621916236374076 0.1979345955249569
0 0.3545611015490533 0.7581755593803785 0.2271944922547332 0.18072289156626511
0 0.10097532989099253 0.6936316695352841 0.11015490533562822 0.16523235800344233
0 0.1674314525747578 0.5480920129736007 0.16386908124337998 0.0908404689501345
0 0.12468299659822389 0.48664110750733314 0.09262165461582345 0.06412268396480095
0 0.5614297218251453 0.46099203392141275 0.07694722075776105 0.1474821731190419
0 0.663313541902551 0.5315269862826938 0.08977175755072117 0.1560318643143488
0 0.7559351965183745 0.5470233015741873 0.10687113994133483 0.11862696533488154
0 0.7623474649148545 0.46259510102053286 0.06839752956245433 0.08229077775482771
0 0.7003622037488805 0.43854909453373253 0.06127278689969856 0.07480979795893433
0 0.12040815100057049 0.8803043232657052 0.2379664049360387 0.16885640110730904
0 0.3498248647413024 0.8696172092715716 0.22941671374073203 0.16671897830848237
0 0.08834680901817009 0.9839693290087996 0.06269773543224967 0.03206134198240062
0 0.13893248192373556 0.9636638124199466 0.069822478095005 0.03633618758005434
0 0.09048423181699683 0.9353429603354926 0.06982247809500536 0.0352674761806405
0 0.07338484942638322 0.9102282424492788 0.06412268396480086 0.03419876478122703
0 0.9645332216116685 0.7969448341114641 0.07093355677666309 0.07267237516010766
0 0.8927302556432829 0.8236626190967976 0.07837216929031214 0.09618402594720124
0 0.8414321084714423 0.8006853240094108 0.052723095704391765 0.06519139536421434
0 0.8286075716784822 0.8466399141841847 0.06412268396480086 0.05664170416890755
0 0.9597028366731876 0.9096938867495729 0.06412268396480318 0.15068830731728258
0 0.5215311629137136 0.8664110750733316 0.13109526499470392 0.16244413271082891
0 0.5136939459846824 0.942823940131386 0.18666825776419807 0.114352119737228
0 0.8143580863529708 0.9593889668222928 0.06697258102990304 0.08122206635541446
0 0.9048423181699675 0.9262589134404792 0.04274845597653396 0.08122206635541432
0 0.7089118949441872 0.9861067518076265 0.06412268396480086 0.0277864963847469
0 0.5818629056660698 0.28370762641956887 0.0888585486113778 0.07146154361216223
0 0.6032746041266427 0.2628312204205102 0.10170556768772158 0.06824978884307623
0 0.8302386078087158 0.2921384826884194 0.13382311537858058 0.07065860491989075
0 0.8307739002702302 0.3375045188017583 0.12847019076343769 0.12124374253299429
0 0.8693886393905048 0.3326868866481294 0.10491732245680736 0.10197321391847869
0 0.9282708101570805 0.32907366253290776 0.07708211445806257 0.1011702752262072
0 0.9662765749245975 0.41017047045232774 0.06316451045869002 0.13810545507069555
0 0.8993650172353069 0.5434582933693943 0.08778796368834918 0.11722904907163681
0 0.8661768846214188 0.42422189756707873 0.11562317168709399 0.07627917576579107
0 0.8758121489286768 0.5105378069862635 0.12847019076343755 0.09795852045712124
0 0.9282708101570805 0.4740040964879108 0.13917603999372402 0.08752031745759183
0 0.14567323142313934 0.38728671772259043 0.08564679384229178 0.10839672345665065
0 0.1039204194250221 0.3563735780701382 0.05567041599748964 0.08350562399623457
0 0.4936133314074489 0.31983986757178473 0.07494094461200597 0.05540276976673272
0 0.4090371224881866 0.2800944023043471 0.03639988738297404 0.04175281199811732
0 0.6820362778604917 0.32987660122517926 0.11134083199497936 0.07547623707351964
0 0.5578484267891686 0.3379059881478941 0.0663762652277761 0.0786879918426056
0 0.609771795556058 0.34111774291698005 0.05674100092051823 0.06584097276626184
0 0.6434952206314597 0.37925733079987495 0.10919966214892333 0.11160847822573522
0 0.44971934956327514 0.32626337710995756 0.10491732245680745 0.07627917576579116
0 0.3528314140291826 0.3122119499952066 0.03961164215205997 0.03854105722903135
0 0.3378432251067815 0.32064280626405717 0.043893981844174555 0.028102854229502084
0 0.3490843667985824 0.3555706393778667 0.04924690645931783 0.04978219892083203
0 0.40689595264212935 0.4511203437581736 0.0663762652277761 0.12525843599435185
0 0.44704288725570357 0.42863806037457197 0.13168194553252363 0.08671737876532042
0 0.45078993448630383 0.3953161046453053 0.05995275568960437 0.05700864715127544
0 0.3378432251067815 0.37564410668465387 0.10598790737983606 0.11080553953346502
0 0.27628459203263434 0.3933087579146266 0.16487007814641164 0.14774071937795327
