0 0.16303496622153638 0.4203260923153688 0.021313515032260585 0.020441031960764564
0 0.22043188828209778 0.42157249670322033 0.01869606581777244 0.013959729143936813
0 0.24398893121249102 0.41434335125368166 0.019443908450483355 0.012464043878514915
0 0.24791510503422326 0.41982753056022815 0.018322144501416986 0.01645253791963974
0 0.2576370592594649 0.43279013619388373 0.02953978399208044 0.01844678494020215
0 0.23164952777276124 0.46669233554344447 0.04038350216638847 0.02841802004301414
0 0.27259391191368293 0.4101055763349865 0.010095875541597153 0.013959729143936742
0 0.2864290006188345 0.41284766598825984 0.01832214450141702 0.013461167388796156
0 0.2838115514043464 0.42007681143779846 0.020565672399549727 0.015953976164499152
0 0.3026945778802965 0.42880164215275896 0.029913705308435967 0.02044103196076449
0 0.3099860435492278 0.41060413809012714 0.01682645923599516 0.012962605633655571
0 0.31746446987633675 0.413844789498541 0.01981782976683874 0.01645253791963981
0 0.30194673524758564 0.4425120904191255 0.03514860373741218 0.023930964246748728
0 0.30157281393123014 0.46120815623689787 0.0381399742682558 0.021438155471045803
0 0.3382171029340641 0.38692245472094866 0.015704695286928826 0.014458290899077327
0 0.348499939133839 0.4253117098667748 0.03178331189021314 0.018446784940202222
0 0.3352257324032206 0.4325408553163135 0.029913705308435894 0.019942470205623907
0 0.38738775603480563 0.4417642477864145 0.03627036768647862 0.02143815547104573
0 0.41206656291426524 0.423816024601353 0.028044098726658716 0.01944390845048332
0 0.41692754002688615 0.4120998233555489 0.014582931337862298 0.020939593715905137
0 0.40384029395444543 0.46195599886960875 0.035522525053767635 0.026922334777592313
0 0.06870079509570093 0.3963386397904266 0.018899103483575718 0.014983073032024024
0 0.08887686503086961 0.3932739203066034 0.015323597419115433 0.01225887793529239
0 0.12539810554642808 0.3951468044356064 0.01992067664485006 0.012599402322383782
0 0.6377632668820955 0.39355706527748224 0.01233940343972982 0.019942470205623907
0 0.5738227217853138 0.39555131229804474 0.011591560807018836 0.018945346695342737
0 0.5661573348000271 0.39231066088963074 0.005982741061687165 0.014458290899077398
0 0.5598006724219845 0.3850815154400921 0.012713324756085314 0.014956852654217912
0 0.5401698033133233 0.3898178521139278 0.015330773970573332 0.015455414409358569
0 0.5297000064553709 0.38682648158308425 0.006356662378042657 0.012464043878514986
0 0.5259607932918163 0.39231066088963074 0.015330773970573475 0.012464043878514915
0 0.5326913769862145 0.3970469975634665 0.010095875541597223 0.016951099674780323
0 0.5040863962850226 0.3905656947466387 0.018696065817772407 0.013959729143936742
0 0.5055820815504444 0.4065196709111379 0.008974111592530818 0.013959729143936742
0 0.49604708798338043 0.4087631988092706 0.018322144501416913 0.01744966142992098
0 0.4838946452018284 0.4232214897083479 0.029165862675725053 0.01744966142992091
0 0.4747335729511199 0.429952073402746 0.02879194135936956 0.017948223185061493
0 0.494364442059781 0.4359348144644331 0.011217639490663487 0.020939593715905147
0 0.5145561931429752 0.43743049972985487 0.030661547941146984 0.027919458287873292
0 0.5231563834191505 0.4244678940961994 0.03440076110470123 0.021936717226186318
0 0.4526722152861484 0.451639509751362 0.031035469257502227 0.018446784940202222
0 0.44369810369361756 0.4581208125681899 0.03327899715563497 0.024429526001889242
0 0.4717422024202763 0.4673442050382908 0.03327899715563497 0.028916581798154723
0 0.5074516881322217 0.4803068106719464 0.044870557962653705 0.029913705308435956
0 0.5095082553721767 0.46210930660931454 0.03552252505376778 0.023432402491608214
0 0.5394219606806125 0.4501438244859402 0.03178331189021314 0.024429526001889385
0 0.5702704692799371 0.45687440818033836 0.03290507583927948 0.023930964246748728
0 0.5897143777304203 0.46335571099716605 0.0381399742682558 0.021936717226186387
0 0.5925187876030863 0.4733269460999781 0.03851389558461129 0.025925211267311142
0 0.6257977847587212 0.45488016115977586 0.0430009513808767 0.022933840736467558
0 0.6300978798968089 0.47980824891680585 0.04038350216638854 0.02791945828787341
0 0.6375763062239179 0.43668265709714404 0.03365291847199039 0.023432402491608002
0 0.6687987361395977 0.4351869718317222 0.028791941359369418 0.013461167388796227
0 0.6601985458634226 0.468341328548572 0.03776605295190038 0.02492808775702997
0 0.6914209757791024 0.4803068106719464 0.05085329902434111 0.029913705308435967
0 0.742462911310456 0.4216759783402583 0.035784269975216464 0.017549373780949083
0 0.7511004937182666 0.45238738245691856 0.03989740445512708 0.02303355308749557
0 0.7578871656101183 0.4628073231393576 0.037018210319189254 0.023033553087495662
0 0.8967054543070787 0.37972200664517686 0.018509105159594696 0.011516776543747796
0 0.9445100032853242 0.372837163236453 0.018109706040772694 0.018883625102344297
0 0.9394021374789525 0.35410832194642305 0.024146274721030495 0.012382704985143817
0 0.9275611758369087 0.3790285157290249 0.009751380175800649 0.01702621935457266
0 0.9236141886228941 0.37531370423348176 0.01021573161274361 0.01702621935457266
0 0.9866498961878918 0.3886251120925114 0.009519204457329239 0.013311407859029529
0 0.9909451469796133 0.4017817361392264 0.018109706040773228 0.01609751648068693
0 0.9659862572439332 0.395745167458969 0.010912258768158125 0.01950276035160151
