0 0.09571925823364286 0.35657284779094695 0.0856652929803252 0.05251934360637285
0 0.1352464914898378 0.3598782610249151 0.09475517937373569 0.06574099654224272
0 0.1676119960724367 0.36226550391611423 0.08731799959730888 0.08079899016365069
0 0.22463037435837613 0.3625960452395103 0.07574905327842256 0.10658121338859666
0 0.30189440870236584 0.4013795605180598 0.08704254849447723 0.07528996810703689
0 0.3326072066679804 0.394162741623899 0.09117431503693849 0.10221072255701642
0 0.4611051461384685 0.47024233622571765 0.11018044113225142 0.06023197448562931
0 0.5017341838059857 0.5042146389081611 0.11045589223508032 0.07014821418753205
0 0.6350660146800484 0.5200174523116242 0.12135301331416412 0.1471390010375152
0 0.7197564862074555 0.5901651155969501 0.16241506011533208 0.13687348933722251
0 0.868381474985541 0.6124070576142513 0.17451369890496182 0.14811666881849508
0 0.9195257207780648 0.562301583839017 0.1272190200000515 0.09385610697409533
