0 0.02788486842105263 0.3526315789473684 0.03755921052631579 0.06526315789473686
0 0.9503618421052632 0.35684210526315785 0.05918421052631572 0.0989473684210526
0 0.7028125 0.3357894736842105 0.06032236842105277 0.06526315789473677
0 0.6737894736842105 0.4189473684210526 0.054631578947368524 0.1305263157894737
0 0.4450197368421053 0.36421052631578943 0.03869736842105269 0.06315789473684212
0 0.49623684210526314 0.35578947368421054 0.03869736842105269 0.07157894736842102
0 0.43875986842105263 0.4231578947368421 0.10357236842105266 0.13473684210526315
0 0.623141447368421 0.34421052631578947 0.10129605263157898 0.0778947368421052
0 0.5690789473684211 0.29368421052631577 0.011381578947368425 0.03578947368421055
0 0.5605427631578948 0.34 0.03983552631578945 0.08210526315789476
