0 0.35984281437125754 0.6487025948103792 0.19872754491017972 0.14770459081836335
0 0.4788547904191617 0.582834331337325 0.16729041916167658 0.13173652694610774
0 0.44910179640718567 0.2894211576846308 0.06287425149700596 0.1317365269461078
0 0.5046781437125749 0.31736526946107785 0.08869760479041915 0.13572854291417166
0 0.1841317365269461 0.5409181636726547 0.11676646706586828 0.14371257485029937
0 0.8920284431137725 0.5678642714570858 0.12238023952095801 0.14970059880239525
0 0.3373877245508982 0.4281437125748503 0.14034431137724548 0.13772455089820354
0 0.2722679640718563 0.4181636726546906 0.09992514970059876 0.12974051896207583
0 0.20321856287425152 0.4051896207584831 0.11002994011976051 0.11976047904191617
0 0.11845059880239521 0.26646706586826346 0.08196107784431135 0.22155688622754485
