0 0.024386774331386026 0.6821542735772916 0.02189832797104051 0.0159260567062114
0 0.3061025953368162 0.6800944203621324 0.010197854082421322 0.014050376735780502
0 0.29437506314203166 0.6832670860766634 0.012577353368319635 0.011330948980468065
0 0.23165826053514046 0.671709518116586 0.01835613734835839 0.013597138776561905
0 0.2167014078809225 0.6732958509738515 0.012917281837733689 0.013143900817343023
0 0.20565373262496606 0.6762418977087732 0.009857925613007232 0.010877711021249467
0 0.1553443191516875 0.6778282305660387 0.018016208878944368 0.011330948980468065
0 0.1507552848145979 0.6819073721990072 0.010197854082421322 0.012237424898905544
0 0.08497912598298031 0.6868929897504132 0.01733635194011626 0.014050376735780502
0 0.07920034200294156 0.6807742773009605 0.01733635194011626 0.010877711021249325
0 0.10877411884196342 0.6839469430154915 0.012577353368319635 0.019035994287186355
0 0.11115361812786173 0.678054849545648 0.020055779695428627 0.013597138776561763
0 0.32241916186869035 0.6420224317877594 0.006798569388280846 0.012237424898905544
0 0.35182297447300515 0.6413425748489313 0.009857925613007268 0.014503614694999313
0 0.22299008456508232 0.6345440054606505 0.016656495001288116 0.011784186939686947
0 0.41628876467969017 0.6499334943486681 0.008343698794708415 0.014833242301703962
0 0.48767374325663937 0.6511695978738102 0.00957980231985033 0.015657311318465192
0 0.508069451421482 0.625417441100019 0.008961750557279373 0.008652724675993824
0 0.5224391549012576 0.6254174411000188 0.008652724675993895 0.009476793692755265
0 0.5312463925178942 0.6379844936056291 0.01576031994556011 0.011536966234658408
0 0.5516421006827368 0.622327182287164 0.0052534399818534895 0.01153696623465848
0 0.5454615830570269 0.6212970960162124 0.008343698794708415 0.011949000743039164
0 0.5337185995681781 0.6241813375748769 0.011433957607563272 0.007004586642471295
0 0.562458006527729 0.6381905108598194 0.018850578758415112 0.010300862709516493
0 0.5567410277239475 0.6544658739408554 0.008652724675993895 0.013185104268181078
0 0.5655482653405841 0.6515816323821909 0.008961750557279302 0.011536966234658622
0 0.5800724817610023 0.6342761830302031 0.007725647032137389 0.011536966234658337
0 0.5879526417337825 0.6353062693011547 0.008652724675993824 0.009476793692755052
0 0.6299801615886098 0.6153225956446927 0.012361035251419707 0.007416621150851839
0 0.6066487075515549 0.6476673045525746 0.012670061132705327 0.015245276810084505
0 0.6136017898804785 0.646019166519052 0.010506879963706837 0.011124931726277794
0 0.6097389663644098 0.6326280449966805 0.011433957607563272 0.01153696623465855
0 0.6278169804196113 0.6423108559436259 0.009270776438564781 0.014421207793323064
0 0.6202877962590678 0.6318071982974668 0.008653822233935743 0.008442753398961642
0 0.626303258055828 0.6336364615339085 0.005909927379273157 0.011538429645247632
0 0.6494152954854855 0.6410942270363246 0.01583016262305321 0.012382704985143888
0 0.6538477410199406 0.6388428261299349 0.01245306126346847 0.010694154305351446
0 0.68149775840154 0.6130924282631017 0.007387409224091499 0.011538429645247561
0 0.6942674229174696 0.6122481529232056 0.012241992428494513 0.012664130098442427
0 0.6830807746638456 0.6576983087209493 0.01815191980776799 0.015759806344728566
0 0.6604964093216228 0.6327921861940122 0.006332065049221285 0.010412729192052694
0 0.6679893529632013 0.6302593601743237 0.008231684563987755 0.0092870287388579
0 0.6665118711183831 0.6398278140264803 0.010342372913728042 0.009287028738857828
0 0.6787538635468775 0.6481298548687926 0.007809546894039414 0.012382704985143676
0 0.7023935730639701 0.6294150848344277 0.008653822233935814 0.010412729192052694
0 0.6783317258769292 0.63110363551422 0.007809546894039414 0.010412729192052765
0 0.6836084467512804 0.6395463889131815 0.015408024953105155 0.00984987896545526
0 0.6953227670923396 0.6374357005634412 0.012664130098442427 0.010131304078754013
0 0.7211786993766599 0.6560097580411568 0.013297336603364442 0.0157598063447287
0 0.7145300310749775 0.6394056763565321 0.01224199242849437 0.010131304078754155
0 0.7146355654924644 0.6284300969378819 0.007387409224091499 0.012382704985143888
0 0.747351234913441 0.6325107610807135 0.01245306126346847 0.013789830551637437
0 0.7811222485092878 0.6372949880067916 0.017096575632897376 0.013226980325040234
0 0.7624426566140854 0.6090117641202704 0.010131304078753836 0.008442753398961828
0 0.7940267912105117 0.6073792767915596 0.010745322507769543 0.012024527568218275
0 0.8138864497739783 0.6020066155376749 0.010169680230567336 0.010489481495679626
0 0.82232920317294 0.6142869841179827 0.009018395676163351 0.007931071374782163
0 0.8206022763413341 0.6067396742613351 0.005948303531086714 0.008698594411051636
0 0.8445873712247481 0.611984415009175 0.0055645420129521025 0.012024527568218061
0 0.8371999620006566 0.6061000717311108 0.00805899188082691 0.00997779947150022
0 0.8294287912584305 0.6035416616102133 0.008250872639894168 0.007419389350602614
0 0.8236723684864111 0.6021345360437198 0.008250872639894453 0.00767523036269246
0 0.16045270655436508 0.6308899007672751 0.006458640918866863 0.007251807347499622
0 0.17040861654241987 0.6303146803349002 0.004281636772576327 0.007611798706802375
