0 0.2229929331478548 0.6328863535709307 0.037938853209827705 0.054599831074460994
0 0.2329292994647144 0.6164261103793653 0.054198361728325255 0.053796892382189584
0 0.3060970877979535 0.6144187636486866 0.0511873416323072 0.05620570845900396
0 0.3362072887581342 0.6308790068402521 0.03793885320982767 0.05540276976673255
0 0.37866267211198895 0.620039334494587 0.050585137613103515 0.06262921799717588
0 0.403654138908939 0.6296745988018448 0.05359615770912171 0.06102334061263278
0 0.42262356551385283 0.5991629284955284 0.04576750545947462 0.05299395368991803
0 0.47110098905974374 0.6264628440327589 0.051187341632307266 0.06262921799717575
0 0.5126530663847931 0.6015717445723427 0.033121221056198705 0.054599831074460994
0 0.5965233071335786 0.6112070088796009 0.03011020096018072 0.06262921799717595
0 0.6513238728811075 0.596754112418714 0.04576750545947462 0.0754762370735196
0 0.6796274617836773 0.6264628440327589 0.04094987330584573 0.057811585843546925
0 0.7097376627438579 0.6124114169180079 0.03131460899858794 0.0537968923821893
0 0.809703529931658 0.6176305184177727 0.05058513761310365 0.059417463228089745
0 0.8979264187449875 0.6071923154182435 0.05961819790115769 0.05620570845900396
0 0.9331553538683989 0.6007688058800714 0.04094987330584587 0.057811585843546925
0 0.9689864930110139 0.6003673365339357 0.04636970947867838 0.04737338284401765
