0 0.9873815311588988 0.5318122241566315 0.013682677056615659 0.00410480311698457
0 0.9595600878104469 0.5404779196258215 0.011554260625586607 0.005473070822646236
0 0.9583438498498589 0.5445827227428062 0.007297427763528219 0.0027365354113231886
0 0.8925149702330298 0.5294177556717238 0.013682677056615517 0.005701115440256643
0 0.9014847251923669 0.5342066926415393 0.013986736546762728 0.00433284773459512
0 0.8856736317047222 0.5340926703327341 0.007297427763528362 0.005473070822646236
0 0.8874979886456041 0.5384255180673292 0.009729903684704482 0.007753516998748822
0 0.8535953554942117 0.5278214433484519 0.014898915017203791 0.005245026205036112
0 0.8595245155520785 0.536487138817642 0.010338022664998477 0.006157204675477103
0 0.8192366331075991 0.5281635102748673 0.006993368273381293 0.0041048031169847125
0 0.8215170792837014 0.5310140679949956 0.006689308783234457 0.0061572046754771025
0 0.811787175598997 0.5335225587887085 0.012162379605880744 0.006613293910697493
0 0.827902328576789 0.533978648023929 0.012162379605880744 0.006157204675477103
0 0.8440174815545808 0.5370572503616675 0.013378617566468591 0.005016981587425775
0 0.8549636231998733 0.5386535626849394 0.012770498586174739 0.004560892352205244
0 0.7836616727603982 0.5387675849937444 0.01611515297779192 0.0066132939106976355
0 0.7746919178010612 0.5289616664365033 0.007905546743822498 0.005701115440256572
0 0.7651140438614302 0.5287336218188929 0.014898915017203791 0.003420669264153986
0 0.7625295381951807 0.5237166402314672 0.006081189802940372 0.005245026205036041
0 0.7515833965498879 0.5264531756427904 0.01033802266499862 0.004332847734594978
0 0.7360763625523902 0.5282775325836727 0.012770498586174739 0.006157204675477254
0 0.6705515424257084 0.5199539040408979 0.01246643909602797 0.004104803116984784
0 0.6828659517766624 0.5221203279081954 0.014594855527056581 0.00478893696981551
0 0.7008054616953363 0.5208660825113389 0.007905546743822356 0.0041048031169847125
0 0.7249781911620241 0.5269092648780108 0.013074558076321664 0.00524502620503597
0 0.7264984886127592 0.5216642386729748 0.007601487253675288 0.0038767584993744464
0 0.6203817265514506 0.5155070339974978 0.004560892352205244 0.00433284773459512
0 0.610043703886452 0.5168753017031594 0.0057771303127933035 0.0029645800289334547
0 0.5700598809321196 0.5144808332182516 0.006689308783234367 0.0036487138817641097
0 0.48902802680793966 0.5079815616163592 0.01125020113543961 0.004332847734594978
0 0.5054472392758785 0.509577873939631 0.006993368273381364 0.005701115440256501
0 0.5267314035861697 0.5103760301012669 0.009425844194557626 0.005016981587425775
0 0.4666796542821341 0.5076394946899438 0.006081189802940372 0.005473070822646306
0 0.46242282142007585 0.5035346915729589 0.007905546743822427 0.0036487138817641097
0 0.45436524493117986 0.5038767584993744 0.004560892352205315 0.00524502620503597
0 0.4490442038536071 0.5020524015584923 0.004864951842352241 0.00524502620503597
0 0.43216890215044773 0.5041048031169847 0.008817725214263418 0.00478893696981551
0 0.39765815001876137 0.5083236285427746 0.005473070822646165 0.0036487138817642515
0 0.39066478174538005 0.5030786023377385 0.006081189802940301 0.005473070822646377
0 0.3674042307491333 0.5107180970276823 0.009425844194557555 0.004332847734594978
0 0.3407990253612694 0.5098059185572413 0.012770498586174668 0.00478893696981551
0 0.3310691216765649 0.5091217847044105 0.008513665724116421 0.00478893696981551
0 0.3306130324413444 0.503534691572959 0.006385249293087227 0.0041048031169847125
0 0.3549377916531056 0.49920184383836413 0.008209606233969425 0.004560892352205244
0 0.3503768993009004 0.4958951968830153 0.006993368273381293 0.005701115440256643
0 0.34535991771347463 0.49509704072137933 0.007905546743822356 0.003648713881764181
0 0.33182927040193244 0.49372877301571777 0.006385249293087298 0.003648713881764181
0 0.32285951544259545 0.49190441607483576 0.004864951842352241 0.003192624646543649
0 0.3217953072270809 0.4898520145163434 0.004560892352205279 0.0027365354113231886
0 0.3112463508232181 0.48944775360330695 0.003317012619785693 0.003938952485995415
0 0.29355561685102816 0.4843685780292602 0.00386984805641653 0.003317012619785587
0 0.2812550283859897 0.48436857802926014 0.0046991012113630146 0.003731639197258829
0 0.2715804082449483 0.4825027584306308 0.005251936647993886 0.0029023860423124147
0 0.26840160448432043 0.48519783118420656 0.006081189802940301 0.0041462657747320004
0 0.28733621818893007 0.5038560271705008 0.012991632760827052 0.006219398662098144
0 0.28885651563966513 0.5010572977725566 0.011056708732618716 0.003938952485995557
0 0.27144219938579056 0.4993987914626638 0.009951037859356866 0.004353579063468658
0 0.26218220582222235 0.502923117371186 0.005251936647993886 0.004353579063468587
0 0.25416609199107376 0.4970146886421929 0.009674620141041394 0.0041462657747320004
0 0.21726432659595865 0.5080022929452328 0.011056708732618787 0.006219398662098073
0 0.21021567477891417 0.5033377439486592 0.011885961887565166 0.005182832218415001
0 0.21408552283533078 0.5000207313288736 0.009121784704410487 0.004353579063468729
0 0.22458939613131862 0.49825856837461246 0.009674620141041394 0.004975518929678415
0 0.22818282646941968 0.4951488690435635 0.009674620141041394 0.004560892352205315
0 0.18879330160946534 0.49504521239919513 0.00773969611283313 0.003938952485995415
0 0.16640346642591233 0.49608177884287813 0.006634025239571244 0.004768205640941829
0 0.16253361836949576 0.5006426711950833 0.011609544169249659 0.005182832218415001
0 0.09923396087525337 0.4976366285084026 0.013268050479142524 0.004975518929678415
0 0.07504741052264985 0.4867526808497311 0.009674620141041413 0.003938952485995415
0 0.08016113831148601 0.4811552220538428 0.008845366986095015 0.0035243259085222436
0 0.09038859388915838 0.48965506689204347 0.007186860676202187 0.003938952485995415
0 0.10932320759376798 0.49058797669135823 0.004699101211362979 0.003731639197258829
0 0.11264022021355363 0.4862343976278896 0.010227455577672373 0.003731639197258758
0 0.1133312645093423 0.480533282187633 0.005528354366309376 0.0035243259085221725
0 0.10600619497398237 0.4818808185644209 0.008568949267779544 0.002902386042312486
0 0.10420947980493182 0.4851978311842066 0.00773969611283313 0.004560892352205244
0 0.09315277107231307 0.4780455227227938 0.006634025239571262 0.002695072753575829
0 0.08527486610032219 0.47555776325795457 0.007463278394517658 0.0031096993310490008
0 0.10033963174851525 0.4719297807050641 0.0060811898029403365 0.0020731328873660002
0 0.1084939544388216 0.4744175401699033 0.0035934303381010757 0.0029023860423124147
0 0.13033095418574367 0.48944775360330695 0.008016113831148584 0.005182832218415143
0 0.15230616279182344 0.4882038738708873 0.008845366986095034 0.003938952485995486
0 0.16391570696107313 0.4892404403145703 0.007186860676202187 0.003938952485995486
0 0.16543600441180822 0.48436857802926014 0.005251936647993886 0.0033170126197855864
0 0.17497241569369187 0.4873746207159409 0.010503873295987844 0.0031096993310490008
0 0.1798097257642126 0.4889294703814654 0.00967462014104143 0.0033170126197856575
0 0.17483420683453418 0.48105156540947447 0.0035934303381010935 0.004146265774732072
0 0.17994793462337036 0.4758687331910595 0.007186860676202151 0.0033170126197856575
0 0.1861673332854684 0.48229544514189415 0.003040594901470115 0.0033170126197856575
0 0.19141926993346228 0.4811552220538428 0.006910442957886715 0.002695072753575829
0 0.19197210537009324 0.4761797031241644 0.007463278394517658 0.0031096993310490008
0 0.20123209893366145 0.4760760464797961 0.007186860676202187 0.0033170126197855864
0 0.21049209249722964 0.476387016412901 0.00691044295788668 0.002695072753575829
0 0.1916956876517778 0.4863380542722578 0.005804772084624794 0.0035243259085222436
0 0.2038580672576584 0.4859234276947847 0.004146265774732029 0.003109699331049
0 0.21809357975090507 0.4865453675609945 0.007186860676202187 0.004353579063468587
0 0.22680073787784236 0.4878929039377824 0.008568949267779544 0.0041462657747320004
0 0.22389835183552992 0.48229544514189404 0.003869848056416493 0.0037316391972589
0 0.26494638300537704 0.4745211968142716 0.003040594901470186 0.002695072753575829
0 0.27130399052663284 0.47421022688116665 0.0035934303381010935 0.0020731328873660713
0 0.2820842815409361 0.4758687331910595 0.005251936647993886 0.0033170126197856575
0 0.2877508447664032 0.474313883525535 0.002211341746523701 0.002695072753575829
0 0.3025391926962808 0.47244806392690547 0.003040594901470115 0.0035243259085222436
0 0.3043359078653314 0.46809448486343697 0.004975518929678415 0.0018658195986294146
0 0.30710008504848607 0.46353359251123166 0.002764177183154679 0.0022804461761026574
0 0.2547189274277047 0.4685091114409101 0.0030405949014701505 0.0018658195986294146
0 0.24642639587824064 0.46913105130711996 0.0030405949014701505 0.0022804461761025863
0 0.25029624393465716 0.4690273946627517 0.0030405949014701505 0.0020731328873660002
0 0.2368899845963569 0.46767985828596365 0.0049755189296784505 0.0018658195986294146
0 0.24006878835698484 0.46301530928939016 0.0046991012113629434 0.0033170126197855864
0 0.1513387007777193 0.4809479087651063 0.004699101211362962 0.002695072753575758
0 0.14235512493246655 0.4790820891664768 0.008845366986094998 0.002695072753575758
0 0.14249333379162427 0.4758687331910595 0.007463278394517694 0.0029023860423124147
0 0.16654167528507005 0.4704785876839078 0.003593430338101058 0.002487759464839314
0 0.15520854883413585 0.47172246741632745 0.006357607521255808 0.002487759464839172
0 0.16128973863707619 0.47161881077195916 0.008016113831148584 0.002695072753575829
0 0.13420080224216022 0.47058224432827617 0.006357607521255772 0.0022804461761026574
0 0.13281871365058287 0.46913105130711996 0.006910442957886734 0.0018658195986294146
0 0.1348918465379489 0.46633232190917584 0.0027641771831546967 0.002487759464839243
0 0.12950170103079725 0.46529575546549273 0.0030405949014701682 0.002487759464839172
0 0.11554260625586604 0.46882008137401504 0.006634025239571262 0.0033170126197856575
0 0.16833839045412063 0.4623933694231804 0.004422683493047543 0.0020731328873660002
0 0.16350108038359992 0.4647774722436513 0.004699101211362979 0.0010365664436830001
0 0.16128973863707619 0.4634299358668633 0.0046991012113630146 0.001243879732419586
0 0.2986693446398643 0.46508844217675616 0.003040594901470186 0.0016585063098927576
0 0.14359900466488615 0.47224075063816895 0.006910442957886734 0.0022804461761025863
0 0.12355872008701464 0.45803979035971176 0.00442268349304749 0.0016585063098928288
0 0.02943848700059745 0.47825283601153046 0.0035934303381010935 0.0035243259085222436
0 0.03330833505701402 0.48291738500810394 0.006357607521255791 0.0033170126197855864
0 0.010780291014303292 0.4740029135924301 0.002764177183154688 0.0033170126197856575
0 0.014235512493246656 0.46705791841975397 0.004146265774732039 0.0035243259085222436
0 0.06772234098728991 0.46560672539859765 0.007186860676202196 0.0018658195986293435
