0 0.011966779068393522 0.6907100151814302 0.013448380286385104 0.02856831066486322
0 0.012878533664080647 0.6729308005655312 0.009801361903636601 0.02400953768642765
0 0.021996079620951906 0.6694357412820641 0.008889607307949474 0.023705619487865304
0 0.02974599368429247 0.6618377863180046 0.007521975414418787 0.02492129228211482
0 0.033962858689345427 0.6826561829195273 0.008661668659027693 0.02400953768642765
0 0.04228261937499044 0.6817444283238402 0.010713116499323725 0.026440883274926677
0 0.05447733709230574 0.6689798639842205 0.012764564339619753 0.02765655606917619
0 0.06427869899594235 0.658038808835975 0.008661668659027687 0.025833046877801847
0 0.06803968670315173 0.6761219416504364 0.007066098116575219 0.022489946693615794
0 0.063594883049177 0.6831120602173709 0.009573423254714815 0.02492129228211482
0 0.0722565517082047 0.6622936636158482 0.008661668659027687 0.022793864892178134
0 0.09242912213778234 0.6619897454172858 0.012080748392854411 0.02218602849505345
0 0.09881140430759222 0.6595583998287867 0.0056984662230445335 0.019146846509429594
0 0.10371208525941052 0.6706514140763136 0.01686746002021181 0.024313455884990134
0 0.11282963121628178 0.6601662332606898 0.007749914063340562 0.023401701289302964
0 0.11887000541270897 0.6641171728072226 0.012080748392854428 0.022793864892178276
0 0.12969709123649362 0.6612299499208799 0.010029300552558382 0.021274273899366137
0 0.16890253885104 0.665484804700753 0.013676318935306887 0.023097783090740478
0 0.1931780049612097 0.6575829315381315 0.00615434352088812 0.020058601105116765
0 0.19032877184968744 0.665332845601472 0.010941055148245482 0.021578192097928762
0 0.19454563685474038 0.6717151277712818 0.013904257584228646 0.022793864892178134
0 0.18941701725400029 0.6557594223467571 0.011852809743932652 0.02309778309074062
0 0.20286539754038543 0.684783610309464 0.011396932446089032 0.029480065260550248
0 0.2133505753907874 0.6768817371468423 0.009117545956871247 0.025225210480677163
0 0.21608583917784877 0.6601662362259116 0.007749914063340562 0.022186028495053307
0 0.20890577173681263 0.655607463247476 0.01344838028638513 0.01975468290655442
0 0.2350047470383566 0.6537839540561018 0.013676318935306853 0.02279386489217799
0 0.24617374083552387 0.6531761176589771 0.013220441637463339 0.018539010112304907
0 0.24446420096861055 0.6723229641684066 0.011624871095010824 0.025225210480677163
0 0.2560890720636214 0.6764258598489987 0.009801361903636625 0.023705619487865304
0 0.26167356896220506 0.6524163221625711 0.015499828126681124 0.02066643750224159
0 0.2761476731687382 0.6559113814460383 0.011624871095010824 0.019146846509429594
0 0.28230201668962623 0.6474016718862918 0.003419079733826713 0.01063713694968314
0 0.2842394952054614 0.6516565266661652 0.0072940367654970115 0.017931173715180222
0 0.2907357466997321 0.6466418763898858 0.007066098116575219 0.015803746325243465
0 0.2878865135882098 0.6584946861338186 0.012308687041776168 0.02309778309074062
0 0.29415482643355884 0.6809846328274343 0.014816012179915817 0.027352637870613705
0 0.30646351347533507 0.6755141052533117 0.007521975414418804 0.025529128679239507
0 0.30361428036381277 0.6549996268503512 0.0072940367654970115 0.018539010112304907
0 0.30384221901273456 0.646793835489167 0.01230868704177624 0.012460646141057338
0 0.31261785699622313 0.6484653855812601 0.010713116499323725 0.015803746325243537
0 0.32344494282000774 0.6518084857654464 0.017323337318055358 0.017019419119493052
0 0.32367288146892953 0.6572790133395691 0.00957342325471476 0.015803746325243395
0 0.3182023538948068 0.6714112095727194 0.009117545956871247 0.019146846509429594
0 0.3251544826869211 0.6680681093885333 0.007977852712262319 0.02157819209792848
0 0.3358675991862448 0.6787052463382165 0.008889607307949418 0.03130357445192459
0 0.34202194270713293 0.6609260317223175 0.009345484605792933 0.023097783090740478
0 0.3486321635258646 0.6512006493683217 0.008433730010105833 0.017627255516617736
0 0.34692262365895127 0.6429948580071374 0.013676318935306853 0.013980237133869266
0 0.34840422487694284 0.6847836103094639 0.01071311649932369 0.028264392466301018
0 0.3545585683978309 0.6753621461540302 0.01162487109501086 0.02765655606917605
0 0.35934528002518834 0.662141704516567 0.009801361903636589 0.018235091913742566
0 0.36538565422161556 0.6525682812618521 0.009573423254714868 0.01914684650942988
0 0.37176793639142547 0.6428428989078562 0.008661668659027767 0.013676318935306995
0 0.36720916341298976 0.6388919623265452 0.011396932446088996 0.014284155332431681
0 0.37473113882740855 0.6350929848445156 0.005926404871966326 0.019450764707992008
0 0.3794038811303051 0.6679161502892521 0.007977852712262461 0.01580374632524368
0 0.3780362492367743 0.6591025225309431 0.007521975414418804 0.014588073530994023
0 0.3844185314065842 0.6616858272187234 0.010257239201480105 0.016715500920930708
0 0.379517850454766 0.6800728782317472 0.011852809743932581 0.012764564339619682
0 0.3779222799123135 0.6897982605857432 0.013220441637463267 0.028568310664863077
0 0.3896611203317852 0.6417791852128879 0.013448380286384988 0.015803746325243537
0 0.3962713411505169 0.6505928129711966 0.007066098116575219 0.013980237133869337
0 0.39649927979943866 0.6592544816302245 0.010257239201480105 0.01975468290655428
0 0.4031095006181703 0.6472497127870106 0.007977852712262461 0.015803746325243607
0 0.41074544535705004 0.6536319949568203 0.012308687041776168 0.020058601105116765
0 0.41587406495779006 0.6648769683036284 0.00797785271226239 0.02127427389936642
0 0.42237031645206086 0.6515045675668838 0.007294036765497083 0.015803746325243537
0 0.4212306232074519 0.6442105308013869 0.008205791361184111 0.013372400736744582
0 0.42715702807941824 0.641019389716482 0.008205791361184182 0.017323337318055396
0 0.43650251268521134 0.645122285397074 0.012764564339619753 0.018235091913742566
0 0.4355907580895242 0.6619897454172857 0.011852809743932652 0.02036251930367911
0 0.4402635003924207 0.6505928129711966 0.007977852712262319 0.01884292831086725
0 0.4453921199931608 0.6463379581913234 0.006382282169809841 0.01337240073674444
0 0.450294286079914 0.6496565235058307 0.007069068386444927 0.01767632525597534
0 0.4310319851110886 0.677489573543967 0.020970355700804008 0.025225210480677163
0 0.4323996170046192 0.6869110376994005 0.024161496785708822 0.025833046877801847
0 0.45402263273998644 0.6648709557526266 0.008191431226302014 0.024675422459477687
0 0.46024205274514157 0.6563761381846098 0.0066744995177276676 0.0230573619703317
0 0.4616072912828586 0.6670957889252024 0.011832067326880776 0.024270907337191262
0 0.4660063932377245 0.6774109245435088 0.014562544402314756 0.02629348294862396
0 0.4746529039765989 0.6648709557526266 0.008798203909731796 0.01739415025832031
0 0.4782935400771776 0.6711409401480677 0.014259158060599901 0.027507028315483524
0 0.4748045971474564 0.6460610025663034 0.01152868098516585 0.018607695625179943
0 0.48238925569032864 0.6385774728040028 0.00849481756801694 0.017394150258320452
0 0.4834511078863308 0.648892608422309 0.008191431226302014 0.020225756114326005
0 0.4930077776503498 0.6596122591629018 0.007888044884587159 0.018203180502893445
0 0.49771026594693063 0.651926471839458 0.003944022442293686 0.009303847812589937
0 0.49604164106749876 0.6642641830691969 0.010315135618306357 0.021843816603472135
0 0.5040813791229434 0.6699273947812081 0.012438840010310627 0.012944483913168768
0 0.49058068691663065 0.6865125147949556 0.01880995318632323 0.02993411904920251
0 0.5187956166961155 0.6846921967446662 0.0163828624526041 0.025484452704050822
0 0.5417012854955898 0.6873215450395287 0.02214720294518699 0.030743149293775644
0 0.5319929225607133 0.6753883489320762 0.010618521960021212 0.028720573682342945
0 0.5034684533803953 0.642618635695348 0.008391430350989637 0.019408750471676867
0 0.5122880179329661 0.64239030413795 0.008562684031622254 0.01895207398999041
0 0.5193094188388963 0.6555197529864373 0.0075351619478274045 0.02100711815757961
0 0.5272727149883049 0.6443311791851175 0.009418952434784345 0.016897029822400923
0 0.5241045218966047 0.6594015030807725 0.008220176670357232 0.020550441675893153
0 0.5357497721796107 0.6401069217295173 0.00616513250276796 0.01255860324637922
0 0.5375479358262514 0.642961149740058 0.007706415628459879 0.016440353340714395
0 0.5405448752373191 0.646728730713972 0.006850147225297647 0.019865426953363255
0 0.5449974709337626 0.6414769511745768 0.006507639864032768 0.014841985654811722
0 0.5550158112507606 0.6380518775619279 0.010103967157314103 0.01529866213649818
0 0.561009690072896 0.638051877561928 0.009076445073519394 0.013928632691438736
0 0.5627222268792205 0.642047796776685 0.0070214009059301925 0.014156970932281965
0 0.5542451696879145 0.6462720542322853 0.007535161947827547 0.018952073989990197
0 0.5667466883740829 0.6592873339603509 0.007535161947827262 0.020778779916736455
0 0.5698292546254669 0.6653382973426971 0.0126727723668008 0.02420385352938524
0 0.5797619681021485 0.6563189368293885 0.007535161947827476 0.018952073989990197
0 0.578391938657089 0.67675520938486 0.010275220837946505 0.026030559456131357
0 0.5846426980001731 0.6519805102533667 0.004966356738340778 0.016668691581557767
0 0.5817313854294217 0.6421619658971067 0.006678893544665172 0.014841985654811722
0 0.587297130049976 0.6348551421901224 0.0054801177802381315 0.014385309173125051
0 0.5950891725187522 0.6422761350175282 0.007363908267195071 0.014613647413968565
0 0.6017680660634174 0.640791936452047 0.00770641562845995 0.01803872102661714
0 0.6075906912049205 0.6437603335830093 0.0066788935446653154 0.017125368063244224
0 0.6134133163464235 0.6410202746928904 0.006678893544665315 0.016212015099871236
0 0.5920922331076844 0.6617990546096267 0.010617728199211456 0.022148809361795828
0 0.5948322919978035 0.6677358488715516 0.006507639864032839 0.01621201509987131
0 0.5935478893930601 0.6828061727672065 0.01763912910514165 0.03173901547721258
0 0.6199209562104564 0.6733301357722112 0.020379187995260607 0.03151067723636956
0 0.6194928220088752 0.6460437159914421 0.007535161947827476 0.020778779916736524
0 0.6248873129487972 0.6377093702006631 0.009418952434784345 0.013243617968908836
0 0.6284836402420784 0.6437603335830094 0.007021400905930264 0.015298662136498322
0 0.6367038169124356 0.6363393407556035 0.007706415628460021 0.013700294450595365
0 0.637988219517179 0.6519805102533667 0.007192654586562526 0.022605485843482428
0 0.6456090083053226 0.6607715325258322 0.00770641562845995 0.02100711815757961
0 0.6466365303891173 0.6684208635940813 0.011131489241108738 0.02854228010540709
0 0.644581486221528 0.6409061055724687 0.005651371460870678 0.016897029822400995
0 0.6505753650436635 0.646386223352707 0.0063363861834002935 0.009590206115416748
0 0.6537435581353637 0.6395360761274091 0.00616513250276796 0.012330265005535778
0 0.6589667953946532 0.6338276201063278 0.005651371460870678 0.01278694148722245
0 0.6531441702531501 0.6461578851118637 0.006336386183400436 0.019637088712520095
0 0.6601655711590803 0.6535788779392695 0.00530886409960587 0.014385309173125194
0 0.659651810117183 0.660200686923724 0.014214055492492718 0.02214880936179597
0 0.6621349884863534 0.6652241282222756 0.00890519139288699 0.022605485843482428
0 0.6607649590412938 0.6821211580446765 0.01267277236680073 0.029912309550466743
0 0.6687097548165394 0.658944826599086 0.008733937712254516 0.02237714760263941
0 0.6765017972853156 0.6435319953421663 0.006507639864032768 0.01621201509987131
0 0.6761592899240507 0.6402210908499391 0.013015279728065536 0.014613647413968422
0 0.6860920034007324 0.6369101863577118 0.006165132502767818 0.013471956209751994
0 0.6788137219738536 0.6576889662744481 0.0066788935446652434 0.013928632691438594
0 0.6853213618378864 0.6460437159914421 0.0059938788221353435 0.017125368063244367
0 0.6883183012489542 0.6539213853005345 0.007535161947827476 0.015983676859028007
0 0.6928565237857139 0.6475279145569232 0.005651371460870536 0.01826705926746058
0 0.6800124977382808 0.6878296140657579 0.017639129105141507 0.029912309550466743
0 0.6845507202750403 0.675841856421487 0.020550441675893153 0.026943912419504414
0 0.699449790490063 0.6644249443793242 0.009590206115416748 0.026487235937817814
0 0.7061286840347282 0.6503821425674639 0.007192654586562526 0.022605485843482355
0 0.7036455056655577 0.6398785834886741 0.010103967157314174 0.015298662136498109
0 0.7102387723699068 0.6427328114992147 0.0061651325027679595 0.014613647413968494
0 0.7105812797311717 0.6345126348288576 0.006165132502767818 0.00913352963373029
0 0.7190583369224777 0.6355401569126522 0.01044647451857898 0.014385309173125123
0 0.718801456401529 0.6381660466823496 0.012672772366800871 0.014156970932281751
0 0.7136638459825556 0.6719601063271518 0.019865426953363397 0.0251172064927583
0 0.7266791257106212 0.6591731648399294 0.008562684031622183 0.02192047112095281
0 0.7332723924149704 0.6541497235413778 0.008048922989724617 0.02055044167589301
0 0.7318167361295945 0.6422761350175281 0.007192654586562526 0.019180412230833638
0 0.7359268244647731 0.6361110025147604 0.011302742921741356 0.014613647413968494
0 0.7430338522110196 0.6404494380020423 0.015241577576287284 0.021007118157579684
0 0.76024484711458 0.6346268039492792 0.012672772366800587 0.016212015099871167
0 0.771033828994424 0.6361110025147603 0.009247698754151941 0.017810382785774195
0 0.7776270956987729 0.6339417892267494 0.008048922989724759 0.013928632691438736
0 0.7628136523240667 0.6417052894154202 0.008562684031622183 0.017125368063244224
0 0.7646974428110237 0.6542638926617993 0.007535161947827476 0.019865426953363397
0 0.7547647293343419 0.6615707163687836 0.007192654586562668 0.02214880936179597
0 0.7561347587794015 0.6740151504947411 0.011302742921741214 0.02831394186456393
0 0.7645261891303909 0.6679641937958398 0.009247698754151799 0.027628927142034174
0 0.774544529447389 0.6590589957195075 0.009076445073519466 0.023518838806855485
0 0.777627095698773 0.6868020919819634 0.01763912910514165 0.026487235937817672
0 0.7890154654608307 0.6759560255419086 0.007535161947827475 0.03173901547721286
0 0.7860185260497627 0.65220884849421 0.01044647451857898 0.017125368063244367
0 0.7914130169896846 0.6417052894154202 0.00582262514150301 0.007991838429513932
0 0.7956943590054957 0.6375952010802415 0.005137610418973253 0.011645250283006234
0 0.7949237174426497 0.6566614441906534 0.00770641562845995 0.026030559456131357
0 0.8030582672726908 0.6372526937189766 0.006165132502767818 0.013243617968908978
0 0.8057126993224935 0.6406777673316253 0.0070214009059301925 0.015983676859028007
0 0.8136759954719021 0.6375952010802415 0.007535161947827476 0.013015279728065536
0 0.8067402214062881 0.6532363705780045 0.00770641562845995 0.019180412230833638
0 0.8169298154039185 0.6441028409442743 0.00616513250276796 0.01598367685902808
0 0.8164160543620212 0.6597440104420375 0.008220176670357232 0.023518838806855343
0 0.8127341002284237 0.6701334004004056 0.011816503963638638 0.029227294827936987
0 0.8272906630821814 0.6381660466823496 0.008048922989724759 0.01872373574914711
0 0.8312294977367276 0.6494687896040908 0.012501518686168396 0.01255860324637922
0 0.8401346891296145 0.6414769511745768 0.007021400905930051 0.01621201509987131
0 0.8381652718023415 0.6550630765047507 0.00650763986403291 0.01826705926746058
0 0.8389359133651874 0.6633974222955297 0.008733937712254516 0.023518838806855485
0 0.8389359133651874 0.6812078050813036 0.009761459796049081 0.01666869158155791
0 0.8444160311454256 0.6789244226728709 0.011131489241108738 0.029912309550466743
0 0.8474129705564935 0.6547205691434859 0.010275220837946505 0.019408750471676797
0 0.8579450719153886 0.6534647088188479 0.01078898187984393 0.02009376519420641
0 0.8551193861849532 0.6302883773732573 0.005137610418973253 0.01164525028300595
0 0.8553762667059019 0.6350834804309656 0.009418952434784274 0.013928632691438736
0 0.8586300866379183 0.6399927526090957 0.0073639082671951425 0.01598367685902808
0 0.867706531711438 0.6372526937189766 0.0070214009059301925 0.011416912042162863
0 0.8671927706695405 0.6498112969653556 0.010446474518579123 0.018267059267460438
0 0.8758410815414789 0.6591731648399292 0.008220176670357232 0.02146379463926607
0 0.8637676970568916 0.6872587684636499 0.019009158550201306 0.026487235937817957
0 0.8833762434893063 0.6699050621595624 0.013700294450595294 0.026487235937817672
0 0.8879144660260662 0.6563189368293885 0.005993878822135486 0.01621201509987131
0 0.8810643188007685 0.633142605383798 0.006336386183400436 0.011416912042162934
0 0.882776855607093 0.6342842965880143 0.0070214009059301925 0.016897029822401138
0 0.8879144660260663 0.6296033626507276 0.0059938788221353435 0.01621201509987138
0 0.8948502400916802 0.6329142671429547 0.00582262514150301 0.013243617968908836
0 0.9101774445082839 0.6296033626507276 0.009418952434784416 0.01621201509987138
0 0.9118043544742921 0.6324575906612683 0.00890519139288699 0.012330265005535778
0 0.9168563380529491 0.6334851127450629 0.009418952434784416 0.01895207398999034
0 0.9076942661391133 0.6417052894154202 0.011302742921741356 0.018952073989990197
0 0.923021470555717 0.6325717597816899 0.008048922989724901 0.01210192676469255
0 0.9081224003406945 0.6554055838660156 0.017296621743876698 0.02169213288010937
0 0.8986178210655938 0.6873729375840716 0.01815289014703893 0.033109044922272374
0 0.9139450254821975 0.6733301357722112 0.016611607021346942 0.029227294827936845
0 0.9269603052102633 0.6753851799398005 0.01078898187984393 0.021920471120952526
0 0.932354796150185 0.681093635960882 0.026030559456131214 0.031967353718056014
0 0.9516208352213351 0.6745859960968491 0.019009158550201022 0.02762892714203403
0 0.9320122887889204 0.646386223352707 0.012672772366800871 0.01963708871252017
0 0.9406605996608587 0.6364535098760252 0.007021400905930051 0.011188573801319492
0 0.9401468386189613 0.6486696057611394 0.0073639082671951425 0.020550441675893153
0 0.9445138074750886 0.6301742082528357 0.009590206115416748 0.012786941487222378
0 0.9517064620616512 0.6330284362633765 0.010275220837946648 0.011645250283006163
0 0.9517064620616512 0.6381660466823498 0.009932713476681556 0.010503559078789877
0 0.9518777157422835 0.6457012086301772 0.008562684031622183 0.01781038278577398
0 0.9563303114387272 0.6401069217295173 0.007877669309092426 0.014385309173125265
0 0.961382295017384 0.6369101863577117 0.00530886409960587 0.015298662136498251
0 0.9661773980750926 0.6502679734470422 0.010446474518578839 0.020550441675893153
0 0.9733700526616552 0.6567756133110751 0.012501518686168254 0.016668691581557767
0 0.976366992072723 0.6444453483055392 0.010617728199211314 0.013471956209752065
0 0.9801345730466366 0.6401069217295173 0.009932713476681699 0.017125368063244224
0 0.9848440492640287 0.6361110025147605 0.005308864099605586 0.015527000377341622
0 0.9764526189130391 0.6294891935303059 0.011473996602373688 0.016897029822401065
0 0.9708012474521684 0.628233333205668 0.011131489241108738 0.015298662136498322
0 0.988097869196045 0.6725309519292599 0.013186533408698011 0.03036898603215306
0 0.997345567950197 0.6668421187257507 0.00530886409960587 0.019447996106821817
0 0.9904097938845831 0.6936522392072613 0.01233026500553592 0.03105400075468296
