0 0.20197037021924794 0.5258000662113649 0.03671671922704871 0.029799076474126523
0 0.21454185560677005 0.5116100297951143 0.03951038264649803 0.02696106919087626
0 0.2666237236407902 0.5268643189425838 0.039111287872290956 0.024832563728438613
0 0.2811906828993475 0.5077077697806454 0.03711581400125571 0.030508578294939
0 0.2891725783834886 0.5126742825263331 0.03472124535601345 0.024832563728438686
0 0.29735402125473315 0.5215430552864898 0.031129392388149987 0.02979907647412638
0 0.3264879397718478 0.5077077697806454 0.03591852967863453 0.026251567370063924
0 0.3458440363208897 0.5130290334367393 0.03312486625918524 0.02979907647412638
0 0.3464426784822004 0.5258000662113649 0.03671671922704867 0.03405608739900181
0 0.38295985032214547 0.516576542540802 0.03472124535601345 0.03405608739900167
0 0.3909417458062865 0.5077077697806454 0.03871219309808389 0.03192758193656424
0 0.4051096102906368 0.5258000662113649 0.03671671922704867 0.028380072832501282
0 0.4220711381944365 0.5130290334367393 0.023546591678216017 0.03973210196550198
0 0.4647742790345909 0.5172860443616145 0.04190495129174039 0.025542065549251303
0 0.48113716477707996 0.5172860443616145 0.031528487162357025 0.04682712017362725
