0 0.18104546580362324 0.5303407228898487 0.05743511328942532 0.03558479845105708
0 0.236482836022112 0.5479458337024767 0.037457682580059985 0.037083105754259334
0 0.22649412066742936 0.547383968463776 0.02946671029631382 0.01947799494163121
0 0.2644512390152235 0.5359593752768577 0.022474609548035998 0.028093261935045036
0 0.2836795160729876 0.5232237631996373 0.027968402993111496 0.028093261935045036
0 0.30390666466622 0.5234110516125375 0.0264700956899091 0.02921699241244667
0 0.30740271504035893 0.5408288740122654 0.037457682580059985 0.03183903019305099
0 0.33911688629147635 0.5327754722575526 0.029966146064047974 0.026969531457643116
0 0.36009318853631 0.5550627933926883 0.026969531457643185 0.025845800980241408
0 0.3928062313228957 0.55618652387009 0.02946671029631389 0.03183903019305099
0 0.37557569733606805 0.5355847984510571 0.03296276067045299 0.021350879070634158
0 0.3773237225231375 0.523036474786737 0.04544865486380609 0.026969531457643258
0 0.4285158887158862 0.5779119797665249 0.03895598988326242 0.05656110069589047
0 0.4574831632444659 0.5488822757669785 0.028967274528579737 0.02547122415444079
0 0.4845401923282438 0.5321361383603909 0.02967755740241074 0.02481657817270552
0 0.47840000803808974 0.5234375439493395 0.03172428549912873 0.025839942221064546
0 0.5229163441417058 0.5297056487455383 0.031383164149675694 0.025072419184795292
0 0.5017668204756202 0.5396834482170384 0.023196251762803755 0.0266074652573338
0 0.48232290355679935 0.5536267833759296 0.030018678751863703 0.030445080438679925
0 0.5270098003351419 0.5501729297127181 0.03274764954748775 0.028142511329872378
0 0.5353672733967403 0.5628370598111606 0.04332241138053071 0.0319801265112185
0 0.5450892318561508 0.5511962937610771 0.02524297985952174 0.02711914728151321
0 0.5537878262672022 0.5261238745762818 0.014668218026478925 0.01893223489464134
0 0.5672621195705956 0.5384042431565897 0.025242979859521668 0.01893223489464134
0 0.574937349933288 0.5265076360944164 0.024901858510068778 0.01714134781001313
0 0.6010331331664422 0.5210070543344868 0.015691582074837812 0.016373824773743807
0 0.5935284634784764 0.5322640588664358 0.025242979859521883 0.01893223489464134
0 0.5921639780806643 0.5422418583379359 0.019102795569367927 0.02251400906389776
0 0.5802247308498094 0.5708960516919876 0.027289707956239723 0.0475864282486932
0 0.5911406140323052 0.5660350724622825 0.018420552870461862 0.032235967523308276
0 0.6018859365400747 0.5630929008232504 0.016714946123196982 0.02737498829360298
0 0.6182597613138181 0.5581040010875002 0.020126159617727388 0.026095783233154323
0 0.6341219040633829 0.5514521347731669 0.017738310171555867 0.02967755740241074
0 0.6194536860369041 0.5358458330356922 0.03479437764420567 0.018932234894641412
0 0.6452083479206054 0.5340549459510641 0.01671494612319691 0.020467280967179917
0 0.6417971344260752 0.525868033564192 0.012621489929760941 0.01483877870120537
0 0.6629466580921612 0.5687214030892248 0.03513549899365856 0.03300349055957753
0 0.66397002214052 0.5509404527489873 0.017397188822102835 0.028142511329872236
0 0.697399914386914 0.5629649803172054 0.034453256294752634 0.03479437764420567
0 0.6916008514462129 0.5395555277109935 0.026948586606786763 0.018676393882551635
0 0.6765915120702811 0.5327757408906152 0.024901858510068705 0.01893223489464148
0 0.6919419727956659 0.5253563515400126 0.013303732628666722 0.011768686556128288
0 0.7175260740046407 0.5293218872274036 0.01398597532757293 0.015606301737474553
0 0.7204256054749911 0.534054945951064 0.030018678751863634 0.023537373112256788
0 0.7393578403696324 0.5399392892291281 0.037182227090376614 0.02251400906389776
0 0.7361171875498291 0.5477424400978653 0.029336436052957566 0.02942171639032111
0 0.7507854055763079 0.5520917373033911 0.03206540684858169 0.026351624245244096
0 0.7617012887588038 0.5609182522204874 0.03888783383764178 0.032747649547487614
0 0.7284419571871367 0.5776758385123659 0.03240652819803472 0.044772177115705886
