0 0.09171039067586802 0.45828076345725244 0.011868403499229992 0.017263132362516274
0 0.14592741575189588 0.45144744023042305 0.019960496794159503 0.02085961827137396
0 0.22496019359904096 0.44065798250385035 0.015105240817201776 0.01654383518074482
0 0.2532825201312942 0.49064913663697046 0.014565767930873143 0.021578915453145275
0 0.3954336256788898 0.4892105422734276 0.012947349271887277 0.020140321089602366
0 0.3743941831120729 0.4507281430486516 0.023736806998459984 0.012228052090115753
0 0.44695328632327447 0.49352632536405666 0.01780260524884511 0.017263132362516417
0 0.3981309901105329 0.4805789760921694 0.016184186589859026 0.02014032108960244
0 0.4410190845736595 0.4755438958197688 0.01996049679415968 0.02014032108960251
0 0.45666379827718984 0.48165792186482664 0.015644713703530398 0.01654383518074482
0 0.34185521964926385 0.49702409778270623 0.019093302445021863 0.011612300902235617
0 0.49510409453693965 0.488984812542697 0.013398808733348701 0.011612300902235617
0 0.5366404016103206 0.49724741126159544 0.018758332226688025 0.009379166113344084
0 0.5081679330519546 0.45079820765265327 0.023447915283360318 0.013845435691127008
0 0.5292710568069786 0.4501282672159851 0.02612767703003015 0.015185316564461836
0 0.5581456906094763 0.4536766737328384 0.02837197749286588 0.018177717181576368
0 0.5625672974914814 0.45244844959894803 0.029845846453534292 0.020634165449356985
0 0.5664362035132359 0.4546592530399506 0.022108034410025398 0.017195137874464167
0 0.5830172293207547 0.4576069909612873 0.022844968890359568 0.011299662031790732
0 0.6047567964906131 0.45662441165417506 0.020634165449356985 0.018177717181576368
0 0.6255751955600536 0.45637876682739703 0.019528763728855765 0.020634165449356985
0 0.646025127389327 0.4583439254416215 0.023581903370693668 0.022599324063581464
0 0.6655538911181827 0.460800373709402 0.019160296488688573 0.017686427528020302
0 0.5819118276002535 0.4829084081194274 0.01621255856735189 0.018669006835132576
0 0.66592235835835 0.48733001500143236 0.024318837851027838 0.018669006835132507
0 0.633497241223646 0.48511921156043003 0.013264820646015139 0.016212558567351962
0 0.5483813087450485 0.4858561460407641 0.027266575772364517 0.020634165449356912
0 0.721524302753783 0.4854414801547114 0.016078570480018328 0.027690871382254015
0 0.9041985175565569 0.49949303999300326 0.017686427528020517 0.013756110299571347
0 0.8249780609206319 0.49163240553610527 0.014001755126349163 0.01080837237823457
0 0.7826043283014176 0.4950714331109982 0.01252788616568111 0.010808372378234666
