0 0.5896423938227635 0.5214903787849775 0.039450851141237746 0.047567729077308
0 0.09587356158771425 0.5502533508243611 0.03493413738175934 0.03652331782322304
0 0.46693994858685656 0.5250344868578942 0.03242618336397059 0.04236577850541259
0 0.2936002245136336 0.530844495187398 0.03307913985906863 0.034934050117442814
0 0.6642891678155637 0.5186825421900532 0.035764208026960786 0.0369470135059232
0 0.15605707355574064 0.5419882980047488 0.033084719788794424 0.03624486985549428
0 0.24337278627881814 0.5330866595498878 0.033443361170151654 0.041227971494587415
0 0.20525228462967215 0.531599356458078 0.03034204221239277 0.03908312429789624
0 0.37091568591547946 0.5226828581367443 0.03340875962201287 0.044569626353145424
0 0.4099297916187959 0.5306144963682088 0.038241277956495096 0.039266947827308
0 0.5331686854472973 0.5191071838934973 0.044024353890916273 0.04754700220794712
0 0.014184777347334459 0.5520176706750408 0.028310633640663295 0.03515577129289216
0 0.9031211669296286 0.4952325827012462 0.03856633034590721 0.056552197546076106
0 0.8632155773686427 0.500740180919373 0.03864680271522672 0.044188934525633175
0 0.8367004120997283 0.5050242305581087 0.04129416756678293 0.059609566482843185
0 0.3408982838734652 0.5278506383844498 0.03351653397508721 0.031899186380354085
0 0.7895423739564186 0.5015314438763787 0.0400311039943321 0.050993915632659315
0 0.7264772003772212 0.5132833044513379 0.04045093012791054 0.05014014150582108
0 0.3348594624062225 0.534739600369031 0.03176761229711454 0.033165282820169624
0 0.4130575677890001 0.5346526507774381 0.032385288064010385 0.040432541461732724
0 0.5456900429966041 0.5411297083902393 0.039156757386485025 0.02355293677382569
0 0.9155038393239084 0.5112959884767285 0.03415175832205215 0.03925489462304342
