0 0.008006067251124132 0.4969869625562771 0.011085323886171877 0.032828438505880866
0 0.025403867239143892 0.4458356746517652 0.028021235378934462 0.19315337074390374
0 0.052809251291068796 0.4454539486226271 0.01755176281977212 0.19849753515183813
0 0.05727417341188803 0.40499098953398305 0.018475539810286472 0.03053808233105194
0 0.07328630791413629 0.5149280859257704 0.03140841767748704 0.10993709639178716
0 0.11085323886171887 0.48706208579868543 0.048652254833754405 0.15650767194664156
0 0.11839741761758575 0.45576055140935695 0.013240803530705296 0.03588224673898616
0 0.13995221406291994 0.42751282525313417 0.08652711144484164 0.18704575427769352
0 0.18614106358863605 0.5172184421005994 0.01755176281977208 0.0488609317296836
0 0.20107545826861745 0.4908793460900671 0.017859688483276945 0.0771086578859067
0 0.22955858214280928 0.4332387156902062 0.07113082826960292 0.23361632983254763
0 0.23217595028260007 0.3824691538148325 0.017243837156267334 0.07710865788590673
0 0.2840614245831541 0.4649219761086731 0.040954113246135154 0.10306602786730085
0 0.28267575909738285 0.41835140055381825 0.02524990440739149 0.13818482254801026
0 0.3407197466680328 0.44736257876831786 0.07421008490465061 0.1916264666273515
0 0.3636602085991385 0.44354531847693623 0.06528024066301212 0.2023147954432194
0 0.3970701430894066 0.4614864418464293 0.039106559265106366 0.16643254870423344
0 0.43016092189875804 0.49217911354341326 0.05124881990162983 0.16692615135679367
0 0.47002111515558176 0.4444266075582614 0.06196752733203719 0.21426341815946667
0 0.5127284650736078 0.4224189308868435 0.023447172504013947 0.1270631898387537
0 0.5145707429132083 0.5150172685797915 0.11824074134167063 0.10464027398485587
0 0.5420374307036251 0.42158845252188426 0.016413020752809687 0.08553927159079491
0 0.5701740377084417 0.44608756428817953 0.06062768890323622 0.197653850860283
0 0.5723512751552434 0.4452570859232208 0.009378869001605707 0.016609567299183538
0 0.6068521146968636 0.45729902221512886 0.0388553144352234 0.17190902154654894
0 0.6179057817344705 0.4577142613976082 0.03885531443522328 0.17606141337134468
0 0.639510676398883 0.48096765561646515 0.013733343895208257 0.028236264408611978
0 0.643027752274485 0.4942553094558114 0.05828297165283498 0.15779088934224259
0 0.7021481229453209 0.5137715510323525 0.037850435613622724 0.12540223310883525
0 0.7162164264477293 0.43819801982106776 0.01909269761041145 0.025744829313734386
0 0.7018131633381208 0.46394284913480177 0.05727809283123426 0.16692615135679356
0 0.7276050530925356 0.5000686580105258 0.031151243469618686 0.16609567299183464
0 0.7602636147945557 0.47930669888654687 0.05292361793763163 0.13785940858322276
0 0.7828733882805691 0.49176387436093444 0.044549627757626664 0.15779088934224306
0 0.8124226199678879 0.44691804265313906 0.012058545859207187 0.06311635573689721
0 0.8326876762034994 0.510034398390035 0.06263744654643691 0.1611128028020795
0 0.8459185806879078 0.42034273497444535 0.01540814193120923 0.05148965862746866
0 0.8418990654015056 0.44940947774801626 0.10048788216006029 0.15280801915248787
0 0.9175999366287502 0.49840770128060724 0.04957402186563068 0.15945184607216098
0 0.940042230311164 0.49840770128060785 0.015408141931209372 0.03820200478812197
0 0.9554503722423735 0.5478211639956786 0.01004878821600584 0.055642050452264585
0 0.9654991604583794 0.5299658791490564 0.014068303502408503 0.04816774516763209
0 0.9797349437643877 0.49508578782077106 0.025791889754415324 0.10297931725493735
