0 0.01053816306877875 0.5700612910566847 0.020265698209189904 0.012970046853881456
0 0.023710866904752183 0.5811398727443752 0.01742850045990331 0.013510465472793243
0 0.038910140561644616 0.5570912442028031 0.01459130271061674 0.01621255856735182
0 0.04438187907812589 0.5743846400079784 0.017428500459903316 0.015131721329528532
0 0.037694198669093223 0.5668187793432142 0.017833814424087123 0.017293395805175252
0 0.08977704306671129 0.563306058320288 0.014185988746432922 0.014591302710616816
0 0.10355771784896041 0.5678996165810376 0.016617872531535648 0.012970046853881471
0 0.07700965319492163 0.5703315003661404 0.016212558567351928 0.013510465472793172
0 0.061202408591753514 0.5619550117730087 0.013780674782249137 0.011889209616058096
0 0.06748477503660238 0.5543891511082444 0.013375360818065323 0.010808372378234524
0 0.11916230547003664 0.567359197962126 0.013780674782249118 0.0140508840917051
0 0.2636567337015607 0.5660081514148466 0.014185988746432905 0.014591302710616602
0 0.1730663396578248 0.5627884592853458 0.01308674031055844 0.014093412642139782
0 0.20200816919079062 0.5696673868844854 0.018120101968465537 0.014428970086000265
0 0.14274033566893454 0.57990188892223 0.021895123211895857 0.015435642417581831
0 0.36131406566355023 0.6045653610459748 0.02667681678690762 0.015100084973721194
0 0.3772949889274053 0.6134576333082774 0.013338408393453847 0.020804561519349393
0 0.30695375975815364 0.5983575483345561 0.0100667233158142 0.021475676407070238
0 0.4118993503255166 0.5961764249494631 0.021140118963209744 0.025166808289535467
0 0.44184785219006384 0.5884586037406722 0.026173480621116952 0.021140118963209817
0 0.501493187836263 0.5835930208046952 0.027683489118489037 0.014764527529860771
0 0.5228849748823677 0.5931564079547182 0.023153463626372793 0.01510008497372135
0 0.5437734257626826 0.6171487651907426 0.030703506113233133 0.017448987080744587
0 0.5269116642086938 0.6260410374530452 0.017113429636884094 0.021811233850930735
0 0.6433081525477955 0.621007675795138 0.02793515720138437 0.019797889187767766
0 0.6264463909938067 0.6275510459504171 0.016358425388197942 0.025502365733396103
0 0.8125549382949216 0.6275510459504173 0.024160135957954056 0.023489021070233065
0 0.8349533976726083 0.6112765099231844 0.018120101968465575 0.023153463626372783
0 0.8557160145114752 0.6205043396293474 0.021895123211895965 0.023489021070233065
0 0.28201393189494817 0.5621216676051212 0.00739138553684878 0.013063844204662943
0 0.5876391292092988 0.5765606533050119 0.029737434834298426 0.044692098594899435
