0 0.0446046583599122 0.7380133819041217 0.04094853882221447 0.027969314463387462
0 0.12248000451287368 0.7339002474242119 0.04167976272975404 0.03071140411666093
0 0.17512812585572085 0.7352712922508485 0.037292419284516785 0.03125982204731557
0 0.21900156030809356 0.7344486653548665 0.04021731491467495 0.0318082399779702
0 0.2749401892348687 0.7319807846669204 0.03509874756189813 0.030162986186006293
0 0.3736554167527072 0.7306097398402838 0.035098747561898236 0.02851773239404224
0 0.4694457486403875 0.7221092619151367 0.017549373780949083 0.0246788068794595
0 0.4698113605941572 0.7339002474242118 0.02705528457896314 0.029614568255351515
0 0.4994259288495088 0.7270450232910285 0.026324060671423625 0.02687247860207833
0 0.5140504070002997 0.7311581577709384 0.0350987475618981 0.02522722481011428
0 0.5751589097195249 0.7306097398402838 0.03363629974681906 0.026324060671423552
0 0.6175698963568184 0.7262223963950466 0.02339916504126549 0.02632406067142341
0 0.6512061961036373 0.7245771426030825 0.02486161285634431 0.02522722481011428
0 0.6874017795268449 0.7253997694990645 0.02851773239404224 0.022485135156841096
0 0.6932515707871613 0.7179961274352266 0.03144262802420045 0.0208398813648769
0 0.7104353326143404 0.7262223963950466 0.02486161285634438 0.02632406067142341
0 0.7222166950402595 0.7253781210551505 0.02616050086085473 0.011473479655918984
0 0.7747830364778204 0.7215608439844818 0.02193671722618632 0.030162986186006057
0 0.7890419026748415 0.718270336400554 0.010968358613093159 0.01919462757291285
0 0.80732250036333 0.7155282467472808 0.03144262802420045 0.0246788068794595
0 0.8314528893121351 0.7190929632965362 0.028517732394042525 0.02522722481011428
0 0.8636026284212192 0.7153839051575102 0.023639709517092627 0.018292632364416903
0 0.8714825315935834 0.7158060428274581 0.026641577392279316 0.02251400906389776
0 0.8968107917904683 0.7211531199801339 0.03151961268945698 0.026453960650079864
0 0.8960603248216717 0.7127103665811723 0.024014943001490964 0.02082545838410553
0 0.9181991004011713 0.7117253786846267 0.018011207251118294 0.02729823598997598
0 0.9258913868313364 0.7167910307240036 0.02589111042348236 0.023358284403794016
0 0.9474673121842386 0.7108811033447304 0.018011207251118294 0.021669733724001647
0 0.9549719818722044 0.7167910307240036 0.028517744814270572 0.02279543417719651
