0 0.0777034647741832 0.4687293355140881 0.03249417617829481 0.057924401013482056
0 0.13456827308619912 0.45813340849942674 0.03461336158122707 0.06498835235658966
0 0.12609153147447003 0.4206944663809567 0.0572180058791713 0.07487788423694014
0 0.19002029112959348 0.4736741014542634 0.029668595641051745 0.0339069664469163
0 0.24335312377005563 0.428464812858375 0.057218005879171266 0.0706395134310756
0 0.28609002939585637 0.45601422309649453 0.031081385909673288 0.06357556208796808
0 0.29138799290318707 0.41857528097802443 0.04167731292433459 0.06498835235658952
0 0.35708274039408744 0.4249328371868211 0.05156684480468528 0.05509882047623904
0 0.3680318649759042 0.45813340849942674 0.03390696644691637 0.05933719128210356
0 0.4623356154063902 0.448950271753387 0.04732847399882068 0.06357556208796801
0 0.48599985240580046 0.41574970044078136 0.06357556208796808 0.062162771819346575
0 0.5287367580316013 0.4327031836642396 0.06145637668503589 0.0791162550428048
0 0.6125422688305503 0.44117992527596855 0.04309010319295631 0.06498835235658959
0 0.586052451293897 0.4235200469181997 0.014127902686215207 0.05509882047623897
0 0.622431800710901 0.41857528097802443 0.055805215610549866 0.0734650939683187
0 0.7474637394839047 0.4355287642014825 0.06710753775952184 0.0678139328938326
0 0.8954535201220082 0.4093921442319845 0.05227323993899589 0.06357556208796808
0 0.9099346203753789 0.4432991106789009 0.02896220050674117 0.05509882047623904
0 0.9639738481501517 0.40515377342611997 0.0678139328938326 0.08900578692315535
