0 0.0839080459770115 0.6439655172413794 0.167816091954023 0.12586206896551722
0 0.01264367816091954 0.46034482758620693 0.02528735632183908 0.12068965517241381
0 0.6459770114942529 0.4491379310344827 0.11954022988505762 0.17068965517241375
0 0.4551724137931034 0.6482758620689656 0.128735632183908 0.10689655172413787
0 0.5448275862068965 0.6189655172413794 0.14712643678160922 0.1
0 0.7839080459770115 0.6206896551724138 0.22988505747126425 0.11724137931034477
0 0.9195402298850575 0.5362068965517242 0.10114942528735639 0.09310344827586213
0 0.7827586206896552 0.5310344827586206 0.14022988505747122 0.07241379310344825
0 0.1994085260491125 0.5730117831597142 0.1727160461842707 0.091853533652544
0 0.06594612672490334 0.514720117572523 0.12561166995219683 0.1260042064207974
0 0.25750392340200357 0.4334650685721957 0.09106846071534275 0.0812550490003273
0 0.35485296761495605 0.47644781188396307 0.1632951709378559 0.09891919008735499
0 0.4357154801466827 0.5441603527175691 0.1585847333146485 0.09774158068155316
0 0.5628972959732821 0.5435715480146682 0.07693714784572059 0.05181481385528123
0 0.6374792250073988 0.5700677596452098 0.116190794705782 0.06005807969589397
0 0.8046997606312609 0.47468139777526025 0.10834006533376965 0.0435715480146682
