0 0.5779723522709864 0.47710026759727325 0.02001725739123774 0.045698936312806374
0 0.60249496160769 0.5023793737872754 0.020140644148284315 0.045685891544117646
0 0.13108419156542012 0.5906106387867647 0.05779412213493796 0.08125638276143791
0 0.7213540769090839 0.4774828543070875 0.0354461669921875 0.04869448593239379
0 0.17664391012752756 0.531902956495098 0.020423201018688726 0.06374751072303922
0 0.7480715583352482 0.469732666015625 0.031412700578278184 0.04749444699754902
0 0.07639664294672947 0.5859163969949959 0.03269029505112592 0.0747186000051062
0 0.853845095166973 0.4472723069533804 0.019623161764705882 0.04095774133220997
0 0.4754869947246478 0.4927658180785335 0.015829766965379903 0.04695095486111111
0 0.8604890307049021 0.4585458932793898 0.0381610136922808 0.049286219721855914
0 0.10635873009176816 0.5636982238370609 0.026964456894818474 0.03521038379544526
0 0.4423044092514935 0.4925758311951083 0.02041042552274816 0.05108638588899101
0 0.19249699910481768 0.5583407732396344 0.0250396728515625 0.054455526513991014
0 0.6913606531479779 0.504757710375817 0.02755150888480392 0.06246752770118464
0 0.7657815970626533 0.49171160529641544 0.036654124540441174 0.03933133393331291
0 0.21744668249990418 0.541736498158971 0.024302867814606315 0.07430136668246796
0 0.5343217438342525 0.5159339256535947 0.02620897480085784 0.04851568882761439
0 0.3578379462747013 0.4994217218137254 0.02178676829618566 0.0508825763378268
0 0.5376565970626532 0.4881050059997958 0.0434948491115196 0.04176887063419118
0 0.2694406845990349 0.5278082953559028 0.02493794759114583 0.06433967141544118
0 0.6739124073701745 0.48147624894684443 0.022221404430912986 0.0618679869408701
0 0.3677863476323146 0.5338362560815145 0.038601594812729775 0.05541640927794401
0 0.2538642883300781 0.5757519541455435 0.03734486897786458 0.06349781505450182
0 0.24483150407379747 0.5590289346532884 0.02885900759229473 0.05247890497344772
0 0.4004171184464997 0.5309003642961091 0.0298432892444087 0.04604137146395016
0 0.32008497948740045 0.5040984309576695 0.028527383243336396 0.05297432693780637
0 0.020181858773325 0.5609718671811172 0.015764705807554954 0.04808975917841095
0 0.3418394051346125 0.5165548686108558 0.021050815956265317 0.03867678174785539
0 0.02168358126107384 0.5832781682951099 0.04334358888513901 0.08412837414303523
0 0.42044130213120406 0.5105086981081495 0.018331430472579655 0.04200750612745099
0 0.2962749271697102 0.5170148741905068 0.02682596842447917 0.05210962233200571
0 0.30565327990532165 0.5546989595652478 0.04344965696050316 0.0699783254017344
0 0.237897626724339 0.5016416226827851 0.0464610193241024 0.028106048726926076
0 0.2374674321009677 0.5211437789422849 0.04129868384364656 0.038430719687837754
0 0.3028570148534081 0.5093851259034688 0.015487006441367406 0.0321211985450585
0 0.4990257631107292 0.5105323115657925 0.01634739568811007 0.03556275553202901
0 0.4755801561369924 0.5145474613839247 0.02882303976587842 0.0470346121552641
0 0.504833390526242 0.48328665208560895 0.03226459675284893 0.045313833661778775
0 0.7631652618607186 0.4663656635663371 0.008603892467426419 0.02294371324647038
0 0.6889566893291662 0.468660034890984 0.026241872025650537 0.033268384207381915
