0 0.159869398120978 0.3688571343538854 0.21411080105488103 0.1766414108702768
0 0.19769563964067363 0.2864244759477563 0.07279767235865954 0.07172711835338515
0 0.3211662015823217 0.2735778278844634 0.07137026701829367 0.04389271421625061
0 0.3589924431020173 0.3383463452035649 0.16415161414207544 0.10277318450634286
0 0.7872140452117793 0.4111440175622245 0.1184746432503674 0.14131312869622142
0 0.6922915900774487 0.38652127544091314 0.17128864084390485 0.08778542843250114
0 0.6359090791329968 0.3024827860268723 0.1727160461842706 0.08885598243777562
0 0.6473283218559237 0.26554867284490535 0.0870717257623184 0.05352770026372028
0 0.7679440731168401 0.2992711240110491 0.12275685927146512 0.03318717416350658
0 0.7377338752156481 0.1434596510953771 0.04914971923762053 0.028402091854526593
0 0.7792291299818358 0.1525241484957579 0.0483439861353645 0.023567693240990176
