0 0.0324513893086908 0.6179095168534688 0.054141696152323504 0.03840991836893302
0 0.08272582145013406 0.5951315420067744 0.03362838270330651 0.04823571144005521
0 0.06254879182815011 0.6027242002890069 0.03362838270330652 0.026797617466697198
0 0.10962852761277926 0.6098702316134595 0.041026626898033935 0.03573015662226318
0 0.16410650759213585 0.6018309463734504 0.034300950357372656 0.026797617466697544
0 0.16561978481378464 0.6132199337967955 0.03194696356814112 0.024564482677805845
0 0.1963897549873101 0.6029475137678962 0.03093811208704203 0.047789084482276964
0 0.19823931603599187 0.5953548554856649 0.04001777541693481 0.03439027574892838
0 0.21740749417687666 0.5962481094012219 0.04405318134133157 0.026350990508919096
0 0.28231027279425824 0.6022775733312287 0.03127439591407505 0.03483690270670671
0 0.36402724276329307 0.5828493006678731 0.031946963568141126 0.04421606882005072
0 0.38033700837439677 0.5685572380189678 0.022867300238248445 0.036176783580041484
0 0.48761154919794464 0.5723535671600832 0.030938112087041888 0.03840991836893288
0 0.54360280639895 0.5640909684411849 0.03732750480067026 0.03796329141115464
0 0.5412488196097182 0.5830726141467611 0.030601828260009276 0.033943648791149986
0 0.5737002089184093 0.5640909684411849 0.03093811208704203 0.03796329141115464
0 0.5646205455885166 0.5629744010467392 0.013451353081322566 0.025011109635584318
0 0.6312047433410635 0.5404197396789355 0.012778785427256523 0.016525197437796634
0 0.6550808950604111 0.5377399779322658 0.02152216493011622 0.02009821310002316
0 0.6875322843691021 0.5357301566222635 0.015132772216488065 0.017865078311131554
0 0.6863552909744862 0.5491289653556122 0.02959297677890987 0.037516664453376404
0 0.722001376639991 0.5350602161855961 0.010761082465058252 0.01831170526890986
0 0.7421784062619746 0.5359534701011525 0.020849597276050232 0.014738689606683265
0 0.7631961454515417 0.6036174542045636 0.03732750480067026 0.022331347888914478
0 0.8040546304360585 0.5397497992422662 0.02623013850857781 0.04287618794671568
0 0.7147712743587803 0.5337203353122613 0.0272389899896784 0.015631943522240163
0 0.9705751651346065 0.5330612663317124 0.03329209887627328 0.014313805561143183
0 0.8053347237633439 0.5355863021394083 0.01497991593147276 0.01339880873334863
0 0.9683943949990967 0.5363606352939896 0.020311109520100245 0.015378665721629475
