0 0.4423360052665262 0.5961531669241062 0.040947356256653716 0.03144171998278764
0 0.3126693771204562 0.6447781524788826 0.05069672679395218 0.05703381764319616
0 0.34143002020548685 0.6721982571150346 0.038022545095464155 0.04167855904695102
0 0.3584914186457592 0.6784134808325624 0.0682455937610895 0.07458268461033356
0 0.45403524991128436 0.6875535157112797 0.044847104471572974 0.06361464275587267
0 0.4681718371903672 0.6546493901478972 0.03412279688054475 0.044603370208140515
0 0.49790741732912763 0.6626926208411686 0.03704760804173418 0.04606577578873534
0 0.534467556843997 0.6535525859624512 0.03412279688054475 0.04094735625665351
0 0.6017382135513567 0.6513589775915591 0.02827317455816555 0.04972178974022235
0 0.6168497378841693 0.6374661245759087 0.05264660090141177 0.040947356256653716
0 0.6782707722691498 0.6327133064389757 0.050696726793952394 0.05484020927230425
0 0.9107932595837189 0.5804323069327125 0.022423552235786702 0.030710517192490273
