0 0.12572839168981417 0.4619545292286144 0.014267051539269725 0.015455972500875532
0 0.13776621642607295 0.4577933058629941 0.016050432981678374 0.02377841923211612
0 0.16407109270160147 0.43520380759248384 0.012483670096860956 0.021400577308904545
0 0.17009000506973088 0.4586849965841985 0.01827965978468928 0.023183958751313228
0 0.17108034452023455 0.4538272584779229 0.011388987423346358 0.015631943522240094
0 0.22367066879862818 0.4676726941690499 0.013398808733348738 0.012058927860013852
0 0.2335522902394728 0.4661094998168258 0.009714136331677814 0.012505554817792088
0 0.25381798844866277 0.4600800358868189 0.019428272663355593 0.015631943522240094
0 0.2554928395403313 0.4603033493657081 0.012728868296681241 0.006252777408896008
0 0.26721679718201136 0.4598567224079295 0.008039285240009306 0.012505554817792081
0 0.28195548678869503 0.4446714058434679 0.01540863004335101 0.023224601804471164
0 0.29434938486704254 0.44824442150569427 0.008039285240009164 0.016078570480018543
0 0.297364116832046 0.4578469010979275 0.012728868296681206 0.01116567394445731
0 0.2921720784478734 0.4705757693946087 0.01440371938834982 0.014292062648905314
0 0.3060733425087227 0.4368554340823478 0.008709225676676589 0.01741845135335332
0 0.30858561914622556 0.443331524970133 0.015073659825017209 0.020544840057801394
0 0.32349179386207594 0.45114749673125315 0.01674851091668586 0.012058927860013781
0 0.33555072172208983 0.440205136265685 0.01406874917001609 0.021438093973357865
0 0.33638814726792404 0.46990582895794136 0.016413540698352092 0.015631943522240236
0 0.3399053345604281 0.4652162459012692 0.012058927860013781 0.010719046986678932
0 0.34292006652543155 0.45985672240792974 0.012728868296681241 0.011612300902235546
0 0.35531396460377906 0.46521624590126925 0.012058927860013781 0.014292062648905243
0 0.3662004966996249 0.4567303337034818 0.015073659825017245 0.013398808733348701
0 0.3682103180096273 0.4654395593801584 0.015743600261684774 0.015631943522240094
0 0.37742199901380447 0.46164323023904286 0.007369344803341775 0.012505554817792088
0 0.3817766118521428 0.44824442150569427 0.01406874917001609 0.010719046986678932
0 0.3866336800179817 0.45874015501348403 0.013733778951682468 0.016525197437796634
0 0.39450548014882403 0.45271069108347717 0.011388987423346392 0.012505554817792088
0 0.4184558507596849 0.4683426346057173 0.015073659825017316 0.01607857048001847
0 0.4236478891438575 0.44511803280124623 0.012058927860013852 0.01250555481779223
0 0.4362092723313718 0.4634297380701561 0.016413540698352234 0.01339880873334863
0 0.4341994510213696 0.4549438258723686 0.014403719388349856 0.010719046986678861
0 0.4335295105847021 0.4473511675901377 0.011723957641680088 0.008039285240009235
0 0.44709580442721775 0.44511803280124623 0.0160785704800184 0.01250555481779223
0 0.4609970684880669 0.4431082114912439 0.014403719388349856 0.012058927860013852
0 0.4767406687497517 0.4455646597590245 0.016413540698352092 0.012505554817792159
0 0.4948290605397724 0.44668122715347025 0.00971413633167785 0.01116567394445731
0 0.5117450565656252 0.4446714058434679 0.010719046986679004 0.014292062648905243
0 0.5246414099714732 0.4495843023790292 0.012393898078347548 0.015185316564461928
0 0.5328481803206493 0.4402051362656851 0.006699404366674244 0.008932539155565848
0 0.537872733595655 0.43998182278679593 0.0053595234933396085 0.010272420028900697
0 0.5460795039448312 0.44243827105457656 0.008374255458343072 0.013398808733348701
0 0.5365328527223202 0.4531573180412555 0.011388987423346392 0.010719046986679004
0 0.5598132828965136 0.4513708102101423 0.006364434148340692 0.014292062648905243
0 0.5584734020231786 0.4395351958290176 0.01105401720501277 0.009379166113344155
0 0.5690249639006908 0.44109839018124164 0.0046895830566721485 0.014292062648905314
0 0.5814188619790382 0.4393118823501284 0.006029463930007068 0.014292062648905314
0 0.5988373133323917 0.4381953149556827 0.006029463930006855 0.009379166113344155
0 0.6065416283540671 0.4361854936456804 0.009379166113344155 0.011612300902235475
0 0.6052017474807322 0.4397585093079068 0.009379166113344155 0.008039285240009235
0 0.6237925945982536 0.4352922397301239 0.014403719388349785 0.010719046986678932
0 0.6360190075674343 0.4390885688712393 0.009379166113344084 0.011165673944457381
0 0.6438908076982767 0.43640880712456953 0.007704315021675398 0.010272420028900626
0 0.6502552418466172 0.43573886668790207 0.005024553275005701 0.008932539155565777
0 0.4628394046889024 0.4562837067457035 0.015408630043350939 0.008932539155565777
0 0.5162671545131303 0.4589634684923732 0.006364434148340621 0.010719046986679004
0 0.5742170022848634 0.45918678197126234 0.016413540698352165 0.013845435691126937
0 0.5933103047298853 0.4500309293368075 0.00904419589501039 0.014292062648905314
0 0.6145809135940765 0.44511803280124623 0.006699404366674386 0.014292062648905243
0 0.6219502583974181 0.45226406412569886 0.010719046986678861 0.012505554817792088
0 0.636353977785768 0.45449719891459034 0.016078570480018328 0.014292062648905243
0 0.6531024887024537 0.4397585093079068 0.011388987423346321 0.008039285240009235
0 0.6663338123266357 0.44578797323791364 0.013733778951682468 0.016525197437796707
0 0.6715258507108084 0.4442247788856896 0.012728868296681241 0.008932539155565848
0 0.6780618074627452 0.4350242635554572 0.006632410323007463 0.01473868960668355
0 0.6931689643095958 0.4342873290751231 0.004421606882005023 0.009334503417566253
0 0.7021964116936894 0.4323221704608986 0.008474746523843066 0.009334503417566253
0 0.7101669034632394 0.45414754805808805 0.0201334466316284 0.012751182866697946
0 0.6877684440855526 0.4476041779028088 0.012080067978977099 0.013757855198279429
0 0.6901592908730586 0.44391304602034365 0.009815055232918866 0.013757855198279358
0 0.6989676737743961 0.4413963651913901 0.010821727564500349 0.012751182866697946
0 0.702491026934931 0.44408082474227384 0.011828399896081691 0.009395608428093212
0 0.7159552693698324 0.43485299503611086 0.00906005098423293 0.009731165871953778
0 0.7292936777632864 0.4316651993194364 0.014596748807930595 0.01073783820353519
0 0.7226244735665595 0.44726862045894833 0.009311719067128053 0.013757855198279429
0 0.7383537287475189 0.4417319226352505 0.01258340414476791 0.012751182866698017
0 0.762513864705473 0.442738594966832 0.012583404144767768 0.012080067978977028
0 0.773461426311421 0.450624194897553 0.016861761553988826 0.011744510535116532
0 0.7727064220627349 0.4303229695439945 0.00830504673554671 0.010737838203535119
0 0.7640238732028451 0.43250409292908754 0.009563387150023459 0.00838893609651187
0 0.7529504775554495 0.43049074826592476 0.009060050984232787 0.00838893609651187
0 0.7554671583844033 0.43401410142645974 0.007550042486860491 0.008053378652651376
0 0.7480429499389902 0.4413963651913901 0.006795038238174413 0.008724493540372294
0 0.603245267315473 0.45582533527739044 0.010318391398709537 0.02147567640707031
0 0.5111347489757732 0.4605231394914371 0.009311719067128053 0.01610675730530268
0 0.653956386018887 0.4509597523414136 0.014093412642139924 0.015100084973721338
0 0.6441413307859682 0.44944974384404146 0.012080067978977028 0.01677787219302367
0 0.7828104444613087 0.42898073976855255 0.011073395647395614 0.012751182866697946
0 0.7835654487099947 0.43669856097734355 0.011576731813186285 0.0100667233158142
0 0.8031955591758326 0.4293162972124131 0.017113429636884094 0.008053378652651376
0 0.796778023062001 0.43451743759225037 0.012835072227663318 0.016442314749163175
0 0.8009305464297742 0.4375374545869946 0.01308674031055844 0.009060050984232787
0 0.7936321720258089 0.44777195662473906 0.012583404144767768 0.008053378652651304
0 0.8195539845640305 0.4328396503729481 0.01610675730530261 0.00771782120879088
0 0.8206864909370596 0.454147548058088 0.012331736061872505 0.01610675730530268
0 0.8372965844081528 0.44961752256597165 0.020385114714523665 0.014428970086000348
0 0.8211898271028503 0.4459263906835065 0.014848416890826001 0.013086740310558368
0 0.8359124099522286 0.42898073976855255 0.015100084973721267 0.014093412642139924
0 0.8398132652371065 0.43149742059750607 0.015855089222407484 0.017113429636884163
0 0.845098294977909 0.4328396503729481 0.011325063730290878 0.015771199861442185
0 0.8395615971542112 0.4407252503036691 0.01384174455924466 0.010737838203535119
0 0.8632183969463746 0.4274707312711804 0.015351753056616815 0.014428970086000348
0 0.8552908523351708 0.435691888645762 0.01359007647634911 0.011408953091256108
0 0.8632183969463747 0.4375374545869946 0.009311719067128053 0.014428970086000277
0 0.8779409797957528 0.45012085873176233 0.019126774300046917 0.01610675730530268
0 0.8939219030596078 0.45515422038966946 0.01434508072503533 0.013422297754418935
0 0.8834776776194506 0.4267996163834594 0.008556714818442118 0.014428970086000348
0 0.8756759670496947 0.4279740674369711 0.009060050984232787 0.012080067978977028
0 0.8980744264273812 0.44508749707385525 0.010570059481604943 0.014764527529860771
0 0.9097769922820151 0.45230198211685546 0.012835072227663034 0.012415625422837522
0 0.9047436306241081 0.44038969285980867 0.013338408393453847 0.013422297754418864
0 0.9141811837326839 0.43820856947471554 0.008053378652651447 0.016442314749163175
0 0.9073861454945095 0.43585966736769227 0.009060050984232787 0.011744510535116603
0 0.9306654431623297 0.4447519396299948 0.02139178704610515 0.009395608428093212
0 0.9451363579288125 0.45129530978527405 0.014596748807930595 0.01778454452460508
0 0.9369571452347136 0.4288129610466224 0.005788365906593214 0.010402280759674696
0 0.9458913621774987 0.4333429865387387 0.016106757305302893 0.011408953091256108
0 0.9669056470992607 0.44609416940543667 0.018371770051360842 0.014093412642139853
0 0.9536930727472546 0.44122858646945984 0.006543370155279291 0.013757855198279358
0 0.963256459897278 0.430658526987855 0.015603421139511938 0.011408953091256108
0 0.9800329454892922 0.43591374480699197 0.016223231789949024 0.009151566650740212
0 0.9958401969769362 0.4419038607370468 0.008319606046127604 0.014476113673947567
0 0.9558020928799479 0.5057984355944626 0.001455931058072224 0.00027732020153756307
0 0.4815574704645143 0.4559796891266504 0.01562660790031444 0.010626093372213888
