0 0.37768820455599567 0.5727612257192792 0.017232921880881876 0.017232921880881876
0 0.5744307293627309 0.5804203021107823 0.014360768234068106 0.022977229174509325
0 0.5245270597493432 0.5938236857959126 0.01651488346917836 0.021062460076633132
0 0.5453501736887423 0.5689316875235275 0.012206652998958054 0.019147690978757532
0 0.5737126909510276 0.5483479197213633 0.012924691410661424 0.014360768234068146
0 0.5521715385999252 0.5469118428979565 0.01579684505747501 0.013403383685130521
0 0.499754734545576 0.5478692274468944 0.012924691410661424 0.013403383685130237
0 0.398870337701246 0.5799416098363133 0.019387037115992233 0.018190306429819735
0 0.2420207216997327 0.561023734307132 0.014565767930873115 0.015105240817201776
0 0.22125101557608026 0.566778111761304 0.01510524081720181 0.013666646453658799
0 0.203178673884071 0.562462328670675 0.01456576793087315 0.012228052090115824
0 0.23419836484796755 0.5534711138985311 0.008631566181258172 0.012947349271887206
0 0.2927311730146245 0.5527518167167595 0.012407876385558616 0.01150875490834423
0 0.3554761141424777 0.5478243456805938 0.011146134015054371 0.011889209616058168
0 0.3144583409670764 0.5686304625086954 0.015604587621075224 0.01426705153926968
0 0.4297093666827403 0.549310496882601 0.008916907212043555 0.011294749135255203
0 0.43550535637056853 0.5662526205854838 0.007133525769634801 0.014267051539269531
0 0.4219070728722022 0.5490132666421996 0.012037824736258713 0.010700288654452378
0 0.41834030998738475 0.5570384831330387 0.013821206178667467 0.014861512020072638
0 0.40897755741473885 0.563280318181469 0.009362752572645388 0.011889209616058096
0 0.3367506089971862 0.5617941669794619 0.017387969063484974 0.012483670096860919
0 0.3541385780606711 0.5626858577006664 0.009362752572645761 0.011889209616058096
0 0.47028129449753847 0.5585246343350461 0.014267051539269673 0.013078130577663884
0 0.4736251347020548 0.5543634109694257 0.012037824736258784 0.011889209616058096
0 0.4584663924415808 0.5834919745287679 0.007579371130237007 0.010700288654452378
0 0.47028129449753847 0.5855725862115781 0.0062418350484304596 0.008916907212043483
0 0.4609185419248927 0.5481215759209949 0.008025216490839128 0.01129474913525516
0 0.2883763873718499 0.5698193834703011 0.00891690721204359 0.01664489346248118
0 0.2803511708810107 0.5704138439511041 0.007133525769634837 0.014267051539269745
0 0.2676445781038486 0.5701166137107027 0.007579371130237042 0.018428274904890005
0 0.2620715110963214 0.5680360020278925 0.009808597933247896 0.013078130577663813
0 0.20210531009532842 0.5718999951531114 0.014712896899871876 0.014861512020072609
0 0.38534775330282356 0.5585246343350461 0.01560458762107629 0.015455972500875603
0 0.39894603680119006 0.5515532341510848 0.009727535140411091 0.011889209616058096
0 0.23945499189486547 0.5699274671940836 0.010132849104594967 0.011889209616058096
0 0.3235576394630036 0.556957420340202 0.008106279283675945 0.01297004685388174
0 0.32984000590785245 0.5539851179361875 0.011754104961330114 0.011348790997146451
0 0.28742138660944005 0.5528160303378961 0.008827738139923156 0.011770317519897447
0 0.30581250773427987 0.5662211141800014 0.013241607209884699 0.011116410991014262
0 0.2736690838046838 0.5641756297074205 0.01337536081806526 0.011889209616058096
0 0.2546193274880453 0.5657968855641556 0.011754104961330149 0.010808372378234737
0 0.6075355752689913 0.5514690927586284 0.015743600261684705 0.011612300902235617
0 0.6016735964481512 0.5474494501386238 0.01540863004335101 0.016078570480018328
0 0.25078940590933724 0.5554456846001478 0.012180735212135103 0.007308441127280824
