0 0.43807870370370366 0.8419868466597437 0.12152777777777779 0.18864659051574934
0 0.4768518518518519 0.745932848736587 0.08101851851851855 0.1176877812391831
0 0.4872685185185186 0.6732433367947388 0.037037037037036896 0.12807199723087578
0 0.1082175925925926 0.8584285219799236 0.11689814814814813 0.1419176185531326
0 0.08622685185185185 0.763239875389408 0.059027777777777776 0.06922810661128423
0 0.1892361111111111 0.7329525787469712 0.10763888888888888 0.14710972654897886
0 0.2465277777777778 0.679300796123226 0.06712962962962965 0.1159570785739012
0 0.32754629629629634 0.7234337140879197 0.0925925925925926 0.148840429214261
0 0.20486111111111113 0.49325025960539975 0.0462962962962963 0.05884389061959155
0 0.0896990740740741 0.6100726895119416 0.07986111111111113 0.06749740394600194
0 0.5694444444444445 0.46382831429560395 0.07407407407407404 0.08653513326410525
0 0.32465277777777773 0.6308411214953271 0.07986111111111108 0.11249567324333683
0 0.3668981481481481 0.612668743509865 0.05787037037037031 0.1142263759086189
0 0.45949074074074076 0.6585323641398406 0.025462962962962975 0.0744202146071305
0 0.4253472222222222 0.6221876081689165 0.04050925925925924 0.1124956732433369
0 0.40104166666666663 0.5737279335410176 0.03587962962962962 0.11595707857390103
0 0.4444444444444444 0.5668051228798892 0.04166666666666671 0.11595707857390103
0 0.8096064814814815 0.44998269297334714 0.06597222222222214 0.1142263759086189
0 0.9890046296296297 0.4595015576323987 0.021990740740740762 0.0744202146071305
0 0.802662037037037 0.7822776047075112 0.11689814814814824 0.10038075458636214
0 0.9253472222222223 0.7744894427137416 0.11689814814814824 0.12634129456559365
0 0.859375 0.7346832814122533 0.03356481481481495 0.09518864659051574
0 0.6875 0.6334371754932502 0.0740740740740742 0.13153340256143992
0 0.6568287037037037 0.6074766355140185 0.09837962962962962 0.05884389061959148
0 0.9859861506948455 0.27725458869723424 0.02802769861030896 0.04943298868245261
0 0.9432259438406561 0.2718814377534894 0.035932946936293744 0.0472837283049547
0 0.8868112171506749 0.267045601904119 0.02371574497795379 0.046209098116205674
0 0.8871705466200379 0.2358813264303989 0.020122450284324456 0.033313535851218073
0 0.8541122354386478 0.23426938114727544 0.03737026481374528 0.03223890566246908
0 0.8232099010734352 0.24071716227976928 0.031620993303938576 0.03438816603996703
0 0.7197230138969093 0.23910521699664586 0.02443440391667977 0.033313535851218073
0 0.7434387588748632 0.2358813264303989 0.027309039671583265 0.037612056606214
0 0.7247536264679906 0.2665082868097446 0.04311953632355241 0.04083594717246093
0 0.7790123763417938 0.2740306981309873 0.03090233436521274 0.053731509437448574
0 0.8512375996837449 0.2756426434141107 0.01293586089706664 0.03546279622871589
0 0.8390203977254044 0.269194862281617 0.012935860897065651 0.035462796228716086
