0 0.10015758403830746 0.32383066376054565 0.04035125687874255 0.025940093707763037
0 0.2539967508885135 0.3254519196172808 0.02377841923211612 0.023778419232116228
0 0.282458798151198 0.3259923382361922 0.024498977390665 0.01945507028082219
0 0.03818958240309564 0.3038351748608115 0.014411163170979483 0.015131721329528424
0 0.2176085638817904 0.31248187276339856 0.024498977390664797 0.017293395805175305
0 0.322449775950666 0.3281540127118394 0.029542884500507967 0.020535907518645792
0 0.3664038236221536 0.3284242220212953 0.01945507028082226 0.02539967508885134
0 0.11997293339840422 0.29978203521897356 0.012249488695332555 0.010267953759322913
0 0.1844628885885374 0.3084287331215612 0.017293395805175357 0.014591302710616781
0 0.08502586270877897 0.3038351748608115 0.010087814219685649 0.007565860664764195
0 0.06681539288363215 0.29946269694416205 0.009170740199714218 0.014247399953127415
0 0.058954758426734255 0.29823447281027177 0.014411163170979489 0.012773530992459037
0 0.10630607725607277 0.29380347808480417 0.007764965643052246 0.011924768666116031
0 0.10020503282224597 0.2931101775809602 0.005176643762034843 0.010538167658428072
0 0.0972469506725118 0.3019844240301628 0.014050890211237463 0.008874246449202601
0 0.02754714001939972 0.2976859609063303 0.011462568330220017 0.013588689875341444
0 0.008319606046127432 0.29976586241786213 0.013681129942520666 0.009428886852277784
0 0.008874246449202596 0.3094998010686742 0.01774849289840519 0.009373423658284353
0 0.01996705451070584 0.30212308413093164 0.011092808061503246 0.016361891890717288
0 0.14605530614312603 0.30184576392939405 0.017008972360971642 0.014697970681491838
0 0.15992131622000508 0.2997658624178622 0.012941609405087089 0.01331136967380388
0 0.1645433195789648 0.2990725619140182 0.005176643762034843 0.014143330278416641
0 0.17286292562509226 0.3000431826193998 0.012202088867653593 0.01109280806150327
0 0.17323268589380902 0.29837926141017423 0.004067362955884519 0.009983527255352911
0 0.18377085355223713 0.29629935989864237 0.010353287524069698 0.01691653229379242
0 0.006285924568185172 0.29463543868941694 0.012571849136370343 0.009706207053815313
0 0.2015193464506423 0.29934988211555585 0.01774849289840521 0.011370128263040761
0 0.20577158954088517 0.3066988674563017 0.01516017101738779 0.01442065047995424
0 0.21778879827418038 0.2986565816117119 0.007395205374335454 0.015529931286104528
0 0.2482940204433143 0.3039256654409259 0.010723047792786463 0.01663921209225489
0 0.23683145211309423 0.29782462100709917 0.011462568330220045 0.013866010076879078
0 0.2684459550883785 0.30891742906860237 0.011092808061503234 0.015529931286104599
0 0.2880432493303675 0.30170710382862526 0.026622739347607796 0.013311369673803917
0 0.28231196516525736 0.3132158921924349 0.011462568330220003 0.01580725148764221
0 0.2922954924206105 0.29324883768172905 0.008504486180485778 0.010260847456890439
0 0.28508516718063337 0.2974086407047927 0.005916164299468392 0.010815487859965672
0 0.29543845470470304 0.29810194120863664 0.012571849136370333 0.010538167658428072
0 0.3263134371425537 0.29380347808480417 0.009244006717919145 0.01081548785996559
0 0.3083800641097902 0.31321589219243484 0.014790410748670874 0.0163618918907173
0 0.30394294088518886 0.31224527148705333 0.005916164299468392 0.0022185616123006112
0 0.3497932142060673 0.30725350785937683 0.018488013435835643 0.01552993128610452
0 0.3797437959721276 0.3211195179362559 0.013311369673804075 0.01663921209225481
0 0.3069010230349231 0.3011524634255501 0.008134725911769074 0.01220208886765363
0 0.3815925973157115 0.29824060130940544 0.011092808061503043 0.011370128263040733
0 0.3754915528818848 0.30974938967321514 0.017378732629688472 0.013866010076879114
0 0.412837340022279 0.3133545522932037 0.014420650479954205 0.019412414107630695
0 0.4455611238037136 0.3240313800524005 0.01922753397327247 0.015807251487642057
0 0.47181410288260445 0.32708190226931394 0.01700897236097204 0.017471172696867626
0 0.4279975110396668 0.3125225916885909 0.012941609405087106 0.013311369673803917
0 0.45942713388059253 0.3215354982385623 0.012202088867653386 0.019689734309168268
0 0.362919703745514 0.2944967785886481 0.011462568330219865 0.010538167658428072
0 0.3444316903096757 0.3017071038286252 0.015160171017387827 0.011092808061503171
0 0.3915405148463952 0.3050873758842496 0.010354600790511849 0.01515307432757771
0 0.3260034683796213 0.3020567610187341 0.01565817680516364 0.010607152029304387
0 0.3325698005882382 0.310201538469807 0.018688791670679234 0.007197710305599307
0 0.48107201619882006 0.32006825618537754 0.010227281570954644 0.017845562741155552
0 0.4756452953652523 0.30464906381692297 0.008974961378592852 0.008296621274396827
0 0.48201125634309144 0.3109889347907545 0.011688321795376736 0.009392401442713486
0 0.5018396593888198 0.2973699526988201 0.005844160897688439 0.009705481490803898
0 0.5084143403987192 0.3119281749350259 0.013566802083919355 0.012523201923617968
0 0.49621370579737706 0.3052538775461878 0.01918326840117951 0.010217794296770085
0 0.5052835399178147 0.3288344975319101 0.018993522917487057 0.010018561538894346
0 0.5330433041818347 0.32100749632964903 0.01314936201979871 0.01408860216407017
0 0.5546458275000753 0.3341568583494477 0.021706883334271083 0.015340922356431932
0 0.587936672613693 0.32100749632964887 0.010227281570954644 0.010018561538894381
0 0.6031732349540948 0.3224163565460558 0.013984242148039954 0.017845562741155552
0 0.5728044702893211 0.3204596062454902 0.009601121474773747 0.01737594266901983
0 0.524485782867362 0.3026923135163576 0.015236562340401818 0.008766241346532517
0 0.5533935073077134 0.3004224831677018 0.01836736282130623 0.00860970132248731
0 0.5533935073077135 0.31834631592088003 0.015027842308341447 0.01471476226025107
0 0.5539153073878643 0.32312078665425936 0.02275048349457258 0.015810542428567692
0 0.5661254292633917 0.3199899861733549 0.007096481090050233 0.017062862620929452
0 0.5371133448070102 0.32578196706302814 0.017115042628944508 0.019567503005653002
0 0.5711347100328389 0.303631553660629 0.007096481090050162 0.015340922356431967
0 0.5915892731747481 0.30887564446614396 0.019619683013668093 0.015497462380477174
0 0.5600725483336426 0.3058231139972615 0.01586272243658269 0.011583961779345495
0 0.30063354848269186 0.3114585548628905 0.012940641987738515 0.01565400240452241
0 0.40875052508992654 0.2954914724102774 0.005844160897688368 0.01001856153889431
0 0.45070325153404656 0.29611763250645823 0.0062616009618088955 0.012523201923617897
0 0.41657752629218775 0.3004224831677018 0.013984242148039954 0.009235861418668173
0 0.6303068391219349 0.32163365642582853 0.013149362019800522 0.02035020312587933
0 0.6609886838347976 0.3243731068466211 0.013566802083919497 0.02363754363082883
0 0.6456477614783656 0.3208509563056036 0.0133580820518592 0.01565400240452238
0 0.6425169609974611 0.3185811259569478 0.010436001603014944 0.015497462380477174
0 0.6345855997791696 0.33439166838551543 0.024211523718994668 0.01518438233238676
0 0.6855132876018826 0.32593850708707334 0.023376643590753473 0.017689022717110276
0 0.6217493178074619 0.31654610564435914 0.010227281570955305 0.020193663101833965
0 0.7142122920101738 0.3245296468706663 0.011062161699195912 0.019254422957562623
0 0.6999149698140431 0.3226511665821237 0.012105761859497194 0.020506743149924348
0 0.6866612477782141 0.31944209608919655 0.01523656234040189 0.013149362019798865
0 0.7452072167711279 0.33580052860192255 0.027133604167838853 0.01988058305374345
0 0.7658704999450976 0.34143596946755056 0.03172544487316543 0.010175101562939588
0 0.7866381431350972 0.32523407697886986 0.015236562340401747 0.01377552211597976
0 0.775889061483992 0.32116403635369406 0.02170688333427108 0.010957801683165585
0 0.7702536206183638 0.32601677709909593 0.021289443270150487 0.014401682212160516
0 0.7987439049945945 0.33204356802483714 0.01523656234040189 0.009862021514849105
0 0.7384238157291683 0.32312078665425936 0.015236562340401605 0.01925442295756259
0 0.8695499799623135 0.3418273195276636 0.0292208044884417 0.021602523318240897
0 0.9161989071277901 0.33752246886642 0.022333043430451907 0.027394504207914137
0 0.8894827430240733 0.32813006742370654 0.016071442468641065 0.02019366310183385
0 0.843564335970807 0.32617331712314124 0.011897041827438289 0.018471722837336467
0 0.8153871316426684 0.3246861868947116 0.010644721635077726 0.02144598329419589
0 0.8223792527166878 0.326408127159209 0.010018561538894348 0.017689022717110297
0 0.8727851404592479 0.32977373767618146 0.017741202725125475 0.014401682212160623
0 0.9443761114559304 0.34253174963586747 0.01690632259688412 0.014245142188115784
0 0.9639957944695985 0.33619187866203554 0.02609000400753729 0.011897041827436965
0 0.9752666762008544 0.3443319599123872 0.03151672484110461 0.011270881731256139
0 0.9891465583328645 0.34466069372402103 0.021706883334271083 0.017501175165978326
0 0.7228197974239233 0.30543176393714905 0.01586272243658257 0.010801261659120414
0 0.7252200777926169 0.31834631592088003 0.009809841506834118 0.014714762260251035
0 0.7039306345224664 0.303631553660629 0.010644721635075315 0.010644721635075207
0 0.8674627796417105 0.31365011519952335 0.012105761859497334 0.016280162500703278
0 0.8267623733899522 0.3088756444661441 0.014610402244220779 0.008296621274396827
0 0.8428338158585953 0.30770159428580485 0.008766241346532554 0.0068877610579898985
0 0.9168250672239716 0.31591994554818004 0.013149362019799014 0.01487130228429627
0 0.9038844252362326 0.30676235414153363 0.00563544086562826 0.012523201923617933
0 0.9026321050438707 0.3205378762575132 0.009809841506833976 0.01001856153889431
0 0.8750810608119117 0.302300963456245 0.013984242148039526 0.008609701322487309
0 0.9667091548863823 0.313728385211546 0.017741202725125332 0.012679741947663139
0 0.9250695084903527 0.3203030662214454 0.011688321795376736 0.011427421755301346
0 0.6662566687355824 0.29510012235016425 0.010853441667135541 0.00954894146675869
0 0.6612473879661355 0.2953349323862321 0.009601121474773676 0.007513921154170797
0 0.6240952222594022 0.2952566623742095 0.007096481090050162 0.007983541226306415
0 0.628895782996789 0.2941608822058929 0.006679041025929564 0.008609701322487347
0 0.6348443039105075 0.2937695321457799 0.006470320993869123 0.005948520913718518
0 0.5950831378030207 0.29478704230207387 0.006679041025929422 0.008296621274396827
0 0.5567830119199558 0.2918910518572372 0.011062161699195841 0.007513921154170688
0 0.42938778723744975 0.2957429603508575 0.012501286320251595 0.011667867232234848
0 0.4909218965693548 0.29543042819285126 0.007778578154823208 0.00812583610816354
0 0.45952977758738983 0.2953262508068491 0.007778578154823137 0.007084062248142544
0 0.4484175230804995 0.3053272798630504 0.011667867232234883 0.0091676099681845
0 0.4414723640136926 0.3158491958492622 0.012223479957578444 0.01604331744432283
0 0.40660766549832467 0.31053614916315525 0.009167609968184536 0.013751414952276733
0 0.46036319667540654 0.3054314572490525 0.011667867232234811 0.012292931548247345
0 0.39799566825548466 0.3002225879489477 0.009167609968184548 0.012709641092255803
0 0.6498271360178859 0.29928499147492865 0.010556641781545669 0.011251157688226439
0 0.6698291941302885 0.3107445039351594 0.01277909268292376 0.011251157688226456
0 0.6142679215958371 0.3093901979171321 0.015557156309646486 0.011459512460230635
0 0.5838481248832249 0.2964722020528722 0.011390060869562504 0.009792674284197033
0 0.675663127746406 0.30116018442296655 0.011667867232234811 0.009584319512192857
0 0.7484483947665376 0.31678679232328105 0.013890318133612993 0.012084576776243168
0 0.7665058083402343 0.31762021141129787 0.01389031813361285 0.014584834040293487
0 0.882767771118574 0.31386982551522236 0.02083547720041949 0.01625167221632708
0 0.8563761666647096 0.31366147074321815 0.00861199724283992 0.015001543584301906
0 0.9793034259809167 0.3080358918991049 0.01416812449628523 0.007917481336159327
0 0.9951383886532355 0.3242042218887061 0.009723222693529153 0.015168228037753514
0 0.943883114740204 0.32022464606135026 0.013890318133612993 0.011876222004239061
0 0.21154954517492405 0.2992849914749289 0.004722708165428351 0.008750900424176073
0 0.31294886755029794 0.298972459316922 0.010278835418873733 0.012292931548247378
0 0.3342010542947257 0.32147477469337543 0.015557156309646346 0.017293446076348074
0 0.6808731305050547 0.3077184287303413 0.016697602564823905 0.00782700120226124
0 0.8085694523462342 0.30482538728126435 0.006386768277835273 0.008319606046127425
0 0.8578103693934583 0.3339440084427104 0.02016874193000603 0.019664523381755714
0 0.9262160191060618 0.3291539322343339 0.011092808061503458 0.01159702660975334
0 0.3730530292982368 0.2966485903509731 0.00780612919905522 0.0077487311902385515
0 0.5233210163800487 0.32178891821263605 0.014923482292311335 0.007404343137339104
0 0.6183721189803087 0.2950988441129254 0.004821432740592826 0.007059955084439622
0 0.6288185565849268 0.3081855901231061 0.013775522115979726 0.005338014819942103
0 0.6330660092373538 0.3043973215412117 0.014923482292311264 0.0074043431373391755
0 0.7754130711024775 0.3103380154537279 0.017219402644974763 0.005854596899291345
0 0.9319948391541135 0.30809949310988116 0.014923482292311406 0.007920925216688381
0 0.9430152568468972 0.31190498083167334 0.01308674601018069 0.0054757705665963744
0 0.8323518958485269 0.3250606047151811 0.00941327344591944 0.012570163930831406
0 0.7981426825938438 0.3082716871363304 0.018596954856572378 0.008265313269587854
0 0.9271045288029407 0.3006090529593173 0.005739800881658255 0.006026790925741103
0 0.9561479212641312 0.3264381569267792 0.009183681410653151 0.01566965640692686
0 0.9633800703750204 0.32428573159615703 0.00987245751645246 0.013775522115979665
0 0.8043875859530871 0.32144453015973623 0.01285715397491457 0.010848223666334344
0 0.6868364638967279 0.31369579896949795 0.006428576987457007 0.008437507296037587
0 0.7304589505973305 0.2974234634699969 0.005510208846392004 0.007232149110889381
0 0.7167982244989838 0.29794004554934617 0.009413273445919402 0.008609701322487347
0 0.8458289483186604 0.302847575303164 0.008035721234321613 0.005338014819942103
0 0.8621299828225696 0.30224489621058986 0.008035721234321471 0.0048214327405928965
0 0.8501911969887206 0.3012117320518914 0.007117353093256185 0.005165820793492379
0 0.914821354916192 0.301470023091566 0.015612258398110299 0.007404343137339069
0 0.8951912359009211 0.3019005081576904 0.013086746010180832 0.006198984952190827
0 0.9843877416018896 0.31309311987692395 0.014234706186512227 0.011020417692783795
0 0.6044736417908972 0.296878419568094 0.009487274184559026 0.010388565232092155
0 0.44447879554659053 0.2986572834776988 0.007400073863955967 0.012807820149154629
0 0.5347027730417468 0.3037092569809765 0.012143710956235622 0.013519365712996603
0 0.6389679163300506 0.2998669109362301 0.011574474505161945 0.011527038134239227
