0 0.07679180887372014 0.5785795546887698 0.1217292377701934 0.18462538599057368
0 0.10693970420932879 0.36665041443198443 0.13651877133105803 0.1872257435397367
0 0.16951080773606372 0.517471152283439 0.1342434584755404 0.17682431334308468
0 0.2593856655290102 0.4316593531610596 0.136518771331058 0.13521859255647647
0 0.36689419795221845 0.46026328620185275 0.12400455062571102 0.16642288314643267
0 0.4357224118316269 0.4381602470339672 0.10238907849829353 0.1378189501056395
0 0.4078498293515358 0.32894522996912073 0.10352673492605227 0.09621322931903134
0 0.5312855517633674 0.47196489517308626 0.12741751990898748 0.1586218104989436
0 0.6473265073947668 0.42905899561189664 0.11604095563139943 0.1716235982447587
0 0.7298065984072809 0.669592068909475 0.13538111490329924 0.17422395579392166
0 0.8594994311717861 0.36535023565740304 0.13310580204778147 0.13781895010563974
0 0.7531285551763368 0.46026328620185275 0.1296928327645048 0.1352185925564765
0 0.8515358361774744 0.53567365512758 0.1399317406143345 0.17682431334308468
0 0.9197952218430036 0.4992686494392979 0.09442548350398183 0.1508207378514546
