0 0.03747047230600265 0.3280981254273319 0.06715487244452424 0.06569498391312148
0 0.03163091818039185 0.3704348928380103 0.0632618363607837 0.03211754769085942
0 0.11533119398081336 0.36897500430660757 0.10608523328192959 0.03941699034787291
0 0.23260890600349696 0.3288280696930333 0.08175375775855123 0.06715487244452423
0 0.5893083371762236 0.3076596859876941 0.19173202712422138 0.06131531831891344
0 0.6749551310185153 0.3248133762316759 0.129443449784373 0.06496503964742019
0 0.5649768616528452 0.37736936336217314 0.1430690760774646 0.03284749195656083
0 0.48419636291522905 0.3704348928380103 0.13333648586811328 0.027737882096651418
0 0.3289615490760752 0.3726247256351143 0.15766796139149167 0.02189832797104046
0 0.2802985980293185 0.39634791427040816 0.13041670880530798 0.02846782636235261
0 0.15620807286008898 0.41058182745158445 0.0924596069888377 0.027737882096651206
0 0.04525654447348373 0.42773551769556617 0.0749409446120053 0.0343073804879635
0 0.35864594921459675 0.4222609357028062 0.08078049873761611 0.030657659159456615
0 0.28419163411305903 0.443794291540996 0.08175375775855123 0.024088160768144604
0 0.3367476212435563 0.4536485391279642 0.0545025051723675 0.030657659159456684
0 0.4335868938266021 0.46642256377773783 0.04963621006769188 0.024088160768144604
0 0.4700841071116696 0.45802820472217237 0.050609469088626964 0.03357743622226216
0 0.5240999827735695 0.4981751393357466 0.0691013904863945 0.026277993565248466
0 0.5717896747993911 0.4828463097560182 0.03990361985834056 0.02189832797104046
0 0.588821707665756 0.49781016720289584 0.06812813146545948 0.04160682314497698
0 0.7445356082579654 0.49781283149946576 0.18666825776419785 0.055572992769494005
0 0.8172079834180731 0.3818576446631175 0.14961959591786866 0.037404898979467235
0 0.842144582737718 0.31399447080037 0.14819464738531762 0.06412268396480086
0 0.9012799468385897 0.5101030125927193 0.10117134581113021 0.0352674761806405
0 0.9804213977496135 0.5048128911656231 0.03915720450077316 0.03996980633805919
0 0.02785126677259026 0.5330328978000488 0.04533927149026321 0.11755825393546829
0 0.08225839256090613 0.5111728919029577 0.08161068868247379 0.09132624685895883
0 0.19366345965126652 0.46988176965289485 0.10233721279230962 0.11755825393547077
0 0.33032897800048905 0.5417769001588852 0.10363262054917297 0.07480979795893433
0 0.23446880399250403 0.5325471198912246 0.09845098952171433 0.0738382421412858
0 0.05052090251772186 0.6340747028354925 0.09326935849425574 0.10589958412368632
0 0.134722406713925 0.6039564724883891 0.09586017400798509 0.09618402594720116
0 0.25325221646704166 0.5898689131324859 0.115291290360955 0.07772446541187981
0 0.2921144491729815 0.6709938239061354 0.08679231970993243 0.07286668632363728
0 0.19172034801597015 0.6816809379002688 0.12954077568646635 0.08452535613541919
0 0.49484576312230133 0.6248449225678319 0.14508566876884224 0.09909869340014665
0 0.7008155964637828 0.5937551364030799 0.16840300839240627 0.11658669811781969
0 0.8491397846247867 0.6219302551148863 0.11010965933349638 0.10881425157663173
0 0.9741192390124667 0.6640155470071878 0.05176152197506653 0.09326935849425581
0 0.025908155137293266 0.7859458021220743 0.05181631027458653 0.11561514230017124
0 0.014897189203943634 0.7198800065219761 0.029794378407887265 0.0398337885235884
0 0.15609663470219193 0.8427818174545112 0.14379026101197762 0.16322137736494752
0 0.12176832914527835 0.7874031358485469 0.10104180503544374 0.054407125788315795
0 0.17617545493359407 0.7393111228749456 0.10363262054917292 0.0845253561354192
0 0.32644275472989515 0.7733155764926437 0.1994927945571582 0.15253426337081422
0 0.47541464676933143 0.9093333909634334 0.12176832914527828 0.0845253561354194
0 0.5220493260164594 0.8588124884457115 0.13472240671392505 0.07092357468834024
0 0.521401622138027 0.732996010060231 0.12047292138841371 0.10881425157663173
0 0.5822857867106661 0.7519413485043768 0.1282453679296016 0.10589958412368616
0 0.6684304025421661 0.787403135848547 0.11399588260409033 0.16322137736494752
0 0.955335826537929 0.7767160218544135 0.08932834692414175 0.11075736321192878
0 0.8756956436405124 0.783516912577953 0.11399588260409033 0.07189513050598877
0 0.7804831735109596 0.8252938127368384 0.09197395073739102 0.1573920424590567
0 0.8718094203699184 0.8588124884457116 0.08549691195306763 0.13310314701784434
0 0.9462679722398764 0.8991320548781242 0.10746405552024711 0.09521247012955286
