0 0.12974759322841503 0.680602810219828 0.02299324436959255 0.062045262584614846
0 0.14288659001103934 0.6667338691715026 0.04270173954352899 0.037227157550768906
0 0.15082473390054152 0.6247620738936748 0.03448986655438878 0.04233676741067839
0 0.23650194208723754 0.6371711264105977 0.026277993565248643 0.03941699034787284
0 0.2521045007666039 0.6568796215845342 0.038869532148596876 0.059855429787510774
0 0.3539317258319422 0.6444705690676114 0.0465339469384611 0.049636210067691734
0 0.45384284719981466 0.6514050395917741 0.04270173954352906 0.04890626580199047
0 0.5074937507288639 0.6360762100120457 0.04379665594208113 0.05328593139619855
0 0.5217276639100402 0.6287767673550322 0.028467826362352823 0.0401469346135741
0 0.5778421293358316 0.620017436166616 0.033394950155836794 0.044526600207782326
0 0.5751048383394515 0.6583395101159369 0.038869532148597015 0.04963621006769195
0 0.6126057249898583 0.6587044822487875 0.027372909963800752 0.043066711676379724
0 0.6476430497435232 0.6473903461304167 0.026277993565248677 0.043796655942080986
0 0.6542125481348353 0.6127179935096025 0.03613224115221676 0.037227157550768906
0 0.6766583343051519 0.636806154277747 0.01751866237683245 0.037227157550768906
0 0.6944507257816221 0.6583395101159369 0.03011020096018072 0.04963621006769195
0 0.7108744717599026 0.6484852625289688 0.03667969935149301 0.04452660020778225
0 0.7998364291422547 0.6203824082994668 0.033942408355112835 0.03941699034787298
0 0.7924457434520285 0.6327914608163896 0.038869532148596876 0.03941699034787277
0 0.7642516461893137 0.6349812936134936 0.041606823144976914 0.04525654447348373
0 0.7910770979538385 0.660529342913041 0.05146107073194514 0.05693565272470544
0 0.92034483200534 0.632484884224795 0.04215428134425295 0.0452565444734838
0 0.9781016720289594 0.6839459549567403 0.03613224115221683 0.03868704608217158
0 0.9236295812009963 0.688690592683799 0.04653394693846124 0.03211754769085928
