0 0.008680555555555556 0.2734375 0.017361111111111112 0.11631944444444443
0 0.33796296296296297 0.29079861111111116 0.05555555555555557 0.060763888888888895
0 0.38541666666666674 0.2777777777777778 0.04629629629629626 0.12152777777777782
0 0.33449074074074076 0.5842013888888888 0.12037037037037038 0.10590277777777779
0 0.44155092592592593 0.43229166666666674 0.03587962962962969 0.05902777777777778
0 0.5034722222222221 0.3515625 0.06018518518518512 0.06423611111111115
0 0.5445601851851852 0.32291666666666663 0.02199074074074083 0.0798611111111111
0 0.31539351851851843 0.42708333333333337 0.10069444444444438 0.05555555555555554
0 0.23842592592592596 0.4305555555555556 0.050925925925925916 0.07638888888888892
0 0.19675925925925924 0.4383680555555556 0.043981481481481406 0.1440972222222222
0 0.18344907407407407 0.41840277777777773 0.07523148148148147 0.07291666666666664
0 0.5034722222222221 0.5564236111111112 0.06018518518518512 0.06423611111111108
0 0.6354166666666666 0.5277777777777777 0.09259259259259252 0.07638888888888892
0 0.7112268518518522 0.4427083333333332 0.05671296296296311 0.05555555555555546
0 0.8061342592592592 0.5720486111111112 0.07291666666666657 0.0538194444444445
0 0.8478009259259259 0.5086805555555556 0.08449074074074076 0.05208333333333329
0 0.9103009259259259 0.484375 0.1168981481481481 0.052083333333333356
0 0.974476851851852 0.3697222222222223 0.05104629629629613 0.06932291666666672
0 0.9821793981481483 0.5511171875 0.03564120370370347 0.053147569444444404
