0 0.07002314814814815 0.609375 0.09375 0.07291666666666678
0 0.1585648148148148 0.6319444444444444 0.09027777777777776 0.06597222222222221
0 0.25810185185185186 0.5329861111111112 0.043981481481481524 0.05902777777777778
0 0.28761574074074076 0.6076388888888888 0.10532407407407408 0.06597222222222221
0 0.4207175925925926 0.5286458333333333 0.09375 0.07812500000000007
0 0.5225694444444444 0.5434027777777778 0.08449074074074069 0.05555555555555557
0 0.4409722222222222 0.6345486111111112 0.10879629629629634 0.0711805555555555
0 0.5277777777777777 0.6067708333333334 0.0925925925925926 0.03993055555555557
0 0.5613425925925926 0.6336805555555555 0.11574074074074069 0.05208333333333329
0 0.6238425925925926 0.6736111111111112 0.111111111111111 0.07638888888888892
0 0.7065972222222223 0.625 0.10300925925925938 0.07638888888888885
0 0.8825231481481478 0.6267361111111112 0.10532407407407401 0.04513888888888893
0 0.8344907407407408 0.5859374999999999 0.03240740740740779 0.04340277777777796
0 0.7835648148148148 0.5989583333333334 0.09490740740740733 0.05555555555555557
0 0.9259259259259259 0.556423611111111 0.125 0.06770833333333333
0 0.7413194444444444 0.5034722222222222 0.09375 0.05902777777777786
