0 0.053582775397583805 0.46113776729406003 0.10009969030317853 0.11217053531032661
0 0.02355286830663024 0.5242888954412124 0.04710573661326048 0.07065860491989077
0 0.40098758292037984 0.3277696505077664 0.11187612445649364 0.06447597698940022
0 0.6106081108493887 0.3224702551387745 0.09303382981118938 0.05917658162040842
0 0.9798896917475912 0.30922176671629503 0.040220616504817744 0.05917658162040848
0 0.2743909157722423 0.4726197905935423 0.1907782332837049 0.1457333726472747
0 0.5617359091131312 0.48675151157752056 0.1130537678718251 0.06800890723539489
0 0.4557480017332949 0.49911676743850025 0.07772446541188009 0.09097295383435924
0 0.3927440790130593 0.5278218256872069 0.08361268248853733 0.10775437250283332
0 0.6106081108493889 0.5278218256872069 0.1024549771338414 0.07772446541187988
0 0.7030531189529126 0.5419535466711851 0.10598790737983606 0.07595800028888255
0 0.6318056923253562 0.5808157793771249 0.10952083762583072 0.07065860491989064
0 0.27733502431057105 0.5821406282193728 0.11894198494848268 0.08920648871136208
0 0.5075643120078809 0.595389116641852 0.09892204688784684 0.08390709334237093
0 0.39745465267438534 0.6134953841525744 0.13778427959378697 0.07595800028888249
0 0.10363262054917306 0.7035409437973601 0.1476764842825716 0.08161068868247384
0 0.3620664680436734 0.7730071847592277 0.10233721279230842 0.10007024921779503
0 0.35235090986718776 0.7088845007944264 0.11399588260409024 0.09812713758249751
0 0.8782864591542417 0.6331031470178441 0.13472240671392513 0.09424091431190419
0 0.9495338857817981 0.6782804925384991 0.09845098952171441 0.06995201887069172
0 0.9352570063065268 0.7414316206856515 0.12948598738694642 0.06606579560009777
0 0.8413673380835988 0.9022241085064779 0.11010965933349652 0.09618402594720124
0 0.892535944479753 0.8589898746211196 0.12694996017273696 0.07772446541187975
0 0.6593625482441134 0.6675933785443656 0.08808772746679708 0.06800890723539474
0 0.5602638548439668 0.6773089367208507 0.12047292138841385 0.07966757704717686
0 0.7047018197343768 0.7594054033121487 0.19690197904342865 0.1214444772060621
0 0.5473097772753203 0.7380311753238817 0.10492802830603772 0.06315112814715221
0 0.49873198639289534 0.801182303471034 0.1010418050354437 0.08063913286482531
0 0.5265832531654856 0.8215849756416526 0.16192596960808303 0.11561514230017124
